1 0.179000 0.035000 0.350000 0.070000
1 0.433000 0.048000 0.162000 0.096000
1 0.582000 0.062000 0.140000 0.120000
1 0.708000 0.071000 0.132000 0.142000
1 0.824000 0.082000 0.112000 0.160000
1 0.179000 0.232000 0.346000 0.368000
1 0.421000 0.237000 0.174000 0.330000
1 0.575000 0.255000 0.138000 0.290000
1 0.700000 0.261000 0.120000 0.270000
1 0.812000 0.267000 0.120000 0.246000
1 0.175000 0.574000 0.334000 0.356000
1 0.417000 0.549000 0.166000 0.302000
1 0.564000 0.533000 0.132000 0.274000
1 0.690000 0.518000 0.120000 0.256000
1 0.802000 0.449000 0.108000 0.122000
1 0.174000 0.851000 0.324000 0.298000
1 0.417000 0.835000 0.174000 0.330000
1 0.565000 0.750000 0.130000 0.212000
1 0.644000 0.737000 0.032000 0.186000
1 0.521000 0.908000 0.282000 0.184000
1 0.827000 0.702000 0.346000 0.432000
1 0.741000 0.932000 0.178000 0.136000
1 0.922000 0.951000 0.156000 0.098000
1 0.923000 0.886000 0.154000 0.140000
1 0.918000 0.782000 0.164000 0.164000
1 0.950000 0.716000 0.100000 0.044000
1 0.971000 0.698000 0.058000 0.028000
1 0.976000 0.642000 0.048000 0.104000
1 0.952000 0.442000 0.096000 0.116000
1 0.867000 0.479000 0.034000 0.030000
1 0.867000 0.442000 0.030000 0.052000
1 0.869000 0.390000 0.030000 0.056000
1 0.894000 0.393000 0.020000 0.054000
1 0.896000 0.441000 0.028000 0.046000
1 0.900000 0.478000 0.032000 0.036000
