1 0.088023 0.134740 0.176046 0.198052
1 0.266955 0.137446 0.233766 0.207792
1 0.594517 0.147727 0.435786 0.202381
1 0.891631 0.150000 0.204618 0.200000
1 0.187590 0.321970 0.375180 0.176407
1 0.578644 0.332792 0.409812 0.176407
1 0.880808 0.340368 0.226263 0.182900
1 0.189755 0.490801 0.379509 0.163420
1 0.576479 0.495671 0.399711 0.164502
1 0.862049 0.505411 0.263781 0.170996
1 0.176046 0.633117 0.216450 0.132035
1 0.380231 0.637446 0.203463 0.125541
1 0.575758 0.646645 0.199134 0.135281
1 0.774892 0.647727 0.202020 0.141775
1 0.917605 0.653139 0.152670 0.133117
1 0.566378 0.768939 0.183261 0.117965
1 0.751804 0.775974 0.193362 0.112554
1 0.913276 0.781926 0.161328 0.117965
1 0.124820 0.837662 0.246753 0.307359
1 0.271284 0.846212 0.326118 0.298485
1 0.448773 0.765693 0.046176 0.135281
