1 0.162000 0.083062 0.109333 0.132465
1 0.358000 0.070033 0.365333 0.138979
1 0.728333 0.054560 0.375333 0.109121
1 0.199333 0.235613 0.397333 0.213898
1 0.639333 0.192182 0.520000 0.220413
1 0.144667 0.406080 0.288000 0.176982
1 0.415333 0.379479 0.309333 0.182410
1 0.717333 0.358306 0.316000 0.185668
1 0.218333 0.532030 0.436667 0.166124
1 0.652000 0.508686 0.452000 0.156352
1 0.202667 0.661781 0.281333 0.128122
1 0.462000 0.647123 0.274667 0.118350
1 0.740000 0.635179 0.281333 0.122693
1 0.280667 0.756786 0.392000 0.120521
1 0.671333 0.742128 0.402667 0.106406
1 0.252667 0.857763 0.261333 0.090119
1 0.500000 0.848534 0.244000 0.091205
1 0.748000 0.839848 0.249333 0.108578
1 0.342667 0.915309 0.350667 0.107492
1 0.692000 0.931596 0.369333 0.077090
1 0.035333 0.599349 0.064000 0.105320
