1 0.017000 0.053993 0.034000 0.107987
1 0.124000 0.128796 0.212000 0.178853
1 0.249000 0.189539 0.066000 0.043870
1 0.086000 0.199663 0.172000 0.250844
1 0.325000 0.284027 0.334000 0.172103
1 0.065000 0.341957 0.130000 0.186727
1 0.296000 0.363892 0.348000 0.109111
1 0.045000 0.467942 0.090000 0.141732
1 0.163000 0.474128 0.218000 0.113611
1 0.034000 0.597863 0.068000 0.145107
1 0.162000 0.591676 0.248000 0.123735
1 0.018000 0.723847 0.032000 0.113611
1 0.151000 0.722160 0.246000 0.137233
1 0.132000 0.857143 0.260000 0.157480
1 0.443000 0.244094 0.158000 0.092238
1 0.571000 0.332958 0.194000 0.098988
1 0.569000 0.421822 0.194000 0.092238
1 0.435000 0.465692 0.346000 0.128234
1 0.535000 0.567492 0.534000 0.181102
1 0.543000 0.747469 0.558000 0.190101
1 0.257000 0.865579 0.030000 0.149606
1 0.544000 0.903825 0.580000 0.192351
1 0.768000 0.316648 0.204000 0.095613
1 0.770000 0.407762 0.212000 0.100112
1 0.637000 0.474128 0.062000 0.012373
1 0.772000 0.505624 0.216000 0.104612
1 0.935000 0.313836 0.130000 0.087739
1 0.934000 0.403825 0.128000 0.096738
1 0.937000 0.502250 0.122000 0.104612
1 0.839000 0.611924 0.082000 0.107987
1 0.940000 0.609674 0.120000 0.116985
1 0.848000 0.722722 0.076000 0.120360
1 0.939000 0.726097 0.118000 0.120360
1 0.864000 0.817773 0.088000 0.071991
1 0.928000 0.880765 0.140000 0.188976
