1 0.791815 0.060000 0.142349 0.085333
1 0.926157 0.063333 0.133452 0.086667
1 0.659253 0.056000 0.137011 0.093333
1 0.651246 0.140667 0.145907 0.086667
1 0.785587 0.140667 0.133452 0.086667
1 0.509786 0.139333 0.144128 0.092000
1 0.370107 0.134667 0.135231 0.093333
1 0.222420 0.130000 0.170819 0.092000
1 0.790925 0.222667 0.133452 0.085333
1 0.913701 0.221333 0.137011 0.082667
1 0.903025 0.142000 0.126335 0.086667
1 0.902135 0.294667 0.131673 0.066667
1 0.973310 0.293333 0.049822 0.069333
1 0.965302 0.359333 0.065836 0.065333
1 0.884342 0.361333 0.120996 0.066667
1 0.766014 0.365333 0.126335 0.072000
1 0.648577 0.368667 0.122776 0.068000
1 0.527580 0.374000 0.122776 0.073333
1 0.400356 0.375333 0.135231 0.070667
1 0.269573 0.374000 0.140569 0.070667
1 0.125445 0.377333 0.154804 0.074667
1 0.529359 0.302667 0.129893 0.080000
1 0.641459 0.299333 0.154804 0.076000
1 0.778470 0.298667 0.133452 0.072000
1 0.668149 0.221333 0.126335 0.074667
1 0.540036 0.220667 0.133452 0.081333
1 0.397687 0.219333 0.144128 0.086667
1 0.256228 0.218667 0.153025 0.082667
1 0.397687 0.300667 0.140569 0.076000
1 0.259786 0.300667 0.145907 0.078667
1 0.115658 0.300667 0.160142 0.078667
1 0.026690 0.302667 0.046263 0.080000
1 0.032918 0.378667 0.062278 0.074667
1 0.034698 0.471333 0.069395 0.076000
1 0.130783 0.483333 0.122776 0.060000
1 0.256228 0.484667 0.131673 0.081333
1 0.371886 0.487333 0.117438 0.062667
1 0.099644 0.217333 0.160142 0.090667
1 0.075623 0.128667 0.147687 0.092000
1 0.364769 0.047333 0.145907 0.092000
1 0.514235 0.050667 0.153025 0.090667
1 0.211744 0.043333 0.167260 0.084000
1 0.070285 0.042667 0.137011 0.085333
1 0.488434 0.486000 0.115658 0.068000
1 0.601423 0.482667 0.113879 0.064000
1 0.712633 0.478667 0.112100 0.064000
1 0.820285 0.479333 0.117438 0.062667
1 0.921708 0.470000 0.099644 0.065333
1 0.907473 0.522000 0.103203 0.060000
1 0.810498 0.532667 0.108541 0.049333
1 0.707295 0.535333 0.104982 0.054667
1 0.602313 0.540000 0.108541 0.056000
1 0.489324 0.543333 0.117438 0.065333
1 0.378114 0.548667 0.115658 0.060000
1 0.260676 0.554000 0.137011 0.070667
1 0.139680 0.544000 0.129893 0.069333
1 0.046263 0.545333 0.085409 0.069333
1 0.048043 0.623333 0.085409 0.089333
1 0.145907 0.608667 0.120996 0.070667
1 0.264235 0.618667 0.119217 0.069333
1 0.383452 0.607333 0.115658 0.068000
1 0.491103 0.598667 0.113879 0.056000
1 0.599644 0.596000 0.103203 0.069333
1 0.704626 0.589333 0.103203 0.064000
1 0.806050 0.582667 0.106762 0.064000
1 0.905694 0.574667 0.096085 0.061333
1 0.978648 0.464000 0.039146 0.058667
1 0.973310 0.520667 0.046263 0.054667
1 0.972420 0.574667 0.055160 0.064000
1 0.964413 0.622667 0.067616 0.056000
1 0.890569 0.628667 0.097865 0.052000
1 0.798932 0.636667 0.103203 0.060000
1 0.703737 0.642667 0.104982 0.058667
1 0.603203 0.652000 0.110320 0.064000
1 0.495552 0.660000 0.112100 0.066667
1 0.386121 0.664000 0.124555 0.074667
1 0.268683 0.674000 0.120996 0.060000
1 0.151246 0.670000 0.128114 0.068000
1 0.059609 0.704000 0.097865 0.082667
1 0.161922 0.724667 0.120996 0.060000
1 0.069395 0.776667 0.099644 0.065333
1 0.167260 0.771333 0.124555 0.054667
1 0.274021 0.726000 0.117438 0.060000
1 0.387900 0.720667 0.110320 0.052000
1 0.496441 0.712000 0.106762 0.058667
1 0.599644 0.704000 0.099644 0.064000
1 0.695730 0.695333 0.106762 0.057333
1 0.789146 0.687333 0.101423 0.052000
1 0.879004 0.676667 0.106762 0.054667
1 0.958185 0.670000 0.080071 0.049333
1 0.686833 0.744667 0.096085 0.052000
1 0.775801 0.729333 0.096085 0.050667
1 0.866548 0.722000 0.106762 0.054667
1 0.953737 0.713333 0.081851 0.045333
1 0.943060 0.751333 0.092527 0.046667
1 0.853203 0.763333 0.094306 0.052000
1 0.770463 0.772667 0.099644 0.052000
1 0.677936 0.779333 0.103203 0.057333
1 0.587189 0.749333 0.103203 0.050667
1 0.586299 0.792000 0.104982 0.053333
1 0.494662 0.762000 0.106762 0.049333
1 0.390569 0.768667 0.104982 0.046667
1 0.281139 0.770000 0.117438 0.044000
1 0.483096 0.798667 0.104982 0.048000
1 0.841637 0.799333 0.081851 0.049333
1 0.920819 0.790667 0.072954 0.050667
1 0.672598 0.817333 0.092527 0.050667
1 0.758007 0.812000 0.088968 0.048000
1 0.578292 0.836667 0.096085 0.046667
1 0.485765 0.842667 0.099644 0.045333
1 0.387011 0.811333 0.101423 0.044000
1 0.391459 0.848667 0.099644 0.046667
1 0.282918 0.814000 0.110320 0.046667
1 0.176157 0.820000 0.106762 0.053333
1 0.285587 0.858000 0.104982 0.041333
1 0.181495 0.862667 0.113879 0.050667
1 0.082740 0.840667 0.090747 0.076000
