1 0.111000 0.180000 0.166000 0.189333
1 0.245000 0.185333 0.150000 0.189333
1 0.373000 0.190667 0.130000 0.194667
1 0.506000 0.193333 0.128000 0.184000
1 0.630000 0.194667 0.144000 0.186667
1 0.752000 0.192000 0.160000 0.186667
1 0.872000 0.189333 0.164000 0.186667
1 0.082000 0.429333 0.164000 0.298667
1 0.212000 0.410667 0.184000 0.261333
1 0.359000 0.413333 0.154000 0.256000
1 0.510000 0.414667 0.152000 0.253333
1 0.652000 0.412000 0.164000 0.248000
1 0.791000 0.409333 0.182000 0.248000
1 0.913000 0.421333 0.174000 0.282667
1 0.102000 0.726667 0.204000 0.370667
1 0.260000 0.724000 0.200000 0.370667
1 0.436000 0.721333 0.176000 0.360000
1 0.608000 0.714667 0.188000 0.357333
1 0.770000 0.709333 0.212000 0.357333
1 0.907000 0.698667 0.186000 0.352000
