1 0.056000 0.124000 0.112000 0.176000
1 0.163000 0.158000 0.102000 0.124000
1 0.312000 0.185000 0.200000 0.178000
1 0.161000 0.280000 0.110000 0.120000
1 0.312000 0.283000 0.200000 0.126000
1 0.276000 0.401000 0.120000 0.134000
1 0.465000 0.195000 0.106000 0.114000
1 0.546000 0.295000 0.268000 0.206000
1 0.563000 0.401000 0.078000 0.078000
1 0.696000 0.269000 0.120000 0.082000
1 0.574000 0.183000 0.116000 0.110000
1 0.694000 0.176000 0.124000 0.120000
1 0.824000 0.258000 0.132000 0.088000
1 0.819000 0.164000 0.134000 0.128000
1 0.939000 0.152000 0.118000 0.124000
1 0.956000 0.214000 0.084000 0.152000
1 0.949000 0.347000 0.098000 0.126000
1 0.904000 0.506000 0.192000 0.200000
1 0.901000 0.989000 0.194000 0.022000
1 0.902000 0.891000 0.196000 0.202000
1 0.904000 0.699000 0.192000 0.210000
1 0.822000 0.369000 0.160000 0.154000
1 0.670000 0.375000 0.144000 0.150000
1 0.771000 0.933000 0.070000 0.130000
1 0.778000 0.800000 0.068000 0.160000
1 0.784000 0.652000 0.052000 0.140000
1 0.784000 0.509000 0.072000 0.142000
1 0.111000 0.910000 0.222000 0.180000
1 0.165000 0.976000 0.082000 0.048000
1 0.108000 0.790000 0.216000 0.192000
1 0.106000 0.650000 0.212000 0.160000
1 0.052000 0.382000 0.104000 0.140000
1 0.058000 0.255000 0.116000 0.166000
1 0.261000 0.973000 0.110000 0.054000
1 0.377000 0.981000 0.130000 0.038000
1 0.664000 0.924000 0.152000 0.152000
1 0.667000 0.789000 0.158000 0.158000
1 0.677000 0.650000 0.150000 0.140000
1 0.676000 0.512000 0.152000 0.140000
1 0.461000 0.985000 0.038000 0.026000
1 0.552000 0.990000 0.164000 0.020000
1 0.516000 0.912000 0.148000 0.160000
1 0.163000 0.396000 0.114000 0.120000
1 0.055000 0.511000 0.110000 0.134000
1 0.165000 0.514000 0.110000 0.120000
1 0.277000 0.524000 0.126000 0.124000
1 0.426000 0.386000 0.184000 0.124000
1 0.397000 0.510000 0.126000 0.132000
1 0.535000 0.641000 0.146000 0.134000
1 0.529000 0.507000 0.146000 0.138000
1 0.529000 0.776000 0.142000 0.144000
1 0.269000 0.760000 0.114000 0.132000
1 0.274000 0.642000 0.120000 0.112000
1 0.400000 0.639000 0.136000 0.130000
1 0.391000 0.763000 0.134000 0.142000
1 0.266000 0.889000 0.100000 0.138000
1 0.381000 0.900000 0.146000 0.152000
