1 0.141000 0.167916 0.182000 0.188906
1 0.115000 0.361319 0.194000 0.209895
1 0.098000 0.583958 0.196000 0.241379
1 0.091000 0.838831 0.182000 0.268366
1 0.280000 0.838081 0.216000 0.263868
1 0.284000 0.583958 0.200000 0.232384
1 0.491000 0.579460 0.214000 0.238381
1 0.499000 0.839580 0.222000 0.272864
1 0.721000 0.843328 0.222000 0.274363
1 0.907000 0.842579 0.186000 0.272864
1 0.698000 0.584708 0.216000 0.248876
1 0.894000 0.583208 0.208000 0.245877
1 0.886000 0.355322 0.212000 0.209895
1 0.690000 0.356072 0.212000 0.211394
1 0.492000 0.355322 0.192000 0.209895
1 0.300000 0.356072 0.192000 0.208396
1 0.313000 0.161169 0.178000 0.181409
1 0.492000 0.156672 0.184000 0.187406
1 0.678000 0.156672 0.180000 0.187406
1 0.855000 0.157421 0.202000 0.194903
