1 0.174042 0.082848 0.338194 0.163585
1 0.512236 0.100262 0.352083 0.194191
1 0.840708 0.102541 0.314583 0.183975
1 0.835500 0.289577 0.325000 0.192882
1 0.828556 0.473341 0.338889 0.203690
1 0.498000 0.455399 0.337500 0.201579
1 0.506681 0.281261 0.340972 0.195247
1 0.839319 0.660144 0.317361 0.195247
1 0.836194 0.843254 0.323611 0.198413
1 0.834000 0.952824 0.328000 0.088273
1 0.502167 0.942988 0.320833 0.106594
1 0.497306 0.812648 0.327778 0.200523
1 0.501125 0.636926 0.335417 0.205800
1 0.168486 0.612652 0.321528 0.188914
1 0.170222 0.840426 0.325000 0.313070
1 0.307375 0.938766 0.072917 0.115037
1 0.167792 0.432709 0.325694 0.179416
1 0.170222 0.254348 0.329167 0.181527
