1 0.039394 0.088636 0.078788 0.177273
1 0.409091 0.090909 0.696970 0.181818
1 0.869697 0.093182 0.260606 0.186364
1 0.042424 0.313636 0.084848 0.272727
1 0.269697 0.315909 0.442424 0.268182
1 0.706061 0.315909 0.430303 0.259091
1 0.936364 0.315909 0.127273 0.259091
1 0.069697 0.561364 0.139394 0.222727
1 0.406061 0.556818 0.630303 0.213636
1 0.851515 0.552273 0.296970 0.213636
1 0.057576 0.765909 0.115152 0.186364
1 0.269697 0.756818 0.369697 0.195455
1 0.639394 0.754545 0.369697 0.190909
1 0.903030 0.752273 0.193939 0.186364
1 0.103030 0.927273 0.206061 0.145455
1 0.445455 0.922727 0.515152 0.154545
1 0.851515 0.922727 0.296970 0.154545
