1 0.846000 0.104054 0.148000 0.208108
1 0.547000 0.083784 0.146000 0.167568
1 0.398000 0.078378 0.148000 0.156757
1 0.249000 0.075676 0.150000 0.151351
1 0.093000 0.071622 0.166000 0.143243
1 0.845000 0.352703 0.146000 0.300000
1 0.078000 0.295946 0.156000 0.327027
1 0.235000 0.305405 0.166000 0.318919
1 0.404000 0.316216 0.168000 0.318919
1 0.566000 0.320270 0.160000 0.321622
1 0.075000 0.617568 0.150000 0.332432
1 0.230000 0.621622 0.168000 0.329730
1 0.397000 0.631081 0.166000 0.327027
1 0.560000 0.639189 0.164000 0.327027
1 0.722000 0.650000 0.160000 0.316216
1 0.890000 0.658108 0.168000 0.316216
1 0.229000 0.891892 0.142000 0.216216
1 0.382000 0.898649 0.172000 0.202703
1 0.546000 0.901351 0.160000 0.197297
1 0.707000 0.904054 0.162000 0.191892
1 0.872000 0.904054 0.164000 0.186486
1 0.706000 0.340541 0.116000 0.297297
1 0.694000 0.097297 0.144000 0.194595
1 0.081000 0.886486 0.162000 0.227027
