1 0.317490 0.068182 0.626297 0.132035
1 0.808077 0.087284 0.377930 0.142100
1 0.203892 0.185606 0.407785 0.141775
1 0.652732 0.200758 0.482210 0.141775
1 0.936794 0.214383 0.120495 0.127900
1 0.290344 0.314935 0.580689 0.142857
1 0.786944 0.334286 0.420195 0.144762
1 0.203181 0.431277 0.393837 0.133117
1 0.628717 0.445887 0.464920 0.127706
1 0.919504 0.458550 0.155076 0.116234
1 0.307884 0.553571 0.607085 0.128788
1 0.801352 0.565206 0.391378 0.119589
1 0.223104 0.661255 0.446208 0.114719
1 0.670983 0.675325 0.449550 0.123377
1 0.934873 0.686104 0.124337 0.121126
1 0.298029 0.772727 0.596058 0.123377
1 0.788865 0.792511 0.416353 0.128312
1 0.215669 0.882576 0.422654 0.109307
1 0.633520 0.892316 0.436102 0.109307
1 0.923346 0.908409 0.147391 0.119848
