1 0.460000 0.199100 0.336000 0.121485
1 0.736000 0.203600 0.232000 0.112486
1 0.916000 0.207537 0.168000 0.104612
1 0.446000 0.309899 0.332000 0.118110
1 0.718000 0.311024 0.232000 0.104612
1 0.904000 0.304837 0.192000 0.094488
1 0.440000 0.410011 0.316000 0.120360
1 0.711000 0.403825 0.246000 0.105737
1 0.909000 0.396513 0.182000 0.093363
1 0.443000 0.497188 0.298000 0.128234
1 0.700000 0.493251 0.220000 0.100112
1 0.889000 0.479753 0.198000 0.095613
1 0.983000 0.468504 0.034000 0.079865
1 0.447000 0.581552 0.286000 0.125984
1 0.692000 0.574803 0.204000 0.092238
1 0.874000 0.554556 0.184000 0.087739
1 0.973000 0.542182 0.054000 0.071991
1 0.451000 0.656355 0.278000 0.127109
1 0.451000 0.728346 0.270000 0.136108
1 0.445000 0.793588 0.266000 0.127109
1 0.683000 0.647357 0.198000 0.097863
1 0.677000 0.711474 0.190000 0.086614
1 0.670000 0.772216 0.184000 0.091114
1 0.861000 0.622047 0.178000 0.092238
1 0.966000 0.605737 0.068000 0.075366
1 0.847000 0.685039 0.174000 0.083240
1 0.831000 0.745219 0.162000 0.093363
1 0.954000 0.669854 0.092000 0.066367
1 0.954000 0.721597 0.092000 0.066367
1 0.258000 0.201350 0.080000 0.096738
1 0.203000 0.203037 0.066000 0.088864
1 0.236000 0.287964 0.092000 0.092238
1 0.236000 0.369516 0.124000 0.127109
1 0.256000 0.440382 0.084000 0.104612
1 0.260000 0.518560 0.100000 0.139483
1 0.138000 0.263780 0.108000 0.199100
1 0.216000 0.551744 0.216000 0.428571
1 0.064000 0.308211 0.088000 0.269966
