1 0.138889 0.028125 0.180000 0.056250
1 0.402222 0.053125 0.346667 0.106250
1 0.687778 0.068125 0.246667 0.136250
1 0.136667 0.130000 0.273333 0.215000
1 0.378889 0.156875 0.242222 0.193750
1 0.580000 0.178125 0.182222 0.166250
1 0.743333 0.193125 0.148889 0.148750
1 0.743333 0.330625 0.144444 0.136250
1 0.582222 0.330000 0.168889 0.150000
1 0.385556 0.330000 0.228889 0.170000
1 0.144444 0.327500 0.288889 0.195000
1 0.153333 0.511875 0.306667 0.193750
1 0.402222 0.490625 0.217778 0.166250
1 0.588889 0.472500 0.168889 0.147500
1 0.741111 0.456875 0.144444 0.133750
1 0.892222 0.453750 0.157778 0.127500
1 0.984444 0.454375 0.031111 0.128750
1 0.986667 0.581875 0.026667 0.121250
1 0.985556 0.702500 0.028889 0.122500
1 0.984444 0.818750 0.031111 0.117500
1 0.981111 0.928125 0.037778 0.111250
1 0.978889 0.988125 0.042222 0.023750
1 0.161111 0.674375 0.322222 0.206250
1 0.416667 0.631875 0.215556 0.173750
1 0.594444 0.600625 0.171111 0.153750
1 0.743333 0.573750 0.140000 0.135000
1 0.891111 0.575000 0.164444 0.135000
1 0.166667 0.830000 0.333333 0.215000
1 0.428889 0.772500 0.204444 0.187500
1 0.603333 0.726875 0.162222 0.163750
1 0.748889 0.687500 0.142222 0.145000
1 0.892222 0.688750 0.171111 0.140000
1 0.174444 0.934375 0.348889 0.131250
1 0.434444 0.903750 0.202222 0.187500
1 0.607778 0.846875 0.162222 0.171250
1 0.448889 0.965625 0.195556 0.066250
1 0.620000 0.936875 0.160000 0.123750
1 0.827778 0.822500 0.282222 0.197500
1 0.831111 0.936875 0.271111 0.126250
1 0.905556 0.322500 0.188889 0.137500
1 0.971111 0.080625 0.057778 0.093750
1 0.951111 0.191875 0.097778 0.138750
1 0.878889 0.076875 0.131111 0.143750
1 0.862222 0.203125 0.093333 0.131250
