1 0.156575 0.328485 0.302234 0.516364
1 0.049804 0.608485 0.099608 0.496970
1 0.057309 0.864242 0.114617 0.138182
1 0.199898 0.694545 0.259253 0.324848
1 0.225055 0.902576 0.229064 0.188182
1 0.429473 0.672121 0.223094 0.294545
1 0.440048 0.884848 0.207402 0.215758
1 0.413099 0.319394 0.249019 0.488485
1 0.635170 0.310909 0.270169 0.476364
1 0.646768 0.647273 0.210131 0.278788
1 0.645062 0.787879 0.173972 0.067879
1 0.846324 0.323030 0.303599 0.471515
1 0.846324 0.646667 0.224458 0.263030
1 0.841890 0.765455 0.199215 0.064242
1 0.020467 0.961212 0.040935 0.070303
1 0.101996 0.941970 0.127580 0.109394
1 0.232048 0.946212 0.122633 0.100909
1 0.425379 0.927273 0.145318 0.138182
1 0.549889 0.892879 0.062767 0.207576
1 0.614702 0.907424 0.085963 0.178485
1 0.674058 0.900000 0.098243 0.190303
1 0.730684 0.896364 0.100972 0.197576
1 0.790721 0.898182 0.106430 0.193939
1 0.847007 0.895303 0.116664 0.202727
1 0.904315 0.900152 0.119393 0.193030
1 0.950026 0.891667 0.096196 0.210000
1 0.973904 0.845152 0.048439 0.109697
