1 0.809000 0.784000 0.198000 0.165333
1 0.805000 0.630667 0.286000 0.173333
1 0.533000 0.801333 0.182000 0.114667
1 0.554000 0.674667 0.208000 0.197333
1 0.557000 0.508000 0.214000 0.162667
1 0.324000 0.822667 0.248000 0.264000
1 0.338000 0.693333 0.216000 0.192000
1 0.141000 0.704000 0.190000 0.240000
1 0.184000 0.557333 0.216000 0.170667
1 0.209000 0.410667 0.246000 0.261333
1 0.238000 0.285333 0.156000 0.133333
1 0.389000 0.538667 0.142000 0.186667
1 0.396000 0.334667 0.136000 0.226667
1 0.444000 0.182667 0.096000 0.066667
1 0.436000 0.237333 0.100000 0.053333
1 0.684000 0.713333 0.080000 0.109333
1 0.570000 0.354667 0.188000 0.229333
1 0.828000 0.400527 0.340000 0.366946
