1 0.116000 0.159670 0.228000 0.304348
1 0.338000 0.149925 0.280000 0.299850
1 0.692000 0.149925 0.452000 0.299850
1 0.938000 0.168666 0.068000 0.283358
1 0.058000 0.439280 0.116000 0.254873
1 0.227000 0.439280 0.278000 0.278861
1 0.620000 0.457271 0.532000 0.338831
1 0.110000 0.676912 0.220000 0.241379
1 0.339000 0.721889 0.262000 0.310345
1 0.656000 0.757871 0.408000 0.355322
1 0.066000 0.871064 0.132000 0.236882
1 0.216000 0.888306 0.220000 0.223388
1 0.567000 0.923538 0.506000 0.152924
1 0.905000 0.437031 0.054000 0.277361
1 0.940000 0.412294 0.036000 0.206897
1 0.895000 0.648426 0.066000 0.250375
1 0.848000 0.884558 0.080000 0.227886
1 0.886000 0.825337 0.056000 0.223388
