1 0.051498 0.096667 0.102996 0.193333
1 0.046816 0.308333 0.093633 0.216667
1 0.051498 0.526667 0.102996 0.213333
1 0.056180 0.735000 0.112360 0.216667
1 0.864232 0.090000 0.271536 0.173333
1 0.861423 0.281667 0.277154 0.250000
1 0.869850 0.501667 0.260300 0.223333
1 0.867978 0.713333 0.264045 0.213333
1 0.947566 0.906667 0.104869 0.186667
1 0.750936 0.910000 0.258427 0.180000
1 0.493446 0.906667 0.245318 0.186667
1 0.177903 0.920000 0.355805 0.160000
1 0.234082 0.103333 0.265918 0.206667
1 0.541199 0.105000 0.367041 0.210000
1 0.223783 0.315000 0.260300 0.230000
1 0.532772 0.308333 0.361423 0.230000
1 0.540262 0.520000 0.365169 0.220000
1 0.555243 0.716667 0.350187 0.206667
1 0.232210 0.528333 0.265918 0.210000
1 0.240637 0.735000 0.271536 0.216667
