1 0.110294 0.203922 0.079412 0.203922
1 0.038235 0.168627 0.070588 0.133333
1 0.116176 0.427451 0.055882 0.188235
1 0.057353 0.427451 0.079412 0.180392
1 0.016176 0.427451 0.032353 0.180392
1 0.051471 0.619608 0.073529 0.172549
1 0.013235 0.621569 0.026471 0.176471
1 0.213235 0.421569 0.179412 0.301961
1 0.382353 0.464706 0.158824 0.223529
1 0.576471 0.460784 0.170588 0.231373
1 0.738235 0.458824 0.170588 0.235294
1 0.467647 0.682353 0.229412 0.219608
1 0.383824 0.227451 0.161765 0.243137
1 0.577941 0.223529 0.167647 0.243137
1 0.748529 0.223529 0.173529 0.243137
1 0.700000 0.682353 0.229412 0.211765
1 0.901471 0.717647 0.179412 0.164706
1 0.694118 0.886275 0.223529 0.203922
1 0.894118 0.847059 0.176471 0.101961
1 0.473529 0.886275 0.223529 0.196078
1 0.886765 0.947059 0.173529 0.105882
1 0.244118 0.882353 0.235294 0.203922
1 0.239706 0.680392 0.232353 0.215686
1 0.233824 0.205882 0.144118 0.200000
1 0.176471 0.043137 0.082353 0.086275
1 0.101471 0.037255 0.067647 0.074510
1 0.035294 0.041176 0.064706 0.074510
1 0.275000 0.049020 0.085294 0.098039
1 0.155882 0.209804 0.035294 0.200000
1 0.975000 0.801961 0.050000 0.254902
1 0.983824 0.949020 0.032353 0.101961
