1 0.183333 0.193333 0.340000 0.213333
1 0.483333 0.250000 0.286667 0.206667
1 0.483333 0.096667 0.300000 0.193333
1 0.713333 0.290000 0.200000 0.220000
1 0.846667 0.190000 0.106667 0.046667
1 0.863333 0.306667 0.140000 0.186667
1 0.730000 0.456667 0.233333 0.126667
1 0.920000 0.503333 0.160000 0.206667
1 0.756667 0.576667 0.206667 0.126667
1 0.753333 0.696667 0.213333 0.126667
1 0.926667 0.673333 0.133333 0.120000
1 0.930000 0.783333 0.140000 0.140000
1 0.930000 0.886667 0.140000 0.146667
1 0.746667 0.930000 0.253333 0.126667
1 0.743333 0.820000 0.233333 0.160000
1 0.466667 0.423333 0.266667 0.166667
1 0.506667 0.596667 0.280000 0.166667
1 0.486667 0.780000 0.293333 0.213333
1 0.483333 0.930000 0.273333 0.126667
1 0.170000 0.923333 0.340000 0.140000
1 0.166667 0.763333 0.333333 0.193333
1 0.190000 0.560000 0.340000 0.200000
1 0.166667 0.370000 0.333333 0.193333
1 0.180000 0.073333 0.306667 0.146667
