1 0.105000 0.138350 0.210000 0.276699
1 0.285000 0.139563 0.218000 0.279126
1 0.472000 0.132282 0.200000 0.264563
1 0.644000 0.143204 0.196000 0.286408
1 0.104000 0.466019 0.208000 0.378641
1 0.304000 0.446602 0.200000 0.373786
1 0.508000 0.438107 0.192000 0.361650
1 0.701000 0.476942 0.186000 0.366505
1 0.888000 0.149272 0.200000 0.298544
1 0.884000 0.458738 0.192000 0.364078
1 0.120000 0.836165 0.240000 0.327670
1 0.336000 0.819175 0.204000 0.361650
1 0.541000 0.820388 0.206000 0.354369
1 0.743000 0.828883 0.198000 0.342233
1 0.923000 0.819175 0.154000 0.361650
