1 0.540000 0.809333 0.108000 0.381333
1 0.622000 0.865333 0.044000 0.082667
1 0.588000 0.946667 0.072000 0.106667
1 0.692000 0.916000 0.096000 0.168000
1 0.476000 0.908000 0.132000 0.184000
1 0.348000 0.908000 0.160000 0.184000
1 0.395000 0.721333 0.154000 0.205333
1 0.285000 0.717333 0.138000 0.202667
1 0.226000 0.905333 0.168000 0.184000
1 0.548000 0.408000 0.236000 0.229333
1 0.775000 0.414667 0.254000 0.221333
1 0.327000 0.409333 0.234000 0.226667
1 0.129000 0.406667 0.250000 0.226667
1 0.077000 0.648000 0.150000 0.208000
1 0.084000 0.786667 0.168000 0.112000
1 0.928000 0.350667 0.144000 0.696000
1 0.816000 0.154667 0.300000 0.309333
1 0.558000 0.153333 0.268000 0.301333
1 0.305000 0.150667 0.278000 0.296000
1 0.113000 0.150667 0.222000 0.290667
