1 0.170922 0.100521 0.266406 0.130208
1 0.146594 0.231771 0.293187 0.138542
1 0.151391 0.359375 0.288281 0.147917
1 0.156859 0.493750 0.286719 0.137500
1 0.070922 0.534375 0.139844 0.158333
1 0.072094 0.664583 0.139063 0.150000
1 0.063781 0.805271 0.127562 0.133458
1 0.069359 0.924479 0.133594 0.109375
1 0.208031 0.654687 0.157812 0.163542
1 0.202953 0.788542 0.153906 0.145833
1 0.203344 0.903125 0.154688 0.152083
1 0.397875 0.112500 0.192188 0.120833
1 0.397875 0.235937 0.185938 0.121875
1 0.402172 0.354167 0.186719 0.116667
1 0.395141 0.475000 0.178906 0.122917
1 0.400219 0.595833 0.175000 0.125000
1 0.404516 0.710417 0.169531 0.114583
1 0.408031 0.823438 0.165625 0.113542
1 0.593969 0.105729 0.195312 0.123958
1 0.594359 0.228125 0.192969 0.120833
1 0.594359 0.345833 0.186719 0.118750
1 0.539672 0.463021 0.083594 0.109375
1 0.615453 0.624479 0.233594 0.213542
1 0.607641 0.765104 0.222656 0.190625
1 0.601391 0.884896 0.217969 0.196875
1 0.862000 0.099479 0.272000 0.144792
1 0.859266 0.249875 0.277469 0.145583
1 0.858875 0.378646 0.278250 0.161458
1 0.711938 0.102604 0.039062 0.134375
1 0.705688 0.235937 0.032813 0.132292
1 0.667406 0.383854 0.173437 0.161458
1 0.662719 0.500521 0.173437 0.190625
1 0.870984 0.530729 0.254031 0.136458
1 0.864344 0.662958 0.267313 0.136583
1 0.860437 0.793687 0.275125 0.131375
1 0.854187 0.918104 0.287625 0.124208
