1 0.576000 0.060000 0.848000 0.120000
1 0.054000 0.162000 0.108000 0.140000
1 0.165000 0.168000 0.126000 0.136000
1 0.295000 0.174000 0.138000 0.144000
1 0.432000 0.179000 0.140000 0.146000
1 0.572000 0.184000 0.144000 0.148000
1 0.715000 0.189000 0.158000 0.150000
1 0.867000 0.197000 0.166000 0.154000
1 0.969000 0.199000 0.062000 0.158000
1 0.417000 0.318000 0.834000 0.184000
1 0.910000 0.333000 0.180000 0.126000
1 0.051000 0.421000 0.102000 0.130000
1 0.160000 0.429000 0.124000 0.138000
1 0.286000 0.441000 0.132000 0.138000
1 0.416000 0.449000 0.140000 0.138000
1 0.552000 0.457000 0.140000 0.138000
1 0.686000 0.467000 0.148000 0.138000
1 0.830000 0.474000 0.156000 0.152000
1 0.949000 0.476000 0.102000 0.160000
1 0.386000 0.571000 0.772000 0.186000
1 0.884000 0.591000 0.232000 0.094000
1 0.814000 0.711000 0.156000 0.182000
1 0.938000 0.720000 0.124000 0.180000
1 0.062000 0.648000 0.120000 0.112000
1 0.178000 0.663000 0.124000 0.118000
1 0.300000 0.676000 0.124000 0.120000
1 0.424000 0.688000 0.124000 0.120000
1 0.547000 0.700000 0.130000 0.124000
1 0.678000 0.714000 0.140000 0.128000
1 0.413000 0.798000 0.770000 0.200000
1 0.892000 0.819000 0.192000 0.050000
1 0.080000 0.864000 0.116000 0.120000
1 0.195000 0.883000 0.122000 0.118000
1 0.313000 0.892000 0.114000 0.108000
1 0.431000 0.911000 0.126000 0.118000
1 0.553000 0.926000 0.130000 0.124000
1 0.684000 0.939000 0.136000 0.118000
1 0.811000 0.913000 0.142000 0.170000
1 0.933000 0.918000 0.134000 0.160000
1 0.372000 0.952000 0.704000 0.092000
