1 0.038000 0.621439 0.076000 0.241379
1 0.073000 0.703898 0.146000 0.271364
1 0.068000 0.873313 0.136000 0.121439
1 0.077000 0.950525 0.154000 0.095952
1 0.284000 0.062969 0.468000 0.122939
1 0.255000 0.197151 0.458000 0.148426
1 0.294000 0.330585 0.428000 0.148426
1 0.287000 0.430285 0.406000 0.185907
1 0.322000 0.552474 0.400000 0.151424
1 0.314000 0.633433 0.368000 0.169415
1 0.299000 0.721889 0.354000 0.184408
1 0.311000 0.820090 0.334000 0.137931
1 0.313000 0.898051 0.330000 0.140930
1 0.296000 0.950525 0.320000 0.095952
1 0.390000 0.979760 0.144000 0.037481
1 0.710000 0.068216 0.392000 0.136432
1 0.680000 0.190405 0.392000 0.131934
1 0.669000 0.313343 0.338000 0.125937
1 0.657000 0.417541 0.354000 0.121439
1 0.656000 0.514993 0.336000 0.121439
1 0.643000 0.602699 0.302000 0.122939
1 0.954000 0.010495 0.092000 0.020990
1 0.943000 0.077211 0.114000 0.124438
1 0.926000 0.191904 0.144000 0.113943
1 0.911000 0.302849 0.178000 0.110945
1 0.915000 0.395802 0.170000 0.095952
1 0.909000 0.485007 0.182000 0.109445
1 0.892000 0.566717 0.216000 0.110945
1 0.617000 0.689655 0.294000 0.125937
1 0.881000 0.637931 0.238000 0.100450
1 0.619000 0.765367 0.282000 0.115442
1 0.878000 0.708396 0.244000 0.106447
1 0.602000 0.835832 0.268000 0.115442
1 0.860000 0.780360 0.260000 0.115442
1 0.826000 0.850075 0.232000 0.092954
1 0.812000 0.902549 0.212000 0.101949
1 0.805000 0.950525 0.182000 0.092954
1 0.815000 0.976012 0.158000 0.044978
1 0.578000 0.901049 0.264000 0.122939
1 0.585000 0.950525 0.258000 0.095952
1 0.973000 0.842579 0.054000 0.089955
1 0.954000 0.914543 0.092000 0.143928
1 0.946000 0.950525 0.108000 0.095952
1 0.913000 0.980510 0.054000 0.035982
