1 0.832386 0.277273 0.232955 0.154545
1 0.840909 0.445455 0.250000 0.181818
1 0.849432 0.629545 0.267045 0.195455
1 0.855114 0.840909 0.289773 0.218182
1 0.607955 0.277273 0.238636 0.163636
1 0.599432 0.445455 0.232955 0.172727
1 0.590909 0.634091 0.261364 0.195455
1 0.585227 0.845455 0.272727 0.227273
1 0.375000 0.277273 0.227273 0.163636
1 0.366477 0.447727 0.232955 0.168182
1 0.332386 0.631818 0.255682 0.190909
1 0.306818 0.840909 0.272727 0.218182
1 0.090909 0.845455 0.181818 0.218182
1 0.107955 0.634091 0.215909 0.195455
1 0.119318 0.443182 0.238636 0.177273
1 0.130682 0.272727 0.250000 0.163636
