1 0.124242 0.040909 0.248485 0.081818
1 0.457576 0.045455 0.381818 0.090909
1 0.827273 0.047727 0.345455 0.095455
1 0.233333 0.150000 0.430303 0.181818
1 0.548485 0.170455 0.200000 0.140909
1 0.781818 0.172727 0.242424 0.145455
1 0.942424 0.186364 0.115152 0.145455
1 0.148485 0.318182 0.260606 0.154545
1 0.375758 0.313636 0.206061 0.145455
1 0.551515 0.306818 0.169697 0.131818
1 0.763636 0.309091 0.218182 0.136364
1 0.921212 0.313636 0.145455 0.127273
1 0.160606 0.450000 0.236364 0.163636
1 0.360606 0.445455 0.163636 0.136364
1 0.536364 0.443182 0.187879 0.131818
1 0.730303 0.438636 0.187879 0.131818
1 0.906061 0.438636 0.187879 0.122727
1 0.148485 0.593182 0.224242 0.150000
1 0.369697 0.575000 0.181818 0.140909
1 0.533333 0.563636 0.169697 0.127273
1 0.769697 0.550000 0.303030 0.109091
1 0.963636 0.543182 0.072727 0.113636
1 0.263636 0.711364 0.381818 0.159091
1 0.539394 0.679545 0.169697 0.140909
1 0.724242 0.668182 0.187879 0.127273
1 0.903030 0.654545 0.193939 0.109091
1 0.178788 0.834091 0.212121 0.122727
1 0.372727 0.813636 0.163636 0.118182
1 0.536364 0.788636 0.163636 0.122727
1 0.760606 0.756818 0.260606 0.113636
1 0.942424 0.731818 0.115152 0.136364
1 0.166667 0.936364 0.175758 0.118182
1 0.336364 0.918182 0.163636 0.118182
1 0.518182 0.900000 0.175758 0.118182
1 0.700000 0.865909 0.163636 0.122727
1 0.842424 0.847727 0.121212 0.113636
1 0.951515 0.838636 0.096970 0.104545
1 0.945455 0.929545 0.109091 0.095455
1 0.836364 0.940909 0.121212 0.090909
1 0.706061 0.954545 0.151515 0.090909
1 0.042424 0.740909 0.084848 0.118182
