1 0.120000 0.153333 0.240000 0.306667
1 0.393333 0.173333 0.306667 0.293333
1 0.690000 0.180000 0.326667 0.293333
1 0.923333 0.180000 0.153333 0.293333
1 0.740000 0.463333 0.413333 0.260000
1 0.293333 0.450000 0.440000 0.286667
1 0.036667 0.450000 0.073333 0.286667
1 0.143333 0.726667 0.286667 0.266667
1 0.093333 0.923333 0.186667 0.153333
1 0.406667 0.916667 0.400000 0.166667
1 0.430000 0.720000 0.286667 0.253333
1 0.786667 0.913333 0.346667 0.173333
1 0.720000 0.713333 0.280000 0.253333
1 0.926667 0.693333 0.146667 0.280000
