1 0.128057 0.264152 0.256114 0.357030
1 0.393106 0.257453 0.327642 0.352304
1 0.664244 0.210840 0.321951 0.328455
1 0.894537 0.204228 0.206927 0.284878
1 0.130098 0.051491 0.255285 0.098645
1 0.386602 0.049322 0.269106 0.092141
1 0.646358 0.028184 0.253659 0.052033
1 0.576846 0.045528 0.111382 0.021680
1 0.868309 0.034688 0.191870 0.065041
1 0.978276 0.037333 0.039447 0.069333
1 0.139846 0.572900 0.279691 0.321951
1 0.420341 0.528455 0.291057 0.300271
1 0.691073 0.485637 0.260163 0.273171
1 0.899415 0.469019 0.197171 0.250038
1 0.147984 0.843360 0.294309 0.307859
1 0.420341 0.777236 0.279675 0.275339
1 0.680911 0.720867 0.252846 0.255827
1 0.895756 0.689431 0.204488 0.251491
1 0.175626 0.973984 0.229268 0.044444
1 0.411805 0.922493 0.254472 0.145257
1 0.654488 0.907859 0.235772 0.174526
1 0.879496 0.894667 0.237008 0.200000
