1 0.158406 0.149892 0.316812 0.256494
1 0.436346 0.163961 0.241011 0.230519
1 0.651118 0.178571 0.211856 0.209957
1 0.833333 0.181818 0.179786 0.181818
1 0.948397 0.188853 0.095044 0.167749
1 0.163751 0.387446 0.321672 0.246753
1 0.437804 0.379329 0.238095 0.230519
1 0.647230 0.372294 0.184645 0.199134
1 0.818270 0.356061 0.171040 0.173160
1 0.942566 0.350108 0.106706 0.165584
1 0.165695 0.608225 0.331390 0.244589
1 0.440233 0.581710 0.219631 0.211039
1 0.643829 0.548160 0.189504 0.211039
1 0.807094 0.522186 0.154519 0.180736
1 0.933819 0.509091 0.124198 0.163636
1 0.167153 0.798160 0.322643 0.267316
1 0.438290 0.759199 0.221574 0.228355
1 0.636540 0.716991 0.184645 0.208874
1 0.796404 0.681818 0.150632 0.188312
1 0.930904 0.654870 0.130029 0.164286
1 0.164334 0.921429 0.320505 0.148052
1 0.434694 0.905736 0.232653 0.179437
1 0.635083 0.884740 0.175899 0.219697
1 0.792517 0.831710 0.144801 0.185065
1 0.923615 0.793398 0.144606 0.168615
1 0.939164 0.897727 0.113508 0.113636
1 0.863362 0.934957 0.265112 0.120996
1 0.710398 0.956710 0.275996 0.073593
