1 0.210557 0.137113 0.291753 0.160825
1 0.498186 0.137113 0.287629 0.158763
1 0.786845 0.128866 0.291753 0.160825
1 0.787361 0.298969 0.290722 0.179381
1 0.498701 0.304639 0.290722 0.176289
1 0.210557 0.304124 0.295876 0.173196
1 0.233753 0.486598 0.261856 0.193814
1 0.498186 0.490206 0.262887 0.196907
1 0.761072 0.486082 0.262887 0.198969
1 0.755918 0.693299 0.262887 0.207216
1 0.492515 0.691237 0.259794 0.209278
1 0.235299 0.689691 0.262887 0.210309
1 0.210557 0.870103 0.215464 0.160825
1 0.404887 0.872680 0.193814 0.155670
1 0.600763 0.873711 0.197938 0.155670
1 0.790969 0.872165 0.211340 0.152577
