1 0.801000 0.184366 0.198000 0.179941
1 0.771000 0.314159 0.170000 0.179941
1 0.610000 0.179941 0.156000 0.165192
1 0.616000 0.331858 0.156000 0.162242
1 0.613000 0.471976 0.150000 0.123894
1 0.765000 0.455752 0.154000 0.156342
1 0.443000 0.179941 0.158000 0.165192
1 0.444000 0.315634 0.156000 0.159292
1 0.445000 0.443953 0.154000 0.162242
1 0.457000 0.553097 0.142000 0.174041
1 0.457000 0.693215 0.134000 0.106195
1 0.463000 0.794985 0.122000 0.103245
1 0.459000 0.892330 0.130000 0.109145
1 0.306000 0.735988 0.156000 0.215339
1 0.314000 0.853982 0.156000 0.185841
1 0.761000 0.589971 0.146000 0.123894
1 0.616000 0.592920 0.148000 0.123894
1 0.618000 0.705015 0.140000 0.112094
1 0.754000 0.706490 0.140000 0.120944
1 0.616000 0.806785 0.136000 0.109145
1 0.613000 0.910029 0.134000 0.103245
1 0.747000 0.814159 0.134000 0.100295
1 0.741000 0.912979 0.130000 0.103245
1 0.893000 0.710914 0.158000 0.147493
1 0.869000 0.920354 0.138000 0.106195
1 0.876000 0.820059 0.144000 0.100295
1 0.923000 0.323009 0.150000 0.179941
1 0.915000 0.463127 0.162000 0.159292
1 0.911000 0.595870 0.174000 0.165192
