1 0.197656 0.118750 0.160938 0.191667
1 0.325000 0.122917 0.093750 0.179167
1 0.503906 0.107292 0.276562 0.210417
1 0.662500 0.110417 0.040625 0.195833
1 0.840625 0.104167 0.312500 0.208333
1 0.898438 0.350000 0.193750 0.312500
1 0.697656 0.354167 0.210938 0.304167
1 0.844531 0.663542 0.301563 0.314583
1 0.650000 0.630208 0.093750 0.243750
1 0.464062 0.653125 0.281250 0.293750
1 0.167187 0.647917 0.303125 0.291667
1 0.492969 0.900000 0.195312 0.195833
1 0.292969 0.882292 0.192188 0.235417
1 0.692969 0.872917 0.207813 0.250000
1 0.898438 0.906250 0.203125 0.179167
1 0.499219 0.357292 0.189062 0.289583
1 0.305469 0.362500 0.192188 0.291667
1 0.105469 0.895833 0.185938 0.208333
1 0.110156 0.362500 0.198437 0.283333
1 0.056250 0.128125 0.109375 0.114583
