1 0.348000 0.224888 0.208000 0.185907
1 0.514000 0.246627 0.176000 0.169415
1 0.646000 0.253373 0.160000 0.128936
1 0.762000 0.273613 0.140000 0.115442
1 0.298000 0.380060 0.164000 0.160420
1 0.442000 0.392054 0.160000 0.151424
1 0.275000 0.517241 0.150000 0.137931
1 0.410000 0.525487 0.144000 0.127436
1 0.278000 0.643178 0.176000 0.128936
1 0.398000 0.647676 0.096000 0.119940
1 0.804000 0.437031 0.392000 0.208396
1 0.740000 0.396552 0.380000 0.169415
1 0.675000 0.372564 0.350000 0.151424
1 0.524000 0.503748 0.128000 0.179910
1 0.686000 0.577961 0.304000 0.208396
1 0.890000 0.610195 0.220000 0.149925
1 0.483000 0.615442 0.102000 0.178411
1 0.681000 0.707646 0.374000 0.218891
1 0.901000 0.742129 0.162000 0.113943
1 0.453000 0.725637 0.102000 0.197901
1 0.614000 0.828336 0.300000 0.211394
1 0.836000 0.857571 0.188000 0.119940
1 0.985000 0.515742 0.030000 0.062969
