1 0.853000 0.860000 0.294000 0.157333
1 0.857000 0.684000 0.286000 0.237333
1 0.839000 0.502667 0.322000 0.264000
1 0.831000 0.329333 0.318000 0.237333
1 0.825000 0.126667 0.298000 0.200000
1 0.796000 0.033333 0.344000 0.066667
1 0.517000 0.102667 0.302000 0.200000
1 0.506000 0.273333 0.312000 0.210667
1 0.508000 0.456000 0.332000 0.213333
1 0.504000 0.665333 0.348000 0.248000
1 0.529000 0.842667 0.354000 0.154667
1 0.177000 0.817333 0.354000 0.157333
1 0.173000 0.645333 0.346000 0.245333
1 0.178000 0.432000 0.356000 0.229333
1 0.191000 0.237333 0.334000 0.224000
