1 0.181000 0.111993 0.346000 0.223986
1 0.462000 0.118166 0.348000 0.218695
1 0.724000 0.081129 0.192000 0.162257
1 0.632000 0.008818 0.220000 0.017637
1 0.698000 0.212522 0.200000 0.107584
1 0.935000 0.212522 0.130000 0.086420
1 0.927000 0.265432 0.146000 0.121693
1 0.755000 0.322751 0.290000 0.123457
1 0.744000 0.396825 0.304000 0.052910
1 0.778000 0.567901 0.444000 0.299824
1 0.769000 0.784832 0.438000 0.137566
1 0.749000 0.910053 0.398000 0.112875
1 0.958000 0.902998 0.084000 0.172840
1 0.461000 0.305115 0.266000 0.176367
1 0.457000 0.471781 0.258000 0.171076
1 0.197000 0.306878 0.278000 0.176367
1 0.210000 0.424162 0.240000 0.072310
1 0.236000 0.589947 0.452000 0.312169
1 0.396000 0.735450 0.316000 0.349206
1 0.406000 0.955026 0.288000 0.089947
1 0.120000 0.755732 0.240000 0.294533
1 0.134000 0.953263 0.268000 0.093474
