1 0.174000 0.228000 0.124000 0.114667
1 0.156000 0.124000 0.136000 0.114667
1 0.054000 0.116000 0.080000 0.109333
1 0.074000 0.226667 0.092000 0.106667
1 0.190000 0.318667 0.144000 0.130667
1 0.076000 0.329333 0.084000 0.104000
1 0.017000 0.324000 0.034000 0.104000
1 0.016000 0.210667 0.032000 0.122667
1 0.283000 0.181333 0.126000 0.154667
1 0.373000 0.200000 0.102000 0.149333
1 0.561000 0.178667 0.282000 0.314667
1 0.797000 0.176000 0.222000 0.261333
1 0.782000 0.021333 0.240000 0.042667
1 0.603000 0.016000 0.118000 0.032000
1 0.156000 0.849333 0.204000 0.194667
1 0.031000 0.736000 0.062000 0.085333
1 0.025000 0.668000 0.050000 0.088000
1 0.022000 0.593333 0.044000 0.098667
1 0.035000 0.936000 0.070000 0.128000
1 0.172000 0.897333 0.204000 0.194667
1 0.302000 0.941333 0.160000 0.117333
1 0.183000 0.809333 0.238000 0.146667
1 0.415000 0.850667 0.226000 0.218667
1 0.645000 0.857333 0.234000 0.221333
1 0.654000 0.632000 0.248000 0.224000
1 0.407000 0.628000 0.246000 0.226667
1 0.163000 0.621333 0.262000 0.229333
1 0.931000 0.669333 0.118000 0.229333
1 0.918000 0.742667 0.104000 0.173333
1 0.981000 0.797333 0.038000 0.181333
1 0.888000 0.906667 0.108000 0.186667
