1 0.189604 0.127937 0.198350 0.255874
1 0.386634 0.124990 0.202970 0.249980
1 0.305941 0.479088 0.202640 0.459198
1 0.312086 0.852610 0.191828 0.288828
1 0.122366 0.854329 0.191267 0.285390
1 0.115842 0.485964 0.196040 0.450358
1 0.048020 0.131620 0.096040 0.263241
1 0.505446 0.852094 0.192409 0.289761
1 0.502640 0.478351 0.195380 0.458707
1 0.587789 0.124008 0.195380 0.247034
1 0.699010 0.475159 0.194059 0.455269
1 0.790594 0.124008 0.202970 0.247034
1 0.945700 0.118851 0.104601 0.237702
1 0.896360 0.470935 0.203281 0.465680
1 0.700000 0.850400 0.197360 0.293248
1 0.896020 0.849172 0.200040 0.295704
1 0.012306 0.489315 0.023611 0.449529
1 0.018000 0.855035 0.032000 0.283978
