1 0.200247 0.039175 0.242268 0.078351
1 0.444062 0.009794 0.249485 0.017526
1 0.685299 0.008763 0.230928 0.011340
1 0.183237 0.081959 0.206186 0.023711
1 0.462103 0.082990 0.349485 0.128866
1 0.811072 0.078866 0.350515 0.130928
1 0.811588 0.206701 0.341237 0.128866
1 0.467258 0.209794 0.351546 0.135052
1 0.149732 0.126804 0.285567 0.082474
1 0.149866 0.226742 0.299732 0.154515
1 0.351794 0.340206 0.269072 0.134021
1 0.614680 0.341237 0.262887 0.138144
1 0.871031 0.336598 0.253938 0.128866
1 0.872062 0.466495 0.251876 0.132990
1 0.620866 0.469072 0.258763 0.138144
1 0.349216 0.477320 0.276289 0.144330
1 0.110175 0.492825 0.220351 0.142351
1 0.106052 0.362330 0.212103 0.147340
1 0.479113 0.606701 0.352577 0.135052
1 0.830825 0.596443 0.334351 0.132887
1 0.153990 0.619711 0.307979 0.144577
1 0.167392 0.748082 0.334784 0.151835
1 0.505918 0.734536 0.348454 0.135052
1 0.839072 0.724845 0.317856 0.129691
1 0.887010 0.843155 0.221979 0.134309
1 0.645608 0.857732 0.273196 0.138144
1 0.375505 0.868041 0.271134 0.138144
1 0.124608 0.880062 0.249216 0.151876
1 0.378598 0.964433 0.258763 0.067010
1 0.635814 0.945361 0.257732 0.105155
1 0.883402 0.956701 0.229196 0.080412
1 0.124093 0.966495 0.248186 0.062887
