1 0.412760 0.130890 0.337190 0.259617
1 0.745818 0.133054 0.330579 0.253126
1 0.164826 0.174700 0.165289 0.167669
1 0.017306 0.071395 0.032231 0.127645
1 0.058215 0.126563 0.057851 0.129808
1 0.014231 0.190072 0.028463 0.148652
1 0.056975 0.197958 0.057025 0.127645
1 0.125802 0.470263 0.251603 0.436437
1 0.419372 0.474882 0.352066 0.443512
1 0.760281 0.478127 0.334711 0.439185
1 0.123504 0.798862 0.246281 0.230410
1 0.414413 0.804271 0.357025 0.228246
1 0.766066 0.752347 0.342975 0.113582
1 0.794223 0.861257 0.407554 0.120419
