1 0.035382 0.127371 0.069106 0.246070
1 0.184569 0.123577 0.313821 0.244986
1 0.473593 0.123035 0.288618 0.239566
1 0.752049 0.118699 0.279675 0.230894
1 0.932341 0.111653 0.131317 0.223306
1 0.048382 0.338667 0.096764 0.192000
1 0.210179 0.338753 0.278862 0.194038
1 0.469528 0.333333 0.272358 0.183198
1 0.732537 0.320867 0.276423 0.192954
1 0.920959 0.305583 0.154081 0.184499
1 0.063024 0.517073 0.126016 0.166938
1 0.230911 0.508401 0.255285 0.164770
1 0.472374 0.505691 0.239024 0.157182
1 0.706114 0.486179 0.252846 0.163686
1 0.906325 0.472000 0.183350 0.154667
1 0.075220 0.669919 0.150407 0.153930
1 0.089033 0.798938 0.178065 0.130125
1 0.098382 0.912434 0.196764 0.116466
1 0.246764 0.658537 0.243089 0.152846
1 0.468309 0.645528 0.216260 0.144173
1 0.263431 0.786450 0.222764 0.139837
1 0.472374 0.773442 0.196748 0.131165
1 0.279691 0.896477 0.208130 0.117073
1 0.471967 0.881843 0.194309 0.111653
1 0.696358 0.633062 0.226829 0.136585
1 0.896976 0.611924 0.202049 0.122493
1 0.991691 0.608921 0.012618 0.120824
1 0.682130 0.745799 0.222764 0.130081
1 0.873593 0.732791 0.207317 0.121409
1 0.977057 0.728000 0.041886 0.117333
1 0.669935 0.855827 0.201626 0.122493
1 0.852455 0.842276 0.202439 0.112737
1 0.961610 0.835230 0.072780 0.100813
