1 0.073000 0.044715 0.146000 0.089431
1 0.232000 0.039295 0.156000 0.078591
1 0.398000 0.029810 0.168000 0.059621
1 0.580000 0.039295 0.160000 0.078591
1 0.757000 0.010840 0.134000 0.021680
1 0.914000 0.010840 0.172000 0.021680
1 0.981000 0.136856 0.038000 0.246612
1 0.971000 0.384824 0.058000 0.254743
1 0.962000 0.632791 0.076000 0.252033
1 0.963000 0.876694 0.074000 0.246612
1 0.069000 0.201897 0.138000 0.241192
1 0.216000 0.193767 0.160000 0.252033
1 0.385000 0.181572 0.170000 0.243902
1 0.576000 0.180217 0.168000 0.224932
1 0.732000 0.151762 0.140000 0.260163
1 0.881000 0.139566 0.166000 0.252033
1 0.857000 0.394309 0.166000 0.246612
1 0.689000 0.405149 0.170000 0.252033
1 0.525000 0.413279 0.166000 0.252033
1 0.362000 0.418699 0.172000 0.257453
1 0.198000 0.433604 0.164000 0.249322
1 0.060000 0.444444 0.120000 0.238482
1 0.052000 0.682927 0.104000 0.238482
1 0.181000 0.677507 0.158000 0.238482
1 0.342000 0.659892 0.180000 0.246612
1 0.510000 0.657182 0.172000 0.252033
1 0.670000 0.647696 0.164000 0.249322
1 0.843000 0.636856 0.170000 0.249322
1 0.851000 0.882114 0.170000 0.235772
1 0.683000 0.883469 0.170000 0.227642
1 0.514000 0.887534 0.160000 0.224932
1 0.349000 0.894309 0.178000 0.211382
1 0.182000 0.894309 0.160000 0.211382
1 0.052000 0.902439 0.104000 0.195122
