1 0.312234 0.314539 0.373404 0.274468
1 0.223138 0.528369 0.161170 0.198582
1 0.386170 0.544326 0.164894 0.204965
1 0.565691 0.356028 0.185638 0.215603
1 0.554521 0.557801 0.179255 0.210638
1 0.405851 0.754965 0.341489 0.261702
1 0.666489 0.786525 0.188298 0.253901
1 0.116755 0.725887 0.232447 0.240426
1 0.063564 0.328014 0.127128 0.197872
1 0.070745 0.517021 0.139362 0.191489
1 0.753813 0.310821 0.203050 0.217284
1 0.738562 0.547277 0.207407 0.266086
1 0.874599 0.796793 0.246802 0.241081
1 0.914468 0.593975 0.167063 0.220049
1 0.921222 0.413406 0.153556 0.159855
1 0.916993 0.261147 0.161656 0.159768
