1 0.360120 0.086306 0.216834 0.172612
1 0.364729 0.267735 0.206814 0.176353
1 0.366733 0.451837 0.200401 0.169405
1 0.370741 0.622311 0.193186 0.167268
1 0.369339 0.788243 0.190381 0.163527
1 0.373267 0.932334 0.186533 0.129999
1 0.136473 0.956045 0.272144 0.082298
1 0.134269 0.867602 0.268537 0.125585
1 0.133267 0.751102 0.266533 0.122378
1 0.130862 0.632465 0.260922 0.123447
1 0.131864 0.506880 0.262926 0.126653
1 0.130461 0.381029 0.260120 0.125050
1 0.125852 0.254375 0.250100 0.140013
1 0.121042 0.113560 0.240481 0.135204
1 0.124649 0.026987 0.249299 0.051837
1 0.575795 0.087042 0.200978 0.174083
1 0.575550 0.266667 0.191687 0.174735
1 0.575051 0.446788 0.189452 0.165517
1 0.570791 0.613117 0.186613 0.158485
1 0.567546 0.777011 0.182556 0.163895
1 0.569168 0.924630 0.183367 0.145406
1 0.754921 0.921114 0.181842 0.152438
1 0.755175 0.765870 0.190259 0.162166
1 0.922653 0.914969 0.153347 0.156863
1 0.924558 0.762718 0.146884 0.165436
1 0.761258 0.603771 0.191886 0.162511
1 0.762880 0.438404 0.195132 0.170385
1 0.770183 0.268019 0.193509 0.171467
1 0.773022 0.088168 0.192698 0.175254
1 0.942567 0.087585 0.110867 0.175169
1 0.932409 0.270720 0.131183 0.168228
1 0.929257 0.442294 0.136618 0.165852
1 0.927248 0.603439 0.139824 0.160766
