1 0.198000 0.013514 0.176000 0.027027
1 0.157000 0.309582 0.262000 0.579853
1 0.338000 0.020885 0.100000 0.041769
1 0.400000 0.309582 0.240000 0.550369
1 0.525000 0.159705 0.274000 0.319410
1 0.636000 0.285012 0.236000 0.570025
1 0.814000 0.269042 0.328000 0.538084
1 0.189000 0.696560 0.242000 0.218673
1 0.206000 0.878378 0.212000 0.169533
1 0.403000 0.668305 0.222000 0.196560
1 0.405000 0.846437 0.206000 0.179361
1 0.620000 0.662162 0.220000 0.218673
1 0.611000 0.839066 0.206000 0.159705
1 0.797000 0.805897 0.194000 0.157248
1 0.824000 0.637592 0.224000 0.203931
