1 0.029000 0.130728 0.058000 0.261456
1 0.115000 0.130728 0.178000 0.261456
1 0.281000 0.126685 0.214000 0.253369
1 0.535000 0.125337 0.326000 0.250674
1 0.050000 0.386792 0.100000 0.256065
1 0.155000 0.398922 0.166000 0.280323
1 0.309000 0.400270 0.206000 0.309973
1 0.550000 0.401617 0.300000 0.361186
1 0.049000 0.619946 0.098000 0.247978
1 0.164000 0.642857 0.180000 0.261456
1 0.325000 0.681941 0.178000 0.285714
1 0.544000 0.671159 0.288000 0.398922
1 0.064000 0.828841 0.128000 0.212938
1 0.180000 0.869272 0.164000 0.250674
1 0.341000 0.882749 0.190000 0.234501
1 0.564000 0.838275 0.264000 0.323450
1 0.732000 0.110512 0.080000 0.221024
1 0.878000 0.106469 0.220000 0.212938
1 0.729000 0.339623 0.078000 0.253369
1 0.869000 0.338275 0.214000 0.272237
1 0.726000 0.572776 0.076000 0.229111
1 0.861000 0.582210 0.198000 0.253369
1 0.730000 0.784367 0.080000 0.221024
1 0.858000 0.816712 0.192000 0.258760
