1 0.326000 0.268539 0.236000 0.053933
1 0.558000 0.264607 0.228000 0.046067
1 0.764000 0.263483 0.196000 0.043820
1 0.384000 0.305618 0.236000 0.040449
1 0.555000 0.306742 0.118000 0.040449
1 0.296000 0.333146 0.148000 0.021348
1 0.296000 0.397753 0.200000 0.112360
1 0.477000 0.383708 0.222000 0.113483
1 0.648000 0.380899 0.268000 0.110112
1 0.216000 0.514045 0.256000 0.129213
1 0.366000 0.486517 0.132000 0.087640
1 0.525000 0.498315 0.306000 0.131461
1 0.792000 0.488202 0.332000 0.120225
1 0.718000 0.311798 0.236000 0.055056
1 0.862000 0.410112 0.160000 0.040449
1 0.258000 0.603933 0.220000 0.149438
1 0.490000 0.604494 0.216000 0.130337
1 0.689000 0.601124 0.218000 0.116854
1 0.894000 0.591573 0.212000 0.108989
1 0.939000 0.469663 0.122000 0.119101
1 0.203000 0.716854 0.194000 0.092135
1 0.390000 0.689326 0.204000 0.122472
1 0.587000 0.697753 0.198000 0.087640
1 0.782000 0.682584 0.212000 0.097753
1 0.233000 0.789888 0.198000 0.080899
1 0.419000 0.784270 0.194000 0.083146
1 0.606000 0.774157 0.184000 0.083146
1 0.801000 0.752809 0.194000 0.089888
1 0.943000 0.700000 0.114000 0.094382
1 0.955000 0.657303 0.086000 0.047191
