1 0.064252 0.130000 0.128504 0.260000
1 0.231703 0.121775 0.264190 0.237358
1 0.493829 0.112487 0.288958 0.218782
1 0.775046 0.100103 0.316821 0.196078
1 0.831806 0.365325 0.314757 0.408669
1 0.857100 0.745748 0.272466 0.411496
1 0.595996 0.765738 0.295150 0.373581
1 0.582064 0.390609 0.259030 0.397317
1 0.272466 0.414345 0.252838 0.382869
1 0.088504 0.430743 0.177007 0.378514
1 0.106047 0.797730 0.212095 0.383901
1 0.329742 0.783798 0.297214 0.374613
1 0.621001 0.970351 0.264665 0.045965
1 0.882384 0.963333 0.221899 0.060000
1 0.346667 0.974479 0.266667 0.037709
1 0.113230 0.981703 0.199794 0.023261
