1 0.639959 0.184252 0.391481 0.170079
1 0.717039 0.359055 0.265720 0.173228
1 0.450304 0.360630 0.263692 0.176378
1 0.190669 0.360630 0.263692 0.170079
1 0.246450 0.188976 0.391481 0.179528
1 0.628803 0.533071 0.385396 0.168504
1 0.230223 0.524409 0.383367 0.170079
1 0.678499 0.698425 0.261663 0.168504
1 0.420892 0.681102 0.245436 0.187402
1 0.176471 0.684252 0.235294 0.159055
1 0.253550 0.832283 0.365112 0.159055
1 0.626775 0.852756 0.365112 0.162205
1 0.911765 0.257480 0.139959 0.074016
1 0.924949 0.335433 0.150101 0.075591
1 0.909736 0.408661 0.119675 0.077165
1 0.914807 0.485039 0.170385 0.075591
1 0.892495 0.552756 0.137931 0.081890
1 0.025355 0.250394 0.050710 0.075591
1 0.031440 0.325984 0.062880 0.075591
1 0.029412 0.400000 0.058824 0.072441
