1 0.109000 0.022667 0.182000 0.045333
1 0.278000 0.025333 0.164000 0.050667
1 0.374000 0.020000 0.036000 0.040000
1 0.433000 0.018667 0.086000 0.037333
1 0.184000 0.316000 0.368000 0.562667
1 0.558000 0.022667 0.168000 0.045333
1 0.509000 0.273333 0.322000 0.482667
1 0.761000 0.065333 0.238000 0.130667
1 0.793000 0.272000 0.282000 0.298667
1 0.766000 0.536000 0.240000 0.181333
1 0.918000 0.469333 0.072000 0.090667
1 0.955000 0.446667 0.090000 0.141333
1 0.927000 0.622667 0.142000 0.232000
1 0.749000 0.725333 0.230000 0.197333
1 0.505000 0.752000 0.282000 0.410667
1 0.200000 0.810667 0.360000 0.378667
