1 0.734000 0.431784 0.296000 0.170915
1 0.505000 0.464768 0.182000 0.143928
1 0.705000 0.580210 0.238000 0.137931
1 0.495000 0.584708 0.178000 0.131934
1 0.345000 0.490255 0.146000 0.119940
1 0.333000 0.598951 0.162000 0.115442
1 0.208000 0.606447 0.128000 0.106447
1 0.215000 0.512744 0.126000 0.107946
1 0.935000 0.448276 0.130000 0.143928
1 0.909000 0.598201 0.174000 0.176912
1 0.910000 0.778111 0.172000 0.200900
1 0.917000 0.927286 0.162000 0.142429
1 0.744000 0.897301 0.196000 0.199400
1 0.742000 0.724888 0.192000 0.169415
1 0.573000 0.723388 0.146000 0.151424
1 0.445000 0.718141 0.122000 0.134933
1 0.333000 0.711394 0.110000 0.124438
1 0.242000 0.709895 0.092000 0.112444
1 0.161000 0.710645 0.082000 0.104948
1 0.068000 0.690405 0.136000 0.073463
1 0.073000 0.625187 0.146000 0.065967
1 0.062000 0.748876 0.120000 0.058471
1 0.079000 0.568216 0.154000 0.083958
1 0.081000 0.505247 0.162000 0.092954
1 0.090000 0.449025 0.052000 0.070465
1 0.783000 0.305097 0.250000 0.175412
1 0.927000 0.344828 0.046000 0.089955
1 0.592000 0.333583 0.136000 0.148426
1 0.471000 0.363568 0.114000 0.139430
1 0.367000 0.387556 0.102000 0.121439
1 0.281000 0.406297 0.082000 0.110945
1 0.209000 0.425787 0.078000 0.098951
1 0.141000 0.442279 0.066000 0.089955
1 0.019000 0.411544 0.034000 0.064468
1 0.053000 0.404048 0.042000 0.082459
1 0.103000 0.385307 0.062000 0.083958
1 0.155000 0.365817 0.066000 0.086957
1 0.214000 0.345577 0.084000 0.109445
1 0.291000 0.322339 0.082000 0.110945
1 0.375000 0.293103 0.090000 0.121439
1 0.474000 0.259370 0.112000 0.134933
1 0.593000 0.221139 0.126000 0.142429
1 0.781000 0.195652 0.254000 0.199400
1 0.924000 0.258621 0.060000 0.151424
1 0.236000 0.818591 0.080000 0.116942
1 0.328000 0.832084 0.112000 0.131934
1 0.433000 0.853823 0.130000 0.157421
1 0.572000 0.876312 0.156000 0.172414
1 0.463000 0.950525 0.198000 0.098951
1 0.206000 0.932534 0.312000 0.134933
1 0.109000 0.839580 0.218000 0.125937
1 0.029000 0.943778 0.058000 0.112444
1 0.167000 0.296102 0.098000 0.106447
1 0.260000 0.252624 0.108000 0.121439
1 0.376000 0.204648 0.132000 0.142429
1 0.519000 0.148426 0.166000 0.161919
1 0.766000 0.106447 0.336000 0.209895
1 0.081000 0.326837 0.098000 0.098951
1 0.689000 0.035982 0.178000 0.071964
1 0.524000 0.066717 0.164000 0.133433
1 0.384000 0.122939 0.144000 0.146927
1 0.265000 0.182159 0.114000 0.118441
1 0.175000 0.224888 0.090000 0.113943
1 0.094000 0.266117 0.080000 0.097451
1 0.030000 0.296102 0.060000 0.076462
