1 0.017824 0.800000 0.035647 0.173333
1 0.006567 0.625000 0.013133 0.176667
1 0.257036 0.510000 0.285178 0.273333
1 0.261726 0.291667 0.294559 0.263333
1 0.507505 0.115000 0.268293 0.230000
1 0.299250 0.075000 0.110694 0.136667
1 0.254221 0.705000 0.272045 0.283333
1 0.254221 0.891667 0.253283 0.216667
1 0.475610 0.840000 0.193246 0.213333
1 0.487805 0.673333 0.198874 0.206667
1 0.500000 0.508333 0.204503 0.190000
1 0.511257 0.315000 0.200750 0.196667
1 0.677298 0.480000 0.168856 0.160000
1 0.681989 0.206667 0.046904 0.040000
1 0.693246 0.310000 0.166979 0.173333
1 0.662289 0.636667 0.165103 0.166667
1 0.648218 0.785000 0.163227 0.170000
1 0.778612 0.526667 0.063790 0.066667
1 0.769231 0.588333 0.056285 0.056667
1 0.786116 0.448333 0.056285 0.083333
1 0.776735 0.360000 0.026266 0.086667
1 0.889306 0.463333 0.116323 0.240000
