1 0.103030 0.163636 0.084848 0.081818
1 0.115152 0.252273 0.096970 0.086364
1 0.100000 0.338636 0.066667 0.086364
1 0.106061 0.425000 0.090909 0.086364
1 0.093939 0.502273 0.066667 0.095455
1 0.109091 0.588636 0.084848 0.095455
1 0.090909 0.668182 0.060606 0.090909
1 0.103030 0.754545 0.084848 0.090909
1 0.081818 0.822727 0.090909 0.109091
1 0.233333 0.156818 0.139394 0.095455
1 0.239394 0.254545 0.127273 0.100000
1 0.209091 0.347727 0.103030 0.095455
1 0.233333 0.443182 0.115152 0.095455
1 0.203030 0.522727 0.115152 0.100000
1 0.212121 0.615909 0.121212 0.113636
1 0.203030 0.697727 0.115152 0.122727
1 0.203030 0.786364 0.103030 0.118182
1 0.378788 0.154545 0.163636 0.109091
1 0.372727 0.256818 0.139394 0.104545
1 0.354545 0.359091 0.151515 0.109091
1 0.348485 0.461364 0.127273 0.113636
1 0.342424 0.554545 0.139394 0.127273
1 0.336364 0.645455 0.127273 0.127273
1 0.336364 0.743182 0.139394 0.131818
1 0.766667 0.259091 0.357576 0.118182
1 0.760606 0.370455 0.357576 0.122727
1 0.745455 0.484091 0.351515 0.131818
1 0.739394 0.593182 0.351515 0.140909
1 0.724242 0.702273 0.357576 0.159091
1 0.645455 0.818182 0.187879 0.154545
1 0.648485 0.911364 0.181818 0.150000
1 0.633333 0.963636 0.200000 0.072727
