1 0.636364 0.356818 0.230303 0.140909
1 0.393939 0.347727 0.254545 0.150000
1 0.866667 0.359091 0.230303 0.145455
1 0.136364 0.343182 0.260606 0.159091
1 0.169697 0.197727 0.315152 0.150000
1 0.484848 0.211364 0.315152 0.150000
1 0.787879 0.222727 0.303030 0.127273
1 0.472727 0.495455 0.303030 0.145455
1 0.787879 0.495455 0.327273 0.145455
1 0.787879 0.634091 0.327273 0.159091
1 0.451515 0.643182 0.357576 0.150000
1 0.142424 0.650000 0.272727 0.154545
1 0.157576 0.497727 0.315152 0.150000
1 0.845455 0.104545 0.212121 0.127273
1 0.624242 0.088636 0.230303 0.140909
1 0.393939 0.072727 0.242424 0.145455
1 0.142424 0.065909 0.248485 0.131818
1 0.190909 0.800000 0.369697 0.163636
1 0.548485 0.790909 0.357576 0.163636
1 0.851515 0.777273 0.248485 0.163636
1 0.166667 0.936364 0.309091 0.127273
1 0.460606 0.931818 0.290909 0.136364
1 0.793939 0.922727 0.375758 0.154545
