1 0.142500 0.193673 0.285000 0.174383
1 0.390000 0.071759 0.303333 0.143519
1 0.417500 0.212963 0.265000 0.160494
1 0.669167 0.084105 0.248333 0.168210
1 0.890000 0.104167 0.220000 0.152778
1 0.893333 0.240741 0.213333 0.145062
1 0.670833 0.228395 0.245000 0.154321
1 0.143333 0.353395 0.286667 0.163580
1 0.422500 0.361111 0.268333 0.148148
1 0.674167 0.367284 0.235000 0.138889
1 0.893333 0.371914 0.213333 0.129630
1 0.890000 0.497685 0.220000 0.125000
1 0.885833 0.616512 0.221667 0.131173
1 0.668333 0.502315 0.233333 0.131173
1 0.666667 0.628086 0.223333 0.126543
1 0.873333 0.734568 0.213333 0.126543
1 0.873333 0.844136 0.193333 0.126543
1 0.660833 0.862654 0.235000 0.129630
1 0.420833 0.503086 0.268333 0.138889
1 0.145833 0.509259 0.291667 0.151235
1 0.155833 0.651235 0.285000 0.154321
1 0.426667 0.638117 0.253333 0.140432
1 0.426667 0.766975 0.246667 0.141975
1 0.659167 0.750772 0.225000 0.125000
1 0.430000 0.892747 0.243333 0.143519
1 0.159167 0.789352 0.281667 0.158951
1 0.165000 0.914352 0.276667 0.152778
