1 0.081000 0.030667 0.154000 0.061333
1 0.131000 0.156000 0.262000 0.285333
1 0.133000 0.385333 0.266000 0.248000
1 0.345000 0.092000 0.374000 0.184000
1 0.400000 0.224000 0.280000 0.240000
1 0.403000 0.405333 0.274000 0.197333
1 0.058000 0.636000 0.116000 0.253333
1 0.241000 0.618667 0.250000 0.234667
1 0.452000 0.590667 0.172000 0.178667
1 0.058000 0.868000 0.116000 0.264000
1 0.241000 0.818667 0.254000 0.277333
1 0.125000 0.953333 0.250000 0.093333
1 0.396000 0.897333 0.296000 0.205333
1 0.453000 0.757333 0.174000 0.208000
1 0.592000 0.057333 0.240000 0.114667
1 0.621000 0.132000 0.178000 0.205333
1 0.600000 0.272000 0.124000 0.176000
1 0.698000 0.293333 0.068000 0.138667
1 0.601000 0.420000 0.126000 0.152000
1 0.617000 0.568000 0.166000 0.149333
1 0.618000 0.704000 0.164000 0.176000
1 0.607000 0.854667 0.126000 0.189333
1 0.500000 0.973333 0.096000 0.053333
1 0.612000 0.942667 0.128000 0.114667
1 0.684000 0.817333 0.032000 0.136000
1 0.687000 0.942667 0.026000 0.114667
1 0.792000 0.029333 0.100000 0.058667
1 0.773000 0.082667 0.122000 0.165333
1 0.770000 0.178667 0.124000 0.117333
1 0.880000 0.057333 0.084000 0.114667
1 0.921000 0.017333 0.054000 0.034667
1 0.969000 0.037333 0.046000 0.074667
1 0.958000 0.090667 0.068000 0.133333
1 0.877000 0.120000 0.086000 0.112000
1 0.956000 0.149333 0.072000 0.069333
1 0.865000 0.228000 0.270000 0.152000
1 0.864000 0.344000 0.272000 0.128000
1 0.850000 0.460000 0.300000 0.125333
1 0.850000 0.574667 0.300000 0.130667
1 0.850000 0.681333 0.300000 0.157333
1 0.849000 0.792000 0.302000 0.192000
1 0.849000 0.889333 0.302000 0.205333
1 0.848000 0.942667 0.304000 0.114667
1 0.696000 0.428000 0.064000 0.136000
