1 0.076055 0.090090 0.152110 0.174174
1 0.262748 0.079246 0.236584 0.158492
1 0.494461 0.072990 0.237976 0.143894
1 0.723043 0.070904 0.224755 0.137638
1 0.916834 0.067568 0.162325 0.135135
1 0.929581 0.219428 0.136829 0.167751
1 0.741483 0.217926 0.243543 0.171004
1 0.501072 0.228353 0.237280 0.181431
1 0.272142 0.235652 0.230322 0.185602
1 0.079534 0.251460 0.159068 0.181765
1 0.080926 0.414998 0.161851 0.175175
1 0.274925 0.401443 0.226147 0.168919
1 0.501072 0.393623 0.231713 0.174132
1 0.730002 0.386324 0.226147 0.165791
1 0.920188 0.380068 0.155617 0.161620
1 0.918100 0.539414 0.159792 0.159910
1 0.726175 0.549508 0.229626 0.160577
1 0.496201 0.559414 0.227538 0.176218
1 0.267966 0.562020 0.228930 0.156406
1 0.076055 0.573803 0.152110 0.173715
1 0.076055 0.735173 0.152110 0.175300
1 0.262400 0.719469 0.219188 0.171004
1 0.480197 0.714256 0.226147 0.164748
1 0.709127 0.706436 0.227538 0.151193
1 0.911142 0.694007 0.173709 0.144770
1 0.903835 0.848974 0.188321 0.166416
1 0.695210 0.852415 0.217797 0.153278
1 0.476369 0.848765 0.212926 0.145979
1 0.257181 0.868056 0.225451 0.151193
1 0.073619 0.886032 0.147239 0.155864
1 0.075359 0.970324 0.150718 0.053345
1 0.261008 0.969198 0.220580 0.055264
1 0.478151 0.955205 0.222055 0.083584
1 0.702168 0.956769 0.215013 0.080455
1 0.901052 0.941567 0.193888 0.108442
