1 0.265000 0.033784 0.530000 0.067568
1 0.072000 0.186937 0.140000 0.247748
1 0.490000 0.183934 0.684000 0.256757
1 0.763000 0.042793 0.474000 0.085586
1 0.910000 0.192192 0.180000 0.240240
1 0.877000 0.419670 0.246000 0.214715
1 0.827000 0.629129 0.346000 0.210210
1 0.794000 0.818318 0.412000 0.216216
1 0.448000 0.419670 0.652000 0.241742
1 0.068000 0.421922 0.136000 0.225225
1 0.027000 0.639640 0.050000 0.207207
1 0.351000 0.635135 0.618000 0.201201
1 0.295000 0.839339 0.590000 0.216216
1 0.300000 0.966967 0.564000 0.066066
1 0.798000 0.956456 0.404000 0.084084
