1 0.267024 0.349814 0.172591 0.374250
1 0.442827 0.329559 0.175589 0.365891
1 0.610278 0.324093 0.164454 0.361389
1 0.386724 0.727601 0.177302 0.380037
1 0.556103 0.692877 0.171734 0.368463
1 0.447578 0.933194 0.132844 0.127605
1 0.306210 0.908759 0.143897 0.176476
1 0.271734 0.675515 0.100642 0.288726
1 0.580388 0.932551 0.131225 0.128891
1 0.558435 0.056926 0.133217 0.113853
1 0.418783 0.060321 0.136348 0.119598
1 0.146261 0.078861 0.132522 0.157723
1 0.282261 0.064499 0.135304 0.127954
1 0.130783 0.328764 0.105043 0.301345
1 0.156870 0.649432 0.135652 0.304478
1 0.170391 0.899073 0.143217 0.195848
1 0.736000 0.926242 0.176000 0.141510
1 0.746125 0.772039 0.176560 0.215717
1 0.742722 0.570230 0.184121 0.131133
1 0.768053 0.349404 0.156900 0.353662
1 0.724386 0.105871 0.184499 0.140216
