1 0.162211 0.057453 0.324390 0.112737
1 0.023585 0.234688 0.047171 0.250407
1 0.083756 0.220054 0.147967 0.275339
1 0.210992 0.200542 0.182927 0.310027
1 0.384163 0.188618 0.208943 0.340379
1 0.610992 0.192954 0.270732 0.383740
1 0.474813 0.021138 0.307317 0.033604
1 0.862016 0.198417 0.271967 0.392499
1 0.037000 0.467751 0.074000 0.224390
1 0.119122 0.477507 0.150407 0.246070
1 0.246358 0.487805 0.162602 0.277507
1 0.402455 0.508943 0.195122 0.308943
1 0.615870 0.542005 0.252846 0.357724
1 0.867496 0.589160 0.260163 0.413008
1 0.055293 0.685637 0.110585 0.226558
1 0.152049 0.711111 0.149593 0.253659
1 0.279691 0.743631 0.167480 0.281843
1 0.436602 0.785908 0.188618 0.312195
1 0.632943 0.843924 0.225203 0.306818
1 0.868000 0.863978 0.260000 0.266710
1 0.017089 0.873713 0.032520 0.192954
1 0.061805 0.880217 0.118699 0.208130
1 0.173187 0.899187 0.125203 0.194038
1 0.296764 0.919263 0.138211 0.156141
1 0.446236 0.942569 0.164472 0.109528
1 0.543000 0.982136 0.094000 0.030396
1 0.137821 0.979946 0.182927 0.032520
1 0.031715 0.978862 0.063431 0.032520
