1 0.315997 0.046941 0.534306 0.091772
1 0.729912 0.037447 0.298110 0.062236
1 0.932994 0.057658 0.119519 0.101983
1 0.879678 0.273629 0.226151 0.347257
1 0.722459 0.266878 0.278619 0.392405
1 0.318290 0.311181 0.541185 0.476793
1 0.598055 0.642932 0.286645 0.422996
1 0.863626 0.549051 0.258255 0.266878
1 0.237112 0.717131 0.474225 0.552405
1 0.607801 0.905422 0.306136 0.175823
1 0.323312 0.930738 0.313291 0.125190
1 0.837117 0.896624 0.175427 0.191983
1 0.057971 0.892236 0.115942 0.202194
1 0.895730 0.922827 0.194047 0.141013
