1 0.155000 0.423538 0.210000 0.166417
1 0.020000 0.351574 0.040000 0.082459
1 0.028000 0.416042 0.056000 0.082459
1 0.036000 0.476012 0.072000 0.082459
1 0.039000 0.546477 0.078000 0.133433
1 0.026000 0.636432 0.052000 0.082459
1 0.031000 0.693403 0.062000 0.106447
1 0.036000 0.736882 0.072000 0.112444
1 0.050000 0.784108 0.068000 0.122939
1 0.014000 0.845577 0.028000 0.092954
1 0.007000 0.788606 0.014000 0.068966
1 0.162000 0.566717 0.264000 0.212894
1 0.179000 0.712894 0.234000 0.139430
1 0.209000 0.820090 0.202000 0.113943
1 0.384000 0.829085 0.164000 0.113943
1 0.368000 0.715142 0.172000 0.128936
1 0.370000 0.555472 0.208000 0.193403
1 0.357000 0.378561 0.202000 0.178411
1 0.635000 0.353823 0.270000 0.131934
1 0.848000 0.341829 0.304000 0.134933
1 0.879000 0.446777 0.242000 0.086957
1 0.593000 0.275862 0.194000 0.032984
1 0.806000 0.269865 0.312000 0.032984
1 0.932000 0.515742 0.136000 0.068966
1 0.636000 0.443778 0.252000 0.089955
1 0.692000 0.511244 0.360000 0.098951
1 0.929000 0.580960 0.142000 0.070465
1 0.690000 0.580960 0.344000 0.091454
1 0.872000 0.647676 0.256000 0.068966
1 0.633000 0.639430 0.226000 0.097451
1 0.646000 0.711394 0.208000 0.073463
1 0.876000 0.709145 0.248000 0.071964
1 0.924000 0.763118 0.152000 0.059970
1 0.922000 0.814843 0.156000 0.043478
1 0.700000 0.763118 0.304000 0.065967
1 0.696000 0.822339 0.292000 0.058471
1 0.865000 0.860570 0.270000 0.050975
1 0.632000 0.821589 0.192000 0.137931
1 0.864000 0.910045 0.272000 0.050975
1 0.630000 0.913043 0.184000 0.041979
