1 0.269159 0.155475 0.376978 0.282025
1 0.565855 0.148760 0.230375 0.276860
1 0.785759 0.145661 0.212535 0.270661
1 0.710906 0.410640 0.357586 0.267562
1 0.425070 0.417872 0.220292 0.261364
1 0.209044 0.421488 0.233478 0.254132
1 0.770245 0.653926 0.200124 0.231405
1 0.568182 0.666839 0.207105 0.246901
1 0.286612 0.669938 0.352932 0.253099
1 0.234254 0.891529 0.200124 0.196281
1 0.438644 0.885847 0.207105 0.199380
1 0.695005 0.869835 0.307167 0.219008
1 0.734797 0.971901 0.179491 0.047107
1 0.551505 0.985331 0.181508 0.020248
