1 0.351852 0.102273 0.271605 0.204545
1 0.638889 0.104545 0.314815 0.209091
1 0.759259 0.315909 0.345679 0.240909
1 0.453704 0.313636 0.290123 0.218182
1 0.290123 0.306818 0.037037 0.195455
1 0.141975 0.318182 0.283951 0.245455
1 0.157407 0.529545 0.314815 0.250000
1 0.438272 0.506818 0.283951 0.195455
1 0.740741 0.527273 0.320988 0.200000
1 0.731481 0.700000 0.290123 0.172727
1 0.734568 0.859091 0.296296 0.172727
1 0.410494 0.870455 0.351852 0.259091
1 0.462963 0.686364 0.246914 0.172727
1 0.172840 0.713636 0.345679 0.245455
1 0.123457 0.904545 0.246914 0.181818
