1 0.254000 0.130435 0.216000 0.260870
1 0.465000 0.128186 0.218000 0.256372
1 0.682000 0.122939 0.220000 0.245877
1 0.898000 0.118441 0.204000 0.236882
1 0.223000 0.367316 0.226000 0.242879
1 0.149000 0.607946 0.074000 0.241379
1 0.438000 0.347076 0.212000 0.196402
1 0.655000 0.339580 0.222000 0.196402
1 0.879000 0.355322 0.234000 0.266867
1 0.906000 0.619190 0.180000 0.263868
1 0.484000 0.873313 0.208000 0.253373
1 0.698000 0.872564 0.220000 0.254873
1 0.899000 0.871064 0.202000 0.257871
1 0.500000 0.583958 0.648000 0.313343
