1 0.317635 0.160588 0.110220 0.123447
1 0.309619 0.282164 0.119840 0.125050
1 0.298798 0.410688 0.127054 0.137341
1 0.286974 0.563260 0.145090 0.163527
1 0.292385 0.767401 0.213627 0.218036
1 0.429459 0.613494 0.137475 0.238343
1 0.434068 0.421643 0.125050 0.147495
1 0.431463 0.283768 0.113427 0.126119
1 0.430060 0.167268 0.114629 0.113293
1 0.535271 0.159252 0.113427 0.111156
1 0.550301 0.273614 0.120240 0.128257
1 0.559519 0.409886 0.132265 0.160321
1 0.563928 0.614295 0.142685 0.244222
1 0.696794 0.638611 0.179158 0.273614
1 0.685772 0.428591 0.137876 0.151770
1 0.645090 0.153641 0.119840 0.106346
1 0.663928 0.279225 0.131864 0.143754
1 0.750902 0.147495 0.122244 0.105812
1 0.782164 0.261590 0.131864 0.123447
1 0.807415 0.407214 0.151904 0.174215
1 0.820240 0.614830 0.204810 0.260254
