1 0.898000 0.469333 0.132000 0.293333
1 0.894000 0.762667 0.132000 0.282667
1 0.760000 0.765333 0.140000 0.282667
1 0.623000 0.768000 0.138000 0.288000
1 0.483000 0.762667 0.138000 0.282667
1 0.347000 0.768000 0.138000 0.277333
1 0.212000 0.769333 0.140000 0.280000
1 0.083000 0.760000 0.130000 0.272000
1 0.081000 0.478667 0.126000 0.280000
1 0.210000 0.478667 0.136000 0.290667
1 0.345000 0.472000 0.138000 0.293333
1 0.485000 0.472000 0.138000 0.298667
1 0.627000 0.464000 0.138000 0.293333
1 0.764000 0.473333 0.132000 0.296000
1 0.894000 0.176000 0.136000 0.282667
1 0.759000 0.176000 0.138000 0.288000
1 0.624000 0.170667 0.144000 0.282667
1 0.486000 0.170667 0.144000 0.282667
1 0.346000 0.178667 0.132000 0.288000
1 0.213000 0.189333 0.134000 0.288000
1 0.085000 0.194667 0.130000 0.282667
