1 0.150424 0.194915 0.139831 0.310734
1 0.139831 0.500000 0.144068 0.310734
1 0.286017 0.500000 0.156780 0.322034
1 0.292373 0.189266 0.144068 0.310734
1 0.440678 0.183616 0.152542 0.310734
1 0.593220 0.189266 0.152542 0.310734
1 0.743644 0.186441 0.148305 0.305085
1 0.883475 0.192090 0.148305 0.305085
1 0.891949 0.502825 0.148305 0.316384
1 0.745763 0.502825 0.152542 0.316384
1 0.597458 0.502825 0.152542 0.316384
1 0.440678 0.502825 0.161017 0.316384
1 0.139831 0.816384 0.144068 0.310734
1 0.288136 0.816384 0.152542 0.310734
1 0.438559 0.819209 0.156780 0.316384
1 0.593220 0.819209 0.152542 0.316384
1 0.747881 0.816384 0.156780 0.310734
1 0.898305 0.816384 0.144068 0.299435
