1 0.047946 0.028000 0.095891 0.056000
1 0.048721 0.203938 0.097442 0.333457
1 0.078178 0.474253 0.156357 0.363494
1 0.097558 0.681313 0.195116 0.360041
1 0.120814 0.829416 0.241628 0.335835
1 0.962837 0.282667 0.070326 0.352000
1 0.950434 0.521447 0.095132 0.255297
1 0.940357 0.698191 0.115287 0.220155
1 0.854806 0.136434 0.241860 0.266667
1 0.626899 0.145736 0.227907 0.281137
1 0.836589 0.381395 0.213178 0.252196
1 0.635426 0.398966 0.200000 0.248062
1 0.816822 0.595866 0.187597 0.207752
1 0.636202 0.609819 0.181395 0.200517
1 0.800155 0.768992 0.171318 0.165375
1 0.635814 0.783463 0.165116 0.163307
1 0.389690 0.798450 0.345736 0.182946
1 0.362946 0.626357 0.377519 0.219121
1 0.331550 0.424289 0.418605 0.263566
1 0.283876 0.173643 0.465891 0.326615
