1 0.229000 0.165165 0.458000 0.222222
1 0.102000 0.361111 0.204000 0.178679
1 0.310000 0.358859 0.280000 0.189189
1 0.219000 0.537538 0.438000 0.174174
1 0.105000 0.676426 0.210000 0.160661
1 0.310000 0.695946 0.240000 0.175676
1 0.247000 0.867117 0.430000 0.259760
1 0.027000 0.780781 0.054000 0.159159
1 0.700000 0.898649 0.520000 0.199700
1 0.551000 0.730480 0.254000 0.202703
1 0.846000 0.780030 0.304000 0.223724
1 0.712000 0.578829 0.576000 0.235736
1 0.590000 0.373874 0.284000 0.207207
1 0.866000 0.379129 0.268000 0.223724
1 0.728000 0.152402 0.544000 0.241742
