1 0.111206 0.073744 0.222412 0.147488
1 0.327473 0.082511 0.205058 0.162959
1 0.525569 0.111390 0.186071 0.187712
1 0.806954 0.134080 0.381762 0.264035
1 0.745184 0.309931 0.397458 0.215559
1 0.287600 0.258878 0.545556 0.253721
1 0.702780 0.471859 0.431635 0.176367
1 0.240950 0.464727 0.481899 0.192240
1 0.756956 0.648478 0.481760 0.180998
1 0.761386 0.833096 0.472899 0.188238
1 0.261835 0.854544 0.523670 0.223893
1 0.258671 0.660973 0.517341 0.201863
1 0.759487 0.953959 0.476697 0.088555
1 0.256772 0.963391 0.513544 0.066163
