1 0.158056 0.175412 0.316111 0.233883
1 0.518194 0.180118 0.423611 0.231134
1 0.854972 0.173080 0.286056 0.229552
1 0.843861 0.380810 0.308278 0.191904
1 0.510556 0.386265 0.386111 0.189489
1 0.166389 0.386682 0.332778 0.186157
1 0.171944 0.560657 0.343889 0.167625
1 0.518194 0.561698 0.359722 0.165542
1 0.842472 0.561802 0.311056 0.165750
1 0.832750 0.711103 0.330500 0.147843
1 0.512639 0.713185 0.337500 0.147843
1 0.173333 0.714226 0.346667 0.141596
1 0.195972 0.851658 0.320833 0.133267
1 0.510556 0.850616 0.311111 0.129102
1 0.825833 0.850096 0.327778 0.132226
