1 0.163000 0.039730 0.178000 0.079460
1 0.337000 0.044978 0.174000 0.089955
1 0.530000 0.048726 0.164000 0.097451
1 0.692000 0.052474 0.164000 0.104948
1 0.145000 0.145427 0.126000 0.152924
1 0.261000 0.149925 0.118000 0.146927
1 0.375000 0.155172 0.114000 0.136432
1 0.490000 0.159670 0.116000 0.139430
1 0.597000 0.163418 0.110000 0.137931
1 0.699000 0.168666 0.114000 0.133433
1 0.034000 0.398801 0.068000 0.266867
1 0.165000 0.398801 0.258000 0.266867
1 0.384000 0.401049 0.220000 0.253373
1 0.593000 0.404798 0.214000 0.248876
1 0.789000 0.405547 0.222000 0.244378
1 0.933000 0.405547 0.134000 0.241379
1 0.104000 0.645427 0.208000 0.235382
1 0.344000 0.637931 0.300000 0.232384
1 0.659000 0.635682 0.290000 0.218891
1 0.890000 0.628186 0.220000 0.212894
1 0.061000 0.859070 0.122000 0.200900
1 0.203000 0.848576 0.214000 0.197901
1 0.396000 0.835082 0.184000 0.197901
1 0.578000 0.808096 0.184000 0.242879
1 0.753000 0.823088 0.186000 0.185907
1 0.912000 0.814093 0.176000 0.182909
1 0.118000 0.970765 0.232000 0.058471
1 0.358000 0.961019 0.256000 0.077961
1 0.664000 0.954273 0.244000 0.091454
1 0.887000 0.935532 0.226000 0.128936
1 0.977000 0.178411 0.046000 0.125937
1 0.990000 0.067466 0.020000 0.098951
1 0.951000 0.068216 0.094000 0.133433
1 0.923000 0.185157 0.110000 0.127436
1 0.883000 0.083958 0.066000 0.122939
1 0.844000 0.197151 0.084000 0.109445
1 0.828000 0.101199 0.072000 0.121439
1 0.781000 0.209145 0.066000 0.103448
1 0.776000 0.122189 0.052000 0.106447
1 0.860000 0.042729 0.200000 0.085457
1 0.022000 0.216642 0.040000 0.097451
1 0.023000 0.024738 0.046000 0.049475
1 0.019000 0.086957 0.034000 0.137931
1 0.051000 0.103448 0.042000 0.128936
1 0.079000 0.117691 0.018000 0.100450
1 0.064000 0.034483 0.036000 0.068966
