1 0.073000 0.084000 0.146000 0.168000
1 0.266000 0.090667 0.268000 0.181333
1 0.538000 0.076000 0.212000 0.152000
1 0.053000 0.254667 0.106000 0.216000
1 0.220000 0.277333 0.268000 0.229333
1 0.374000 0.248000 0.052000 0.170667
1 0.468000 0.248000 0.152000 0.192000
1 0.634000 0.241333 0.184000 0.200000
1 0.059000 0.440000 0.118000 0.202667
1 0.177000 0.468000 0.154000 0.226667
1 0.366000 0.476000 0.244000 0.280000
1 0.410000 0.338667 0.112000 0.032000
1 0.538000 0.424000 0.144000 0.170667
1 0.699000 0.416000 0.178000 0.224000
1 0.068000 0.597333 0.136000 0.192000
1 0.195000 0.640000 0.154000 0.197333
1 0.343000 0.684000 0.162000 0.200000
1 0.525000 0.650667 0.214000 0.304000
1 0.700000 0.604000 0.140000 0.178667
1 0.893000 0.205333 0.214000 0.256000
1 0.868000 0.476000 0.152000 0.296000
1 0.958000 0.486667 0.084000 0.312000
1 0.859000 0.772000 0.146000 0.322667
1 0.966000 0.796000 0.068000 0.322667
1 0.083000 0.745333 0.122000 0.173333
1 0.203000 0.786667 0.138000 0.186667
1 0.347000 0.841333 0.170000 0.194667
1 0.512000 0.877333 0.168000 0.213333
1 0.693000 0.838667 0.194000 0.322667
1 0.099000 0.873333 0.130000 0.162667
1 0.220000 0.918667 0.124000 0.162667
1 0.347000 0.952000 0.142000 0.096000
1 0.501000 0.953333 0.166000 0.093333
1 0.643000 0.988000 0.094000 0.024000
1 0.890000 0.928000 0.220000 0.144000
1 0.010000 0.581333 0.020000 0.160000
1 0.016000 0.709333 0.032000 0.128000
