1 0.106305 0.119717 0.212610 0.170128
1 0.331050 0.118122 0.248227 0.179697
1 0.579986 0.130881 0.241135 0.179697
1 0.816865 0.145768 0.263830 0.173318
1 0.161624 0.278680 0.323248 0.145672
1 0.450199 0.285060 0.236879 0.143545
1 0.730340 0.296224 0.351773 0.155242
1 0.114106 0.415856 0.228213 0.130807
1 0.341688 0.420630 0.218440 0.133976
1 0.560837 0.426478 0.225532 0.128659
1 0.770766 0.437643 0.234043 0.129722
1 0.167220 0.546631 0.326241 0.126532
1 0.441688 0.549289 0.208511 0.127596
1 0.704099 0.558859 0.327660 0.131849
1 0.110482 0.668379 0.212766 0.108456
1 0.319702 0.667847 0.202837 0.113773
1 0.522539 0.673163 0.202837 0.111646
1 0.723957 0.675822 0.214184 0.108456
1 0.156582 0.776835 0.307801 0.108456
1 0.414738 0.775240 0.194326 0.109520
1 0.658000 0.781620 0.292199 0.105267
1 0.118284 0.880507 0.200000 0.096760
1 0.315447 0.878912 0.197163 0.097823
1 0.507645 0.881570 0.198582 0.096760
1 0.699135 0.885823 0.192908 0.103140
