1 0.619645 0.156433 0.184811 0.238043
1 0.840424 0.110952 0.265552 0.221904
1 0.845315 0.281323 0.273376 0.231074
1 0.631113 0.314517 0.164808 0.174222
1 0.847271 0.496992 0.271420 0.242811
1 0.665835 0.500477 0.103189 0.205032
1 0.476330 0.499376 0.277778 0.204299
1 0.917581 0.744938 0.160671 0.280957
1 0.644317 0.743655 0.378032 0.301130
1 0.230340 0.516249 0.295383 0.181558
1 0.252592 0.711928 0.328149 0.256749
1 0.220070 0.895870 0.299296 0.205032
1 0.503961 0.904856 0.280223 0.187060
1 0.453551 0.697501 0.083495 0.208840
1 0.820754 0.917610 0.354325 0.159531
1 0.402471 0.806692 0.109513 0.049226
