1 0.080432 0.044865 0.156757 0.076757
1 0.303676 0.030270 0.304865 0.060541
1 0.031243 0.151892 0.060541 0.163243
1 0.213946 0.115135 0.324324 0.197838
1 0.047514 0.288784 0.095027 0.162432
1 0.189081 0.274595 0.205405 0.168649
1 0.031838 0.438919 0.063676 0.142703
1 0.173405 0.434595 0.234595 0.160000
1 0.047514 0.576757 0.095027 0.139459
1 0.188000 0.590811 0.196757 0.163243
1 0.036108 0.704324 0.070270 0.152432
1 0.177730 0.739459 0.212973 0.181622
1 0.049081 0.841081 0.096216 0.168649
1 0.191243 0.887568 0.194595 0.185946
1 0.365838 0.158378 0.152432 0.219459
1 0.539351 0.119459 0.198919 0.236757
1 0.814486 0.102162 0.366486 0.204324
1 0.382054 0.337297 0.187027 0.196757
1 0.611243 0.314595 0.271351 0.237838
1 0.865432 0.295000 0.265135 0.270000
1 0.351243 0.521622 0.144865 0.178378
1 0.523135 0.532432 0.205405 0.206486
1 0.783135 0.564865 0.338378 0.262703
1 0.973000 0.567000 0.050000 0.270000
1 0.378270 0.701622 0.188108 0.207568
1 0.600973 0.748108 0.265946 0.250811
1 0.864757 0.815676 0.265946 0.312432
1 0.355568 0.864324 0.142703 0.208649
1 0.521514 0.898919 0.193514 0.197838
1 0.785838 0.921622 0.348108 0.148108
1 0.976865 0.976838 0.041730 0.042324
1 0.383676 0.951892 0.207568 0.087568
