1 0.111000 0.132000 0.142000 0.220000
1 0.244000 0.125000 0.140000 0.178000
1 0.376000 0.140000 0.132000 0.216000
1 0.502000 0.123000 0.128000 0.182000
1 0.631000 0.119000 0.138000 0.182000
1 0.764000 0.149000 0.140000 0.258000
1 0.032000 0.379000 0.060000 0.278000
1 0.224000 0.371000 0.340000 0.330000
1 0.551000 0.377000 0.318000 0.330000
1 0.762000 0.392000 0.108000 0.292000
1 0.822000 0.405000 0.020000 0.254000
1 0.821000 0.663000 0.026000 0.266000
1 0.187000 0.694000 0.346000 0.352000
1 0.538000 0.707000 0.320000 0.342000
1 0.751000 0.680000 0.114000 0.288000
1 0.025000 0.657000 0.046000 0.278000
1 0.367000 0.674000 0.030000 0.276000
