1 0.078000 0.082000 0.156000 0.164000
1 0.054000 0.257000 0.108000 0.186000
1 0.057000 0.433000 0.114000 0.174000
1 0.061000 0.594000 0.122000 0.168000
1 0.064000 0.747000 0.128000 0.166000
1 0.253000 0.342000 0.318000 0.364000
1 0.156000 0.081000 0.040000 0.162000
1 0.189000 0.088000 0.058000 0.176000
1 0.370000 0.092000 0.332000 0.184000
1 0.547000 0.344000 0.278000 0.316000
1 0.267000 0.662000 0.306000 0.320000
1 0.541000 0.627000 0.254000 0.302000
1 0.274000 0.889000 0.292000 0.222000
1 0.542000 0.867000 0.252000 0.266000
1 0.614000 0.985000 0.104000 0.030000
1 0.673000 0.093000 0.274000 0.186000
1 0.898000 0.091000 0.204000 0.182000
1 0.799000 0.328000 0.258000 0.296000
1 0.776000 0.596000 0.240000 0.276000
1 0.770000 0.832000 0.224000 0.276000
1 0.767000 0.961000 0.206000 0.078000
1 0.947000 0.318000 0.102000 0.280000
1 0.933000 0.570000 0.130000 0.248000
1 0.932000 0.798000 0.136000 0.248000
1 0.931000 0.940000 0.138000 0.116000
