1 0.169067 0.185600 0.338133 0.371200
1 0.184267 0.513600 0.366400 0.341333
1 0.235733 0.787467 0.331733 0.303467
1 0.268533 0.933067 0.297067 0.128533
1 0.075267 0.928867 0.149467 0.138267
1 0.064000 0.757867 0.125867 0.253867
1 0.508533 0.202933 0.433600 0.404800
1 0.530933 0.552000 0.408000 0.378667
1 0.557867 0.840333 0.375467 0.315333
1 0.526400 0.967800 0.230400 0.060400
1 0.869867 0.871467 0.254933 0.252800
1 0.864600 0.603333 0.266800 0.385333
1 0.859533 0.218000 0.276933 0.436000
1 0.034839 0.505000 0.069677 0.290000
