1 0.117261 0.431667 0.234522 0.556667
1 0.117261 0.761667 0.234522 0.476667
1 0.220450 0.871667 0.073171 0.256667
1 0.270169 0.806667 0.071295 0.246667
1 0.285178 0.603333 0.086304 0.286667
1 0.322702 0.345000 0.176360 0.310000
1 0.309568 0.098333 0.195122 0.196667
1 0.500000 0.108333 0.193246 0.216667
1 0.493433 0.270000 0.168856 0.140000
1 0.409944 0.750000 0.219512 0.500000
1 0.462477 0.528333 0.234522 0.403333
1 0.615385 0.863333 0.225141 0.273333
1 0.669794 0.536667 0.266417 0.393333
1 0.680113 0.111667 0.193246 0.223333
1 0.590994 0.278333 0.033771 0.123333
1 0.748593 0.286667 0.303940 0.373333
1 0.785178 0.061667 0.046904 0.123333
1 0.895872 0.110000 0.208255 0.220000
1 0.895872 0.316667 0.208255 0.386667
1 0.806754 0.860000 0.221388 0.280000
1 0.886492 0.601667 0.227017 0.270000
1 0.945591 0.840000 0.108818 0.320000
