1 0.130000 0.271364 0.248000 0.161919
1 0.373000 0.276612 0.238000 0.160420
1 0.617000 0.278111 0.254000 0.157421
1 0.854000 0.287856 0.248000 0.158921
1 0.865000 0.431784 0.170000 0.140930
1 0.715000 0.428786 0.166000 0.143928
1 0.562000 0.428786 0.160000 0.143928
1 0.408000 0.425787 0.156000 0.140930
1 0.250000 0.422789 0.164000 0.140930
1 0.091000 0.419040 0.170000 0.142429
1 0.100000 0.557721 0.160000 0.131934
1 0.250000 0.558471 0.156000 0.133433
1 0.399000 0.562219 0.154000 0.134933
1 0.548000 0.563718 0.152000 0.134933
1 0.697000 0.565217 0.166000 0.128936
1 0.847000 0.563718 0.166000 0.134933
1 0.803000 0.694153 0.210000 0.125937
1 0.601000 0.691904 0.214000 0.127436
1 0.384000 0.691154 0.216000 0.122939
1 0.165000 0.688156 0.222000 0.122939
1 0.162000 0.808096 0.216000 0.122939
1 0.372000 0.808846 0.208000 0.121439
1 0.578000 0.811094 0.212000 0.116942
1 0.782000 0.816342 0.220000 0.118441
1 0.761000 0.926537 0.206000 0.113943
1 0.567000 0.922039 0.206000 0.107946
1 0.372000 0.923538 0.200000 0.104948
1 0.169000 0.922789 0.214000 0.112444
1 0.437000 0.116192 0.178000 0.166417
1 0.607000 0.116942 0.182000 0.179910
1 0.773000 0.124438 0.178000 0.170915
1 0.919000 0.129685 0.154000 0.172414
1 0.272000 0.115442 0.160000 0.167916
1 0.109000 0.110195 0.178000 0.166417
