1 0.091000 0.106327 0.182000 0.138840
1 0.381000 0.115993 0.406000 0.137083
1 0.666000 0.123023 0.168000 0.119508
1 0.772000 0.100176 0.304000 0.112478
1 0.579000 0.239016 0.346000 0.119508
1 0.873000 0.203866 0.254000 0.108963
1 0.833000 0.306678 0.170000 0.100176
1 0.955000 0.302285 0.090000 0.098418
1 0.880000 0.399824 0.240000 0.103691
1 0.820000 0.492970 0.140000 0.093146
1 0.942000 0.482425 0.116000 0.089631
1 0.873000 0.573814 0.250000 0.110721
1 0.925000 0.643234 0.134000 0.087873
1 0.808000 0.659051 0.124000 0.087873
1 0.867000 0.729350 0.250000 0.115993
1 0.914000 0.790861 0.128000 0.091388
1 0.795000 0.813708 0.122000 0.087873
1 0.876000 0.910369 0.248000 0.179262
1 0.842000 0.876098 0.268000 0.121265
1 0.200000 0.235501 0.400000 0.126538
1 0.109000 0.360281 0.218000 0.123023
1 0.406000 0.356766 0.372000 0.123023
1 0.675000 0.343585 0.170000 0.114236
1 0.217000 0.475395 0.406000 0.131810
1 0.600000 0.449033 0.332000 0.124780
1 0.119000 0.574692 0.234000 0.147627
1 0.419000 0.564148 0.354000 0.130053
1 0.672000 0.541301 0.160000 0.105448
1 0.597000 0.639719 0.326000 0.126538
1 0.201000 0.689807 0.402000 0.149385
1 0.127000 0.800527 0.206000 0.124780
1 0.322000 0.767135 0.184000 0.131810
1 0.510000 0.744288 0.168000 0.110721
1 0.670000 0.723199 0.156000 0.103691
1 0.587000 0.820738 0.314000 0.133568
1 0.657000 0.890158 0.158000 0.103691
1 0.499000 0.920035 0.174000 0.117750
1 0.327000 0.937610 0.178000 0.121265
1 0.135000 0.962214 0.202000 0.072056
1 0.217000 0.883128 0.370000 0.156415
