1 0.162220 0.133541 0.265784 0.245741
1 0.438595 0.133389 0.302444 0.247265
1 0.790937 0.155951 0.405499 0.294218
1 0.787200 0.430389 0.412400 0.352395
1 0.426400 0.374520 0.323600 0.268202
1 0.144831 0.371725 0.262236 0.246343
1 0.153692 0.593749 0.244515 0.240026
1 0.167932 0.795403 0.247257 0.247922
1 0.178270 0.924575 0.229114 0.130435
1 0.426815 0.619240 0.324718 0.277293
1 0.426923 0.848303 0.301140 0.284900
1 0.424786 0.955781 0.266097 0.072505
1 0.784615 0.682822 0.417664 0.409438
1 0.782051 0.830391 0.423362 0.322432
