1 0.811000 0.049098 0.378000 0.098196
1 0.447000 0.072144 0.358000 0.144289
1 0.145000 0.097194 0.254000 0.170341
1 0.860000 0.161323 0.280000 0.182365
1 0.797000 0.337675 0.406000 0.178357
1 0.560000 0.184369 0.280000 0.180361
1 0.303000 0.212425 0.238000 0.160321
1 0.102000 0.232465 0.168000 0.148297
1 0.854000 0.511022 0.292000 0.184369
1 0.561000 0.492986 0.270000 0.160321
1 0.314000 0.490982 0.224000 0.136273
1 0.801000 0.671343 0.398000 0.220441
1 0.437000 0.636273 0.310000 0.162325
1 0.808000 0.834669 0.284000 0.206413
1 0.766000 0.931864 0.388000 0.132265
1 0.553000 0.794589 0.234000 0.174349
1 0.417000 0.905812 0.306000 0.188377
1 0.312000 0.762525 0.220000 0.150301
1 0.133000 0.620240 0.266000 0.138277
1 0.106000 0.489980 0.172000 0.130261
1 0.428000 0.343687 0.304000 0.158317
1 0.146000 0.355711 0.236000 0.138277
1 0.101000 0.741483 0.202000 0.128257
1 0.133000 0.872745 0.266000 0.170341
