1 0.184168 0.326520 0.141483 0.204142
1 0.322445 0.327856 0.135070 0.198263
1 0.456914 0.332665 0.129860 0.190782
1 0.586172 0.332131 0.129459 0.195057
1 0.455511 0.526653 0.135070 0.199332
1 0.312826 0.527188 0.139880 0.199332
1 0.161523 0.527722 0.163527 0.202538
1 0.138477 0.730261 0.157515 0.214295
1 0.286774 0.717168 0.139880 0.222311
1 0.443687 0.722779 0.141082 0.217502
1 0.579760 0.724382 0.132665 0.199332
1 0.589780 0.527188 0.133467 0.197194
1 0.721242 0.524783 0.131864 0.192385
1 0.718236 0.719305 0.133066 0.195591
1 0.846493 0.717435 0.125852 0.189713
1 0.849699 0.524248 0.127455 0.194522
1 0.709419 0.333200 0.122645 0.190782
1 0.833868 0.334536 0.125451 0.184903
