1 0.861210 0.484000 0.277580 0.328000
1 0.902135 0.767333 0.195730 0.305333
1 0.692171 0.697333 0.195730 0.272000
1 0.800712 0.921333 0.391459 0.157333
1 0.917260 0.166000 0.165480 0.332000
1 0.533808 0.876000 0.380783 0.245333
1 0.367438 0.852000 0.368327 0.296000
1 0.230427 0.748667 0.350534 0.166667
1 0.121886 0.882667 0.243772 0.234667
1 0.130783 0.701333 0.261566 0.133333
1 0.071174 0.566000 0.138790 0.222667
1 0.504448 0.643333 0.154804 0.236000
1 0.353203 0.602667 0.144128 0.213333
1 0.226868 0.573333 0.122776 0.178667
1 0.145907 0.554000 0.078292 0.158667
1 0.592527 0.448667 0.295374 0.281333
1 0.346975 0.413333 0.224199 0.232000
1 0.157473 0.396667 0.197509 0.198667
1 0.048043 0.380667 0.096085 0.172000
1 0.677046 0.160000 0.265125 0.320000
1 0.450178 0.161333 0.188612 0.298667
1 0.293594 0.170000 0.167260 0.260000
1 0.159253 0.182667 0.154804 0.226667
1 0.059609 0.193333 0.115658 0.202667
1 0.294484 0.034667 0.233096 0.069333
1 0.091637 0.049333 0.179715 0.098667
