1 0.206000 0.050975 0.308000 0.101949
1 0.018000 0.047226 0.036000 0.091454
1 0.026000 0.212894 0.052000 0.230885
1 0.045000 0.439280 0.090000 0.227886
1 0.065000 0.645427 0.130000 0.217391
1 0.072000 0.823838 0.144000 0.196402
1 0.084000 0.937031 0.168000 0.125937
1 0.468000 0.056972 0.224000 0.113943
1 0.658000 0.066717 0.176000 0.133433
1 0.811000 0.071964 0.134000 0.143928
1 0.935000 0.080960 0.130000 0.143928
1 0.183000 0.184408 0.358000 0.206897
1 0.462000 0.192654 0.220000 0.175412
1 0.648000 0.197151 0.160000 0.151424
1 0.786000 0.200900 0.120000 0.128936
1 0.906000 0.202399 0.128000 0.119940
1 0.980000 0.206147 0.040000 0.109445
1 0.201000 0.377061 0.310000 0.190405
1 0.457000 0.353823 0.226000 0.164918
1 0.640000 0.338831 0.148000 0.140930
1 0.774000 0.326837 0.124000 0.122939
1 0.892000 0.320090 0.128000 0.112444
1 0.974000 0.311844 0.052000 0.101949
1 0.219000 0.534483 0.286000 0.187406
1 0.452000 0.498501 0.208000 0.166417
1 0.625000 0.465517 0.146000 0.145427
1 0.757000 0.440030 0.118000 0.124438
1 0.868000 0.424288 0.116000 0.110945
1 0.957000 0.407796 0.086000 0.101949
1 0.244000 0.673163 0.268000 0.194903
1 0.462000 0.624438 0.196000 0.166417
1 0.625000 0.579460 0.138000 0.142429
1 0.752000 0.545727 0.120000 0.131934
1 0.862000 0.517991 0.100000 0.112444
1 0.950000 0.496252 0.092000 0.095952
1 0.246000 0.801349 0.248000 0.187406
1 0.454000 0.739130 0.196000 0.158921
1 0.618000 0.685157 0.140000 0.146927
1 0.751000 0.638681 0.126000 0.128936
1 0.860000 0.604198 0.096000 0.119940
1 0.947000 0.574213 0.090000 0.110945
1 0.270000 0.907796 0.220000 0.184408
1 0.467000 0.837331 0.194000 0.166417
1 0.634000 0.776612 0.140000 0.155922
1 0.754000 0.733133 0.112000 0.128936
1 0.852000 0.688156 0.084000 0.107946
1 0.933000 0.653673 0.094000 0.101949
