1 0.035000 0.116000 0.070000 0.216000
1 0.154000 0.119000 0.184000 0.230000
1 0.277000 0.009000 0.166000 0.018000
1 0.300000 0.130000 0.120000 0.228000
1 0.483000 0.139000 0.246000 0.278000
1 0.742000 0.151000 0.300000 0.302000
1 0.923000 0.160000 0.154000 0.320000
1 0.105000 0.351000 0.210000 0.250000
1 0.250000 0.370000 0.216000 0.264000
1 0.473000 0.398000 0.230000 0.260000
1 0.709000 0.425000 0.270000 0.270000
1 0.902000 0.457000 0.196000 0.290000
1 0.085000 0.572000 0.170000 0.216000
1 0.257000 0.593000 0.198000 0.218000
1 0.462000 0.628000 0.216000 0.244000
1 0.682000 0.669000 0.248000 0.258000
1 0.888000 0.713000 0.224000 0.262000
1 0.090000 0.760000 0.180000 0.196000
1 0.265000 0.786000 0.178000 0.204000
1 0.449000 0.835000 0.206000 0.226000
1 0.656000 0.872000 0.228000 0.220000
1 0.872000 0.900000 0.256000 0.200000
1 0.637000 0.974000 0.206000 0.052000
1 0.440000 0.958000 0.192000 0.084000
1 0.259000 0.931000 0.166000 0.134000
1 0.095000 0.915000 0.170000 0.170000
