1 0.185359 0.115146 0.370166 0.230293
1 0.597514 0.117309 0.458564 0.228130
1 0.894718 0.116438 0.206564 0.228963
1 0.181492 0.360035 0.355801 0.268134
1 0.564917 0.347061 0.433149 0.255160
1 0.879801 0.339784 0.236398 0.236282
1 0.181492 0.603302 0.358011 0.252998
1 0.564365 0.578975 0.409945 0.249754
1 0.871514 0.554659 0.252972 0.229233
1 0.171547 0.814674 0.342541 0.210831
1 0.552762 0.792510 0.384530 0.201101
1 0.862674 0.758993 0.270652 0.177315
1 0.180249 0.933064 0.360497 0.127580
1 0.545580 0.936307 0.367956 0.118930
1 0.851105 0.916305 0.289503 0.156772
