1 0.238000 0.217333 0.124000 0.093333
1 0.207000 0.293333 0.170000 0.106667
1 0.114000 0.321333 0.016000 0.045333
1 0.203000 0.389333 0.194000 0.117333
1 0.063000 0.409333 0.110000 0.157333
1 0.020000 0.414667 0.040000 0.109333
1 0.174000 0.472000 0.168000 0.096000
1 0.318000 0.494667 0.136000 0.082667
1 0.042000 0.565333 0.084000 0.181333
1 0.160000 0.566667 0.168000 0.109333
1 0.142000 0.669333 0.180000 0.122667
1 0.112000 0.768000 0.200000 0.128000
1 0.027000 0.713333 0.050000 0.136000
1 0.098000 0.865333 0.196000 0.125333
1 0.089000 0.948000 0.178000 0.098667
1 0.039000 0.994667 0.078000 0.010667
1 0.308000 0.582667 0.144000 0.088000
1 0.301000 0.668000 0.150000 0.088000
1 0.292000 0.766667 0.156000 0.114667
1 0.272000 0.878667 0.172000 0.146667
1 0.261000 0.968000 0.174000 0.058667
1 0.444000 0.304000 0.316000 0.384000
1 0.482000 0.496000 0.192000 0.101333
1 0.479000 0.601333 0.202000 0.104000
1 0.476000 0.714667 0.208000 0.117333
1 0.476000 0.886667 0.240000 0.226667
1 0.766000 0.121333 0.292000 0.237333
1 0.777000 0.336000 0.322000 0.261333
1 0.801000 0.641333 0.382000 0.349333
1 0.803000 0.908000 0.390000 0.184000
