1 0.121212 0.179545 0.242424 0.195455
1 0.127273 0.363636 0.242424 0.190909
1 0.145455 0.538636 0.230303 0.168182
1 0.381818 0.152273 0.290909 0.231818
1 0.751515 0.136364 0.460606 0.272727
1 0.375758 0.359091 0.278788 0.209091
1 0.396970 0.561364 0.296970 0.204545
1 0.742424 0.352273 0.454545 0.268182
1 0.757576 0.595455 0.436364 0.272727
1 0.154545 0.686364 0.224242 0.181818
1 0.400000 0.729545 0.278788 0.213636
1 0.727273 0.802273 0.400000 0.259091
1 0.954545 0.788636 0.090909 0.350000
1 0.160606 0.829545 0.248485 0.195455
1 0.415152 0.888636 0.260606 0.222727
1 0.724242 0.929545 0.369697 0.140909
1 0.951515 0.968182 0.096970 0.063636
