1 0.268000 0.497001 0.424000 0.343328
1 0.018000 0.525487 0.036000 0.169415
1 0.929000 0.456522 0.142000 0.100450
1 0.885000 0.549475 0.090000 0.100450
1 0.653000 0.516492 0.422000 0.409295
1 0.034000 0.517241 0.068000 0.170915
1 0.963000 0.557721 0.074000 0.101949
1 0.026000 0.625187 0.052000 0.044978
1 0.024000 0.790855 0.048000 0.301349
1 0.135000 0.768366 0.198000 0.325337
1 0.500000 0.817091 0.576000 0.359820
1 0.208000 0.941529 0.364000 0.113943
1 0.013000 0.967766 0.026000 0.064468
1 0.762000 0.943028 0.080000 0.107946
1 0.804000 0.775862 0.044000 0.259370
1 0.886000 0.875562 0.168000 0.227886
1 0.879000 0.984258 0.122000 0.028486
1 0.911000 0.805097 0.134000 0.143928
1 0.835000 0.706147 0.042000 0.170915
1 0.875000 0.718891 0.054000 0.043478
