1 0.135725 0.149116 0.271450 0.289767
1 0.426476 0.144444 0.339683 0.282540
1 0.746053 0.140212 0.316402 0.274074
1 0.948481 0.125397 0.099037 0.242328
1 0.940545 0.385714 0.114910 0.280423
1 0.740233 0.404233 0.285714 0.287831
1 0.447640 0.424868 0.301587 0.280423
1 0.154772 0.433333 0.309545 0.297354
1 0.154772 0.719577 0.309545 0.275132
1 0.449757 0.692063 0.282540 0.266667
1 0.733354 0.678836 0.282540 0.280423
1 0.933667 0.656550 0.128667 0.254899
1 0.929122 0.888360 0.136508 0.216931
1 0.725947 0.904233 0.269841 0.183069
1 0.456635 0.908995 0.277249 0.175661
1 0.173037 0.923810 0.300529 0.146032
1 0.020381 0.928042 0.040762 0.131217
