1 0.096000 0.289333 0.192000 0.445333
1 0.284000 0.228000 0.192000 0.290667
1 0.476000 0.241333 0.192000 0.290667
1 0.669000 0.248000 0.202000 0.309333
1 0.865000 0.253333 0.214000 0.309333
1 0.098000 0.708000 0.196000 0.402667
1 0.287000 0.512000 0.190000 0.277333
1 0.476000 0.522667 0.184000 0.293333
1 0.657000 0.540000 0.198000 0.280000
1 0.849000 0.548000 0.210000 0.285333
1 0.288000 0.780000 0.184000 0.264000
1 0.465000 0.797333 0.186000 0.261333
1 0.643000 0.798667 0.182000 0.258667
1 0.818000 0.809333 0.196000 0.258667
