1 0.307300 0.196203 0.284388 0.213080
1 0.611519 0.162447 0.329114 0.270042
1 0.883241 0.129747 0.229519 0.259494
1 0.860878 0.397500 0.274245 0.295000
1 0.568059 0.421414 0.324895 0.268987
1 0.292954 0.396624 0.242194 0.223629
1 0.097595 0.408228 0.151899 0.191983
1 0.095907 0.601793 0.175527 0.207806
1 0.283249 0.618143 0.210970 0.219409
1 0.545274 0.650844 0.323207 0.282700
1 0.850329 0.685881 0.295342 0.323238
1 0.851595 0.897679 0.292810 0.198312
1 0.550321 0.866893 0.311359 0.261213
1 0.283671 0.830169 0.225316 0.248945
1 0.322911 0.957278 0.226160 0.079114
1 0.105118 0.929130 0.205764 0.136741
1 0.085928 0.793059 0.171857 0.226118
1 0.012511 0.416804 0.025021 0.156392
