1 0.025000 0.757333 0.050000 0.437333
1 0.173000 0.888000 0.190000 0.224000
1 0.162000 0.668000 0.192000 0.221333
1 0.142000 0.433333 0.216000 0.253333
1 0.127000 0.181333 0.214000 0.261333
1 0.281000 0.028000 0.510000 0.056000
1 0.773000 0.025333 0.454000 0.050667
1 0.321000 0.178667 0.202000 0.266667
1 0.516000 0.170667 0.200000 0.272000
1 0.712000 0.170667 0.196000 0.256000
1 0.901000 0.172000 0.198000 0.258667
1 0.900000 0.416000 0.192000 0.234667
1 0.713000 0.420000 0.198000 0.248000
1 0.521000 0.422667 0.186000 0.242667
1 0.336000 0.428000 0.196000 0.242667
1 0.342000 0.662667 0.192000 0.237333
1 0.349000 0.882667 0.186000 0.218667
1 0.524000 0.658667 0.180000 0.229333
1 0.526000 0.876000 0.176000 0.216000
1 0.707000 0.653333 0.186000 0.229333
1 0.701000 0.870667 0.178000 0.210667
1 0.882000 0.641333 0.184000 0.226667
1 0.883000 0.850667 0.198000 0.218667
1 0.972000 0.682667 0.020000 0.128000
