1 0.142397 0.270667 0.284794 0.541333
1 0.154000 0.760000 0.308000 0.474667
1 0.319067 0.286000 0.103467 0.566667
1 0.463600 0.778800 0.352800 0.437067
1 0.674600 0.965867 0.074800 0.062933
1 0.480746 0.074392 0.266508 0.144550
1 0.489341 0.193651 0.268683 0.177778
1 0.490800 0.338870 0.265200 0.154006
1 0.495841 0.480267 0.255683 0.154667
1 0.498629 0.622025 0.256457 0.190083
1 0.498683 0.758201 0.253175 0.178836
1 0.498600 0.895200 0.251200 0.203733
1 0.706267 0.061762 0.185286 0.120618
1 0.800447 0.130133 0.372494 0.260267
1 0.809519 0.268753 0.376963 0.243639
1 0.807635 0.452696 0.370072 0.210992
1 0.808600 0.642154 0.366800 0.233641
1 0.811600 0.814452 0.372800 0.289977
1 0.809200 0.895067 0.369600 0.204533
