1 0.179000 0.260000 0.338000 0.220000
1 0.111000 0.458000 0.118000 0.180000
1 0.029000 0.383000 0.058000 0.070000
1 0.031000 0.456000 0.062000 0.076000
1 0.029000 0.521000 0.058000 0.066000
1 0.363000 0.325000 0.430000 0.282000
1 0.352000 0.526000 0.412000 0.316000
1 0.035000 0.583000 0.070000 0.070000
1 0.035000 0.645000 0.070000 0.062000
1 0.040000 0.695000 0.080000 0.066000
1 0.358000 0.856000 0.384000 0.288000
1 0.377000 0.742000 0.390000 0.248000
1 0.139000 0.077000 0.278000 0.154000
1 0.084000 0.578000 0.036000 0.048000
1 0.127000 0.727000 0.122000 0.254000
1 0.143000 0.618000 0.086000 0.156000
1 0.374000 0.093000 0.192000 0.186000
1 0.721000 0.117000 0.506000 0.234000
1 0.768000 0.332000 0.404000 0.224000
1 0.725000 0.525000 0.346000 0.230000
1 0.716000 0.683000 0.328000 0.210000
1 0.768000 0.864000 0.464000 0.272000
1 0.926000 0.725000 0.148000 0.222000
1 0.931000 0.560000 0.138000 0.252000
1 0.945000 0.389000 0.110000 0.154000
1 0.979000 0.243000 0.042000 0.178000
1 0.969000 0.121000 0.062000 0.162000
1 0.960000 0.259000 0.060000 0.114000
1 0.943000 0.020000 0.114000 0.040000
