1 0.877000 0.284202 0.246000 0.193811
1 0.934000 0.460098 0.132000 0.171010
1 0.718000 0.469870 0.300000 0.180782
1 0.893000 0.627850 0.214000 0.171010
1 0.931000 0.780945 0.138000 0.151466
1 0.879000 0.924267 0.242000 0.151466
1 0.718000 0.791531 0.284000 0.156352
1 0.592000 0.642508 0.380000 0.177524
1 0.435000 0.805375 0.290000 0.161238
1 0.569000 0.931596 0.354000 0.136808
1 0.546000 0.299674 0.412000 0.205212
1 0.413000 0.484528 0.310000 0.180782
1 0.943000 0.094463 0.114000 0.188925
1 0.729000 0.100163 0.326000 0.200326
1 0.400000 0.106678 0.336000 0.200326
1 0.124000 0.113192 0.248000 0.203583
1 0.173000 0.309446 0.346000 0.205212
1 0.128000 0.492671 0.256000 0.177524
1 0.183000 0.662052 0.366000 0.180782
1 0.146000 0.816775 0.292000 0.154723
1 0.196000 0.941368 0.372000 0.117264
