1 0.256000 0.059055 0.156000 0.100112
1 0.254000 0.126547 0.156000 0.100112
1 0.250000 0.196288 0.156000 0.093363
1 0.243000 0.264904 0.162000 0.084364
1 0.238000 0.334646 0.156000 0.079865
1 0.231000 0.407199 0.166000 0.074241
1 0.231000 0.480315 0.162000 0.071991
1 0.227000 0.546682 0.162000 0.080990
1 0.223000 0.615298 0.158000 0.083240
1 0.210000 0.682227 0.168000 0.102362
1 0.208000 0.750844 0.168000 0.093363
1 0.207000 0.822272 0.166000 0.105737
1 0.197000 0.894826 0.154000 0.106862
1 0.187000 0.955006 0.166000 0.089989
1 0.424000 0.039370 0.184000 0.076490
1 0.422000 0.095613 0.188000 0.107987
1 0.418000 0.170416 0.188000 0.102362
1 0.411000 0.246907 0.194000 0.097863
1 0.404000 0.325647 0.184000 0.088864
1 0.403000 0.402137 0.182000 0.084364
1 0.404000 0.482565 0.196000 0.083240
1 0.400000 0.559618 0.192000 0.084364
1 0.390000 0.633296 0.204000 0.094488
1 0.388000 0.708661 0.192000 0.105737
1 0.383000 0.789651 0.194000 0.119235
1 0.372000 0.862767 0.200000 0.112486
1 0.366000 0.938133 0.192000 0.123735
1 0.337000 0.974691 0.182000 0.050619
1 0.601000 0.018560 0.170000 0.034871
1 0.631000 0.059618 0.238000 0.119235
1 0.628000 0.136108 0.240000 0.123735
1 0.622000 0.220472 0.252000 0.121485
1 0.617000 0.305962 0.246000 0.107987
1 0.618000 0.390326 0.248000 0.103487
1 0.614000 0.476940 0.236000 0.089989
1 0.608000 0.565242 0.240000 0.093363
1 0.604000 0.651294 0.244000 0.103487
1 0.602000 0.735658 0.244000 0.107987
1 0.593000 0.829021 0.246000 0.128234
1 0.580000 0.910011 0.240000 0.123735
1 0.579000 0.960067 0.242000 0.079865
1 0.874000 0.037683 0.252000 0.073116
1 0.873000 0.097863 0.254000 0.125984
1 0.868000 0.190664 0.264000 0.124859
1 0.868000 0.284027 0.264000 0.111361
1 0.862000 0.381327 0.276000 0.098988
1 0.863000 0.480315 0.274000 0.098988
1 0.862000 0.576490 0.276000 0.111361
1 0.862000 0.674353 0.276000 0.122610
1 0.853000 0.769966 0.294000 0.131609
1 0.858000 0.868954 0.284000 0.147357
1 0.851000 0.945444 0.298000 0.109111
1 0.749000 0.991001 0.106000 0.017998
1 0.092000 0.055681 0.180000 0.111361
1 0.090000 0.115861 0.180000 0.125984
1 0.086000 0.187289 0.172000 0.113611
1 0.084000 0.257030 0.168000 0.102362
1 0.081000 0.330709 0.162000 0.092238
1 0.078000 0.399888 0.152000 0.086614
1 0.078000 0.470191 0.156000 0.078740
1 0.074000 0.539933 0.144000 0.076490
1 0.073000 0.613048 0.146000 0.080990
1 0.073000 0.682227 0.146000 0.082115
1 0.062000 0.752531 0.124000 0.092238
1 0.062000 0.822835 0.124000 0.109111
1 0.061000 0.901575 0.122000 0.118110
1 0.062000 0.955006 0.124000 0.089989
