1 0.104147 0.091990 0.208295 0.183979
1 0.298605 0.086305 0.191473 0.172610
1 0.483876 0.089406 0.179070 0.174677
1 0.656744 0.094574 0.171318 0.189147
1 0.722636 0.332817 0.216279 0.293540
1 0.504031 0.327132 0.233333 0.300775
1 0.266434 0.315762 0.244961 0.315245
1 0.074690 0.312000 0.149380 0.341333
1 0.079612 0.636693 0.156589 0.324548
1 0.333876 0.624289 0.365891 0.299742
1 0.684651 0.625840 0.337209 0.294574
1 0.919814 0.510708 0.156372 0.173416
1 0.902868 0.361240 0.151938 0.149871
1 0.838915 0.455297 0.034884 0.042377
1 0.856357 0.238760 0.055814 0.095090
1 0.892016 0.687339 0.116279 0.190181
1 0.962837 0.681013 0.070326 0.178026
1 0.913225 0.884196 0.169550 0.226274
1 0.971752 0.788000 0.052496 0.045333
1 0.863721 0.894574 0.070543 0.203618
1 0.721775 0.877995 0.219550 0.238677
1 0.500543 0.884196 0.231008 0.226274
1 0.254938 0.869726 0.242124 0.255214
1 0.066550 0.886264 0.133101 0.222140
