1 0.251000 0.044413 0.150000 0.088825
1 0.410000 0.034384 0.176000 0.068768
1 0.584000 0.068768 0.176000 0.137536
1 0.764000 0.128940 0.176000 0.194842
1 0.859000 0.047278 0.070000 0.094556
1 0.874000 0.173352 0.064000 0.151862
1 0.611000 0.285100 0.222000 0.340974
1 0.786000 0.329513 0.172000 0.223496
1 0.885000 0.326648 0.066000 0.177650
1 0.773000 0.558739 0.190000 0.234957
1 0.897000 0.502865 0.066000 0.186246
1 0.904000 0.684814 0.076000 0.183381
1 0.791000 0.795129 0.198000 0.249284
1 0.918000 0.878223 0.064000 0.203438
1 0.797000 0.957020 0.214000 0.085960
1 0.926000 0.987106 0.048000 0.025788
1 0.598000 0.949857 0.192000 0.100287
1 0.591000 0.528653 0.182000 0.174785
1 0.599000 0.736390 0.190000 0.240688
1 0.390000 0.921203 0.228000 0.157593
1 0.159000 0.926934 0.238000 0.146132
1 0.159000 0.713467 0.230000 0.269341
1 0.167000 0.449857 0.222000 0.252149
1 0.202000 0.202006 0.260000 0.243553
1 0.394000 0.186246 0.220000 0.252149
1 0.390000 0.696275 0.228000 0.292264
1 0.384000 0.432665 0.236000 0.257880
