1 0.226000 0.846667 0.180000 0.306667
1 0.178000 0.446667 0.220000 0.493333
1 0.375000 0.472000 0.198000 0.421333
1 0.535000 0.509333 0.198000 0.357333
1 0.680000 0.517333 0.204000 0.352000
1 0.813000 0.522667 0.218000 0.341333
1 0.377000 0.818667 0.162000 0.288000
1 0.508000 0.826667 0.168000 0.282667
1 0.739000 0.796000 0.138000 0.210667
1 0.633000 0.820000 0.162000 0.253333
1 0.211000 0.117333 0.226000 0.234667
1 0.420000 0.156000 0.236000 0.312000
1 0.607000 0.158667 0.210000 0.317333
1 0.763000 0.169333 0.222000 0.338667
1 0.894000 0.184000 0.212000 0.368000
