1 0.411000 0.876312 0.598000 0.247376
1 0.843000 0.883808 0.314000 0.232384
1 0.964000 0.626687 0.072000 0.278861
1 0.746000 0.615442 0.452000 0.328336
1 0.306000 0.616942 0.468000 0.334333
1 0.816000 0.306597 0.368000 0.364318
1 0.602000 0.317841 0.084000 0.236882
1 0.598000 0.437781 0.148000 0.026987
1 0.341000 0.303598 0.398000 0.310345
1 0.552000 0.323088 0.048000 0.181409
1 0.695000 0.113193 0.086000 0.160420
1 0.793000 0.077211 0.118000 0.154423
1 0.917000 0.063718 0.166000 0.127436
1 0.593000 0.219640 0.098000 0.049475
1 0.025000 0.640930 0.050000 0.097451
1 0.069000 0.638681 0.062000 0.095952
1 0.045000 0.541229 0.090000 0.098951
1 0.065000 0.470765 0.118000 0.050975
1 0.074000 0.419790 0.148000 0.056972
1 0.096000 0.336582 0.104000 0.109445
1 0.027000 0.338831 0.054000 0.110945
1 0.072000 0.226387 0.144000 0.113943
1 0.098000 0.058471 0.196000 0.116942
1 0.307000 0.085457 0.154000 0.116942
1 0.452000 0.089205 0.148000 0.118441
1 0.618000 0.094453 0.188000 0.113943
1 0.338000 0.015742 0.220000 0.031484
1 0.543000 0.020990 0.214000 0.041979
1 0.694000 0.025487 0.084000 0.050975
1 0.871000 0.983508 0.258000 0.032984
1 0.555000 0.410045 0.062000 0.028486
