1 0.209705 0.140052 0.347287 0.172610
1 0.186062 0.346253 0.253488 0.252196
1 0.163969 0.541085 0.260465 0.151938
1 0.095752 0.795349 0.093023 0.387597
1 0.194202 0.803059 0.102326 0.388548
1 0.297620 0.807194 0.103240 0.380279
1 0.450791 0.554005 0.319380 0.179845
1 0.453891 0.340568 0.280620 0.265633
1 0.527922 0.104393 0.298450 0.208786
1 0.752729 0.341085 0.329457 0.291473
1 0.776760 0.575194 0.358915 0.199483
1 0.399558 0.809261 0.108667 0.376145
1 0.508085 0.813912 0.124171 0.366842
1 0.632202 0.823214 0.136403 0.348238
1 0.761643 0.826832 0.147287 0.341003
1 0.896636 0.828899 0.153271 0.336868
