1 0.814000 0.661417 0.372000 0.227222
1 0.628000 0.676603 0.064000 0.223847
1 0.821000 0.787402 0.342000 0.044994
1 0.797000 0.816085 0.318000 0.046119
1 0.751000 0.838583 0.250000 0.032621
1 0.925000 0.819460 0.150000 0.059618
1 0.959000 0.614736 0.082000 0.154106
1 0.916000 0.467379 0.164000 0.151856
1 0.748000 0.482002 0.344000 0.172103
1 0.453000 0.589426 0.230000 0.146232
1 0.433000 0.489314 0.226000 0.017998
1 0.441000 0.507312 0.218000 0.022497
1 0.461000 0.669854 0.222000 0.019123
1 0.475000 0.681102 0.226000 0.041620
1 0.468000 0.703037 0.208000 0.024747
1 0.430000 0.471879 0.232000 0.021372
1 0.427000 0.450506 0.242000 0.025872
1 0.430000 0.365579 0.256000 0.143982
1 0.126000 0.351519 0.252000 0.131609
1 0.136000 0.431946 0.248000 0.035996
1 0.154000 0.454443 0.240000 0.035996
1 0.175000 0.471879 0.218000 0.032621
1 0.185000 0.491001 0.210000 0.030371
1 0.194000 0.513498 0.208000 0.034871
1 0.689000 0.348706 0.258000 0.116985
1 0.885000 0.337458 0.230000 0.116985
1 0.872000 0.276153 0.256000 0.030371
1 0.618000 0.284027 0.276000 0.025872
1 0.606000 0.205287 0.296000 0.133858
1 0.345000 0.299213 0.266000 0.035996
1 0.272000 0.330146 0.096000 0.032621
1 0.277000 0.381327 0.074000 0.031496
1 0.275000 0.357143 0.082000 0.025872
1 0.284000 0.406637 0.056000 0.023622
1 0.341000 0.211474 0.282000 0.141732
1 0.342000 0.098988 0.264000 0.085489
1 0.594000 0.096738 0.248000 0.083240
1 0.822000 0.091114 0.284000 0.080990
1 0.860000 0.193476 0.276000 0.139483
