1 0.353000 0.122939 0.102000 0.062969
1 0.465000 0.111694 0.122000 0.067466
1 0.599000 0.102699 0.146000 0.076462
1 0.710000 0.117691 0.076000 0.043478
1 0.767000 0.179910 0.162000 0.110945
1 0.249000 0.206147 0.118000 0.103448
1 0.362000 0.198651 0.116000 0.106447
1 0.484000 0.191154 0.128000 0.106447
1 0.618000 0.183658 0.152000 0.106447
1 0.847000 0.206147 0.026000 0.097451
1 0.249000 0.299850 0.114000 0.098951
1 0.365000 0.295352 0.114000 0.098951
1 0.485000 0.293853 0.126000 0.098951
1 0.615000 0.287856 0.142000 0.104948
1 0.758000 0.290105 0.164000 0.109445
1 0.256000 0.389055 0.108000 0.085457
1 0.370000 0.388306 0.124000 0.086957
1 0.493000 0.391304 0.122000 0.095952
1 0.628000 0.392054 0.144000 0.103448
1 0.775000 0.395802 0.158000 0.104948
1 0.194000 0.482009 0.120000 0.106447
1 0.313000 0.486507 0.142000 0.109445
1 0.455000 0.487256 0.170000 0.116942
1 0.616000 0.492504 0.140000 0.097451
1 0.767000 0.499250 0.170000 0.110945
1 0.164000 0.591454 0.120000 0.094453
1 0.289000 0.598951 0.126000 0.100450
1 0.421000 0.605697 0.142000 0.104948
1 0.574000 0.606447 0.160000 0.121439
1 0.725000 0.604948 0.150000 0.127436
1 0.817000 0.598201 0.030000 0.092954
1 0.126000 0.652924 0.048000 0.034483
1 0.292000 0.700150 0.120000 0.113943
1 0.420000 0.709145 0.140000 0.116942
1 0.571000 0.721889 0.158000 0.127436
1 0.729000 0.710645 0.158000 0.131934
1 0.818000 0.685907 0.024000 0.118441
1 0.071000 0.812594 0.130000 0.149925
1 0.233000 0.832084 0.194000 0.149925
1 0.073000 0.928036 0.126000 0.119940
1 0.231000 0.926537 0.190000 0.146927
1 0.341000 0.808096 0.022000 0.095952
1 0.419000 0.813343 0.134000 0.112444
1 0.568000 0.826087 0.156000 0.122939
1 0.729000 0.816342 0.158000 0.136432
1 0.732000 0.897301 0.176000 0.139430
1 0.412000 0.895802 0.136000 0.085457
1 0.839000 0.302849 0.030000 0.095952
