1 0.086471 0.305986 0.155831 0.230134
1 0.255201 0.267802 0.187822 0.259030
1 0.489463 0.249226 0.282766 0.236326
1 0.473983 0.473168 0.237358 0.273478
1 0.274809 0.490712 0.200206 0.246646
1 0.094727 0.511352 0.164087 0.211558
1 0.097307 0.721878 0.156863 0.215686
1 0.265005 0.734262 0.186791 0.240454
1 0.466760 0.742518 0.229102 0.263158
1 0.713406 0.740970 0.282766 0.272446
1 0.722693 0.455624 0.274510 0.296182
1 0.723209 0.249226 0.203302 0.162023
1 0.905088 0.246352 0.183158 0.219370
1 0.927276 0.461140 0.138782 0.235614
1 0.926244 0.678333 0.140846 0.230000
