1 0.104072 0.031620 0.207240 0.063240
1 0.106787 0.142713 0.211765 0.169091
1 0.107919 0.298446 0.215837 0.151168
1 0.114027 0.434227 0.227149 0.133244
1 0.115385 0.558847 0.228959 0.118702
1 0.114480 0.673322 0.228054 0.110924
1 0.119683 0.813837 0.236652 0.170106
1 0.348416 0.812823 0.234389 0.171459
1 0.351810 0.671800 0.228507 0.108557
1 0.352489 0.561045 0.239819 0.117688
1 0.355430 0.437609 0.251131 0.133920
1 0.356335 0.301828 0.269231 0.154550
1 0.357466 0.147955 0.284163 0.174841
1 0.360181 0.037200 0.295928 0.073724
1 0.654072 0.041427 0.295475 0.081502
1 0.644796 0.155395 0.293213 0.167401
1 0.624661 0.307408 0.273756 0.148124
1 0.607014 0.442343 0.255656 0.128509
1 0.590045 0.560538 0.245249 0.120055
1 0.577149 0.758544 0.235747 0.275957
1 0.791403 0.809103 0.245249 0.168753
1 0.807466 0.672815 0.232127 0.105851
1 0.823756 0.564089 0.244796 0.119040
1 0.853167 0.443696 0.266516 0.132568
1 0.871851 0.310452 0.252299 0.149477
1 0.884747 0.162307 0.226507 0.165669
1 0.896849 0.057647 0.202303 0.064079
