1 0.168058 0.129414 0.330435 0.216196
1 0.484000 0.126154 0.336232 0.224888
1 0.814188 0.124525 0.367623 0.241184
1 0.194174 0.361363 0.388348 0.258566
1 0.584000 0.385264 0.460870 0.299850
1 0.864913 0.373074 0.266174 0.263390
1 0.219507 0.612867 0.407246 0.290072
1 0.586174 0.598744 0.381159 0.266171
1 0.875783 0.598961 0.244435 0.211416
1 0.023884 0.166493 0.047768 0.194750
1 0.027478 0.460770 0.043478 0.216196
1 0.036203 0.667384 0.072406 0.227451
1 0.057942 0.857865 0.115884 0.167329
1 0.252841 0.830150 0.366667 0.192295
1 0.594870 0.796471 0.323188 0.183604
1 0.864913 0.773678 0.266174 0.177042
1 0.067362 0.962736 0.134725 0.068531
1 0.275217 0.943930 0.321565 0.109141
1 0.574580 0.931730 0.297101 0.130370
1 0.841246 0.900224 0.276812 0.143407
1 0.626754 0.987137 0.137681 0.019555
1 0.814435 0.974643 0.246377 0.044543
