1 0.833000 0.466967 0.334000 0.153153
1 0.922000 0.312312 0.156000 0.159159
1 0.938000 0.146396 0.124000 0.187688
1 0.744000 0.117117 0.328000 0.225225
1 0.723000 0.303303 0.318000 0.177177
1 0.829000 0.598348 0.342000 0.157658
1 0.517000 0.473724 0.326000 0.172673
1 0.512000 0.629129 0.308000 0.168168
1 0.887000 0.724474 0.226000 0.136637
1 0.884000 0.835586 0.232000 0.133634
1 0.794000 0.936937 0.316000 0.126126
1 0.658000 0.866366 0.252000 0.150150
1 0.664000 0.728979 0.264000 0.181682
1 0.383000 0.780030 0.310000 0.172673
1 0.393000 0.904655 0.294000 0.166667
1 0.128000 0.933183 0.256000 0.133634
1 0.118000 0.813814 0.236000 0.165165
1 0.183000 0.658408 0.366000 0.193694
1 0.179000 0.485736 0.358000 0.196697
1 0.395000 0.287538 0.366000 0.199700
1 0.406000 0.105105 0.388000 0.210210
1 0.111000 0.098348 0.222000 0.196697
1 0.112000 0.294294 0.224000 0.216216
1 0.516000 0.960210 0.256000 0.079580
1 0.295000 0.984234 0.190000 0.031532
1 0.844000 0.983483 0.148000 0.033033
