1 0.335352 0.820822 0.547418 0.341536
1 0.338638 0.940515 0.542723 0.114533
1 0.624554 0.601558 0.481690 0.216685
1 0.733474 0.803797 0.250704 0.233194
1 0.796385 0.915751 0.374648 0.164061
1 0.917042 0.764072 0.123944 0.186762
1 0.923615 0.593819 0.125822 0.172316
1 0.924554 0.422019 0.120188 0.177475
1 0.632066 0.407574 0.487324 0.206366
1 0.630188 0.219780 0.476056 0.237321
1 0.638638 0.085126 0.479812 0.164061
1 0.923146 0.252283 0.121127 0.186762
1 0.920798 0.089253 0.108920 0.178507
1 0.986160 0.097911 0.023681 0.169447
1 0.988507 0.262637 0.018986 0.164835
1 0.988507 0.429970 0.018986 0.169829
1 0.990854 0.593303 0.014291 0.165093
1 0.987099 0.757834 0.021803 0.166218
1 0.987934 0.916783 0.019718 0.161998
