1 0.220000 0.020810 0.184000 0.041620
1 0.794000 0.033746 0.176000 0.067492
1 0.253000 0.228909 0.506000 0.406074
1 0.754000 0.250844 0.492000 0.395951
1 0.269000 0.539370 0.462000 0.239595
1 0.735000 0.558493 0.474000 0.237345
1 0.296000 0.732283 0.368000 0.170979
1 0.679000 0.746344 0.386000 0.169854
1 0.327000 0.873453 0.318000 0.129359
1 0.641000 0.875703 0.322000 0.138358
1 0.034000 0.412261 0.064000 0.248594
1 0.060000 0.583802 0.116000 0.182227
1 0.077000 0.735096 0.154000 0.142857
1 0.109000 0.865579 0.194000 0.120360
1 0.037000 0.901575 0.074000 0.192351
1 0.982000 0.449944 0.032000 0.076490
1 0.934000 0.596175 0.132000 0.220472
1 0.896000 0.771654 0.208000 0.164229
1 0.881000 0.895388 0.238000 0.107987
