1 0.856000 0.889525 0.160000 0.220949
1 0.882000 0.647300 0.176000 0.263502
1 0.670000 0.885434 0.244000 0.229133
1 0.681000 0.645663 0.262000 0.270049
1 0.909000 0.360065 0.182000 0.307692
1 0.416000 0.647300 0.264000 0.266776
1 0.423000 0.887070 0.234000 0.225859
1 0.696000 0.353519 0.280000 0.310966
1 0.404000 0.359247 0.292000 0.315876
1 0.923000 0.102291 0.154000 0.204583
1 0.707000 0.100655 0.298000 0.201309
1 0.391000 0.102291 0.310000 0.204583
1 0.233000 0.081833 0.046000 0.163666
1 0.140000 0.081015 0.164000 0.162029
1 0.038000 0.080196 0.076000 0.160393
1 0.153000 0.245499 0.158000 0.166939
1 0.247000 0.246318 0.050000 0.165303
1 0.260000 0.401800 0.048000 0.152209
1 0.175000 0.400164 0.150000 0.148936
1 0.271000 0.541735 0.042000 0.134206
1 0.185000 0.541735 0.134000 0.137480
1 0.188000 0.673486 0.100000 0.129296
1 0.266000 0.697218 0.084000 0.252046
1 0.048000 0.243044 0.096000 0.168576
1 0.057000 0.415712 0.114000 0.206219
1 0.031000 0.604746 0.062000 0.260229
1 0.038000 0.788052 0.076000 0.214403
1 0.090000 0.579378 0.088000 0.202946
1 0.107000 0.717676 0.090000 0.214403
