1 0.597000 0.280781 0.142000 0.189189
1 0.738000 0.283784 0.140000 0.189189
1 0.456000 0.282282 0.144000 0.192192
1 0.315000 0.282282 0.142000 0.192192
1 0.241000 0.459459 0.146000 0.204204
1 0.381000 0.469970 0.142000 0.183183
1 0.522000 0.468468 0.144000 0.186186
1 0.660000 0.468468 0.140000 0.186186
1 0.796000 0.462462 0.140000 0.198198
1 0.921000 0.325826 0.154000 0.117117
1 0.922000 0.430931 0.152000 0.129129
1 0.931000 0.540541 0.138000 0.132132
1 0.940000 0.656156 0.096000 0.093093
1 0.832000 0.630631 0.140000 0.198198
1 0.697000 0.653153 0.138000 0.177177
1 0.563000 0.653153 0.130000 0.177177
1 0.428000 0.651652 0.140000 0.180180
1 0.297000 0.650150 0.142000 0.177177
1 0.164000 0.632132 0.136000 0.213213
1 0.173000 0.819820 0.138000 0.168168
1 0.303000 0.824324 0.134000 0.165165
1 0.434000 0.821321 0.136000 0.171171
1 0.566000 0.819820 0.132000 0.162162
1 0.694000 0.819820 0.136000 0.168168
1 0.823000 0.816817 0.138000 0.180180
1 0.688000 0.948949 0.128000 0.096096
1 0.813000 0.950450 0.134000 0.099099
1 0.563000 0.945946 0.126000 0.102102
1 0.435000 0.948949 0.134000 0.102102
1 0.310000 0.951952 0.132000 0.090090
1 0.180000 0.948949 0.132000 0.096096
