1 0.574148 0.234604 0.190381 0.152493
1 0.371743 0.335777 0.178357 0.202346
1 0.184369 0.388563 0.220441 0.196481
1 0.187375 0.530792 0.230461 0.152493
1 0.384770 0.505865 0.180361 0.178886
1 0.567134 0.373900 0.204409 0.143695
1 0.819639 0.461877 0.232465 0.219941
1 0.569138 0.523460 0.188377 0.173021
1 0.797595 0.626100 0.188377 0.178886
1 0.196393 0.674487 0.212425 0.217009
1 0.197395 0.841642 0.178357 0.158358
1 0.212425 0.944282 0.168337 0.105572
1 0.372745 0.743402 0.196393 0.331378
1 0.387776 0.914956 0.186373 0.170088
1 0.572144 0.662757 0.186373 0.175953
1 0.585170 0.771261 0.196393 0.158358
1 0.812625 0.780059 0.202405 0.246334
1 0.579158 0.917889 0.184369 0.164223
1 0.785571 0.891496 0.192385 0.217009
1 0.042084 0.467742 0.084168 0.120235
1 0.039078 0.570381 0.078156 0.120235
1 0.049098 0.690616 0.098196 0.184751
1 0.057114 0.832845 0.114228 0.193548
1 0.177355 0.184751 0.226453 0.234604
