1 0.027957 0.092781 0.055915 0.148785
1 0.202890 0.113576 0.222776 0.207682
1 0.314989 0.135751 0.014235 0.130883
1 0.417480 0.137914 0.185053 0.182803
1 0.565167 0.158466 0.117438 0.178477
1 0.699331 0.179558 0.156584 0.175232
1 0.821751 0.190916 0.118149 0.174150
1 0.927801 0.205519 0.129537 0.177395
1 0.986032 0.212999 0.023936 0.164599
1 0.080826 0.273664 0.155160 0.229316
1 0.220683 0.295298 0.143060 0.209845
1 0.357338 0.300706 0.133096 0.203355
1 0.481537 0.320177 0.132384 0.196865
1 0.597196 0.329912 0.124555 0.196865
1 0.733851 0.345055 0.170107 0.179558
1 0.858762 0.351545 0.118149 0.160088
1 0.948665 0.360339 0.098669 0.166860
1 0.130292 0.473234 0.225623 0.193620
1 0.344171 0.482969 0.200712 0.171987
1 0.548441 0.494867 0.207829 0.171987
1 0.696128 0.492704 0.113167 0.163333
1 0.791858 0.500276 0.108185 0.143863
1 0.890078 0.507307 0.106762 0.149271
1 0.962544 0.510833 0.070911 0.145507
1 0.090078 0.634945 0.142349 0.181722
1 0.221751 0.649006 0.128114 0.173068
1 0.349865 0.646843 0.119573 0.149271
1 0.470149 0.608984 0.123843 0.218499
1 0.575488 0.648466 0.119573 0.150353
1 0.712498 0.636026 0.160142 0.147108
1 0.833495 0.643057 0.113167 0.130883
1 0.927801 0.641435 0.103915 0.123311
1 0.979626 0.644377 0.036747 0.127660
1 0.129224 0.789084 0.234875 0.174150
1 0.339544 0.794492 0.185765 0.150353
1 0.523530 0.788543 0.187900 0.140618
1 0.664456 0.763664 0.111032 0.131965
1 0.760541 0.771777 0.111032 0.126556
1 0.856270 0.767991 0.103203 0.118985
1 0.945107 0.767959 0.105786 0.129736
1 0.088299 0.935110 0.134520 0.120066
1 0.213566 0.889680 0.121708 0.204437
1 0.329580 0.929161 0.124555 0.134128
1 0.443103 0.902660 0.118149 0.180640
1 0.550221 0.928079 0.111744 0.136291
1 0.686875 0.889680 0.160142 0.124393
1 0.805381 0.890221 0.105338 0.118985
1 0.892214 0.891843 0.101068 0.115739
1 0.960765 0.883730 0.074470 0.112494
1 0.640256 0.973337 0.103915 0.047248
1 0.742747 0.972796 0.103915 0.048329
1 0.833495 0.970806 0.091815 0.050839
1 0.933007 0.968085 0.129986 0.057751
1 0.010007 0.388863 0.019217 0.152517
1 0.009808 0.525127 0.019616 0.135156
1 0.010719 0.658742 0.017794 0.147108
