1 0.149487 0.016314 0.298974 0.028595
1 0.440859 0.016361 0.290052 0.026389
1 0.782743 0.020056 0.395812 0.033778
1 0.715204 0.136696 0.294241 0.199502
1 0.925974 0.136696 0.144052 0.199502
1 0.342953 0.154640 0.431414 0.248058
1 0.077236 0.136031 0.154471 0.215610
1 0.091895 0.342589 0.183791 0.205951
1 0.387979 0.338309 0.410471 0.197391
1 0.795309 0.335670 0.404188 0.198446
1 0.727770 0.526727 0.269110 0.190002
1 0.927545 0.519966 0.140911 0.197190
1 0.444524 0.530949 0.282723 0.185779
1 0.155770 0.540977 0.311539 0.199502
1 0.407874 0.718312 0.397906 0.195280
1 0.800319 0.704447 0.395361 0.187120
1 0.756565 0.882980 0.263874 0.199502
1 0.940634 0.871506 0.114733 0.186561
1 0.482220 0.894591 0.280628 0.197391
1 0.203162 0.887730 0.302618 0.219558
1 0.110220 0.739191 0.220440 0.199037
1 0.036921 0.914647 0.073843 0.161501
1 0.937492 0.972497 0.121016 0.045801
1 0.750314 0.980330 0.251372 0.035309
