1 0.091628 0.495607 0.172868 0.635659
1 0.023527 0.121333 0.047054 0.146667
1 0.087868 0.619080 0.175736 0.756506
1 0.149767 0.324031 0.256589 0.604651
1 0.324186 0.305943 0.213178 0.599483
1 0.494341 0.294574 0.182946 0.582946
1 0.667597 0.287855 0.179070 0.569509
1 0.824961 0.277003 0.199225 0.543669
1 0.348605 0.715762 0.358140 0.222222
1 0.338140 0.881137 0.379070 0.197416
1 0.712171 0.821705 0.359690 0.212920
1 0.717209 0.648062 0.372868 0.208786
1 0.945008 0.566460 0.105984 0.359587
1 0.941907 0.798450 0.112186 0.174677
1 0.934930 0.306243 0.126140 0.607152
1 0.143566 0.952972 0.031783 0.072351
