1 0.926000 0.216535 0.148000 0.145107
1 0.918000 0.343082 0.164000 0.114736
1 0.945000 0.480877 0.110000 0.169854
1 0.951000 0.656918 0.098000 0.184477
1 0.958000 0.846457 0.084000 0.205849
1 0.760000 0.871204 0.352000 0.158605
1 0.727000 0.724409 0.342000 0.141732
1 0.724000 0.588301 0.336000 0.139483
1 0.717000 0.460630 0.330000 0.133858
1 0.735000 0.343082 0.202000 0.112486
1 0.763000 0.219910 0.218000 0.142857
1 0.558000 0.224409 0.208000 0.133858
1 0.410000 0.340832 0.328000 0.121485
1 0.397000 0.462317 0.314000 0.125984
1 0.396000 0.589989 0.328000 0.136108
1 0.388000 0.726097 0.336000 0.138358
1 0.405000 0.868391 0.346000 0.152981
1 0.129000 0.346457 0.258000 0.123735
1 0.120000 0.466817 0.240000 0.125984
1 0.119000 0.592801 0.238000 0.132733
1 0.113000 0.727222 0.226000 0.138358
1 0.115000 0.866142 0.230000 0.146232
1 0.169302 0.256516 0.175661 0.061897
1 0.355545 0.191048 0.198942 0.085704
1 0.349725 0.259194 0.208466 0.050589
1 0.601577 0.342517 0.058201 0.102963
