1 0.706000 0.352324 0.296000 0.161919
1 0.653000 0.204648 0.306000 0.166417
1 0.400000 0.321589 0.312000 0.163418
1 0.372000 0.461769 0.272000 0.149925
1 0.663000 0.482009 0.302000 0.130435
1 0.641000 0.605697 0.250000 0.113943
1 0.649000 0.712894 0.242000 0.100450
1 0.111000 0.197901 0.222000 0.113943
1 0.398000 0.128936 0.308000 0.248876
1 0.839000 0.321589 0.102000 0.115442
1 0.885000 0.409295 0.162000 0.155922
1 0.855000 0.532984 0.182000 0.094453
1 0.832000 0.624438 0.164000 0.085457
1 0.822000 0.704648 0.124000 0.080960
1 0.807000 0.780360 0.098000 0.070465
1 0.648000 0.811844 0.224000 0.094453
1 0.644000 0.896552 0.220000 0.089955
1 0.398000 0.896552 0.220000 0.095952
1 0.402000 0.797601 0.224000 0.101949
1 0.155000 0.800600 0.246000 0.104948
1 0.159000 0.893553 0.238000 0.083958
1 0.390000 0.701649 0.248000 0.101949
1 0.362000 0.598201 0.252000 0.116942
1 0.125000 0.703148 0.246000 0.104948
1 0.115000 0.596702 0.230000 0.116942
1 0.117000 0.320840 0.230000 0.143928
1 0.118000 0.465517 0.232000 0.145427
1 0.683000 0.065217 0.254000 0.130435
1 0.026000 0.884558 0.048000 0.080960
