1 0.355568 0.130270 0.203243 0.100541
1 0.552865 0.143784 0.206486 0.136216
1 0.218811 0.249730 0.189189 0.175135
1 0.460973 0.271351 0.323243 0.198919
1 0.709622 0.290811 0.204324 0.149189
1 0.210162 0.412432 0.178378 0.171892
1 0.438270 0.440000 0.295135 0.198919
1 0.209081 0.565405 0.167568 0.166486
1 0.442054 0.577838 0.302703 0.241081
1 0.216649 0.707568 0.180541 0.161081
1 0.424216 0.752432 0.230270 0.181622
1 0.212865 0.838378 0.177297 0.152432
1 0.408000 0.899459 0.225946 0.181622
1 0.218270 0.935676 0.181622 0.122162
1 0.405838 0.962162 0.202162 0.067027
1 0.596649 0.408108 0.030270 0.128649
1 0.702595 0.414595 0.190270 0.130811
1 0.654486 0.614595 0.284324 0.299459
1 0.668000 0.786486 0.268108 0.212973
1 0.656649 0.925405 0.251892 0.140541
