1 0.861719 0.299531 0.185938 0.071512
1 0.644531 0.223916 0.201563 0.077374
1 0.486719 0.225088 0.114062 0.093787
1 0.370312 0.211020 0.121875 0.075029
1 0.712500 0.300117 0.112500 0.079719
1 0.590625 0.290152 0.121875 0.069168
1 0.403125 0.281946 0.215625 0.090270
1 0.161719 0.339390 0.235937 0.087925
1 0.360156 0.350528 0.120313 0.075029
1 0.480469 0.359906 0.114062 0.084408
1 0.638281 0.359320 0.198437 0.073857
1 0.816406 0.365768 0.123438 0.072685
1 0.930469 0.373388 0.104688 0.076202
1 0.402344 0.423798 0.207813 0.078546
1 0.231250 0.421454 0.131250 0.080891
1 0.100000 0.415006 0.137500 0.086753
1 0.589844 0.428488 0.123438 0.073857
1 0.705469 0.433763 0.110937 0.075029
1 0.855469 0.434349 0.192188 0.073857
1 0.925000 0.506448 0.112500 0.072685
1 0.812500 0.505275 0.125000 0.072685
1 0.636719 0.500586 0.198437 0.075029
1 0.478125 0.502931 0.118750 0.082063
1 0.353906 0.498242 0.126562 0.079719
1 0.145313 0.496483 0.237500 0.080891
1 0.863281 0.577960 0.198437 0.072685
1 0.710156 0.576202 0.117188 0.073857
1 0.590625 0.575615 0.125000 0.075029
1 0.388281 0.576202 0.217188 0.078546
1 0.214844 0.575615 0.135937 0.079719
1 0.079687 0.573857 0.143750 0.083236
1 0.340625 0.655334 0.128125 0.082063
1 0.468750 0.654748 0.128125 0.080891
1 0.632031 0.652403 0.201563 0.078546
1 0.821875 0.652403 0.128125 0.076202
1 0.938281 0.651231 0.117188 0.073857
1 0.123438 0.657093 0.246875 0.087925
1 0.200000 0.740914 0.140625 0.082063
1 0.395313 0.734467 0.228125 0.083236
1 0.585938 0.728605 0.121875 0.076202
1 0.705469 0.725674 0.117188 0.072685
1 0.861719 0.723916 0.198437 0.069168
1 0.064844 0.743259 0.129688 0.084408
1 0.981250 0.440797 0.037500 0.067995
1 0.986719 0.577960 0.026562 0.072685
1 0.986719 0.507034 0.026562 0.071512
