1 0.061048 0.047619 0.122095 0.095238
1 0.195113 0.059887 0.170226 0.119774
1 0.147095 0.186772 0.291270 0.219048
1 0.399873 0.089194 0.263492 0.177778
1 0.608206 0.104762 0.180159 0.186243
1 0.773683 0.148677 0.174603 0.180952
1 0.898286 0.191005 0.085714 0.119577
1 0.961249 0.228423 0.073502 0.135153
1 0.361291 0.228940 0.157610 0.200253
1 0.487175 0.243915 0.107937 0.180952
1 0.585587 0.244974 0.109524 0.168254
1 0.679508 0.261630 0.106889 0.163471
1 0.769095 0.277778 0.101238 0.147090
1 0.861381 0.291005 0.088095 0.122751
1 0.929635 0.304762 0.067460 0.120635
1 0.971691 0.333365 0.052618 0.122688
1 0.084397 0.380423 0.164286 0.206349
1 0.234755 0.385938 0.158807 0.195321
1 0.422146 0.404922 0.250692 0.184864
1 0.777884 0.360214 0.120168 0.039361
1 0.933100 0.370133 0.067000 0.018667
1 0.154631 0.592874 0.307929 0.227018
1 0.373286 0.575242 0.154762 0.181172
1 0.507810 0.566984 0.120635 0.173968
1 0.582805 0.548822 0.070654 0.155267
1 0.763135 0.429976 0.317921 0.301221
1 0.944527 0.465581 0.084546 0.171373
1 0.983500 0.472000 0.029000 0.160000
1 0.106277 0.806891 0.185916 0.248297
1 0.258754 0.778261 0.144770 0.226015
1 0.441356 0.751382 0.242430 0.206976
1 0.591766 0.701354 0.078118 0.162468
1 0.772526 0.656167 0.309918 0.209800
1 0.960067 0.643850 0.073263 0.187433
1 0.178895 0.929514 0.314210 0.135638
1 0.514089 0.903759 0.117189 0.185546
1 0.596460 0.864968 0.074495 0.165694
1 0.606330 0.970577 0.067341 0.053513
1 0.691668 0.843576 0.120937 0.186352
1 0.871077 0.835316 0.252954 0.241796
1 0.787918 0.956594 0.312165 0.081478
1 0.968658 0.945333 0.058684 0.104000
1 0.634438 0.397906 0.186047 0.166855
1 0.394851 0.912549 0.154299 0.169569
1 0.991885 0.632308 0.012231 0.163077
