1 0.137821 0.119783 0.259350 0.237398
1 0.375626 0.121409 0.235772 0.238482
1 0.609772 0.116531 0.229268 0.222222
1 0.833756 0.112195 0.239837 0.222222
1 0.165057 0.420596 0.252033 0.370732
1 0.381724 0.418970 0.234959 0.367480
1 0.604488 0.413008 0.223577 0.366396
1 0.815057 0.406504 0.234959 0.370732
1 0.021553 0.547621 0.043106 0.056759
1 0.039033 0.555556 0.078065 0.057453
1 0.043106 0.617344 0.079675 0.174526
1 0.139846 0.801084 0.279691 0.392412
1 0.359772 0.796748 0.265854 0.398916
1 0.616276 0.793496 0.255285 0.403252
1 0.849415 0.792412 0.297171 0.403252
