1 0.819672 0.254615 0.360656 0.216923
1 0.491803 0.256923 0.331967 0.212308
1 0.232582 0.254615 0.358607 0.198462
1 0.829918 0.422308 0.331967 0.170769
1 0.519467 0.423846 0.284836 0.133846
1 0.254098 0.410769 0.278689 0.126154
1 0.526639 0.541538 0.254098 0.113846
1 0.828893 0.549231 0.293033 0.147692
1 0.781762 0.747692 0.325820 0.292308
1 0.488730 0.718462 0.313525 0.258462
1 0.769467 0.923846 0.309426 0.146154
1 0.490779 0.875385 0.260246 0.104615
1 0.204918 0.601538 0.405738 0.252308
1 0.205943 0.766923 0.301230 0.118462
1 0.238730 0.854615 0.276639 0.100000
