1 0.055882 0.168616 0.111765 0.192982
1 0.169853 0.010721 0.166176 0.021442
1 0.180147 0.135478 0.213235 0.247563
1 0.371324 0.133528 0.210294 0.247563
1 0.587500 0.144250 0.207353 0.237817
1 0.791176 0.135478 0.220588 0.243665
1 0.943382 0.133528 0.110294 0.251462
1 0.569853 0.043860 0.280882 0.087719
1 0.054412 0.363548 0.108824 0.204678
1 0.075000 0.540936 0.150000 0.169591
1 0.261765 0.352827 0.347059 0.214425
1 0.243382 0.550682 0.216176 0.185185
1 0.440441 0.547758 0.180882 0.183236
1 0.605147 0.356725 0.348529 0.218324
1 0.884559 0.353801 0.230882 0.224172
1 0.622794 0.556530 0.183824 0.189084
1 0.813971 0.556530 0.210294 0.189084
1 0.950000 0.559454 0.100000 0.191033
1 0.879412 0.730019 0.241176 0.177388
1 0.607353 0.642300 0.317647 0.352827
1 0.291176 0.685185 0.323529 0.243665
1 0.075000 0.702729 0.150000 0.165692
1 0.079412 0.854776 0.158824 0.146199
1 0.100735 0.961988 0.133824 0.072125
1 0.233824 0.883041 0.173529 0.152047
1 0.400000 0.847953 0.179412 0.222222
1 0.236765 0.974659 0.147059 0.050682
1 0.377941 0.979532 0.141176 0.040936
1 0.588235 0.891813 0.167647 0.150097
1 0.600735 0.923002 0.289706 0.153996
1 0.762500 0.882066 0.175000 0.161793
1 0.938971 0.889864 0.122059 0.142300
1 0.872059 0.928850 0.252941 0.142300
