1 0.123130 0.321166 0.200000 0.076049
1 0.260087 0.323338 0.172464 0.071703
1 0.397043 0.327141 0.171014 0.077135
1 0.529652 0.331486 0.146377 0.070617
1 0.677478 0.341807 0.157971 0.082567
1 0.819507 0.343437 0.181159 0.081481
1 0.126783 0.443930 0.253565 0.178172
1 0.360812 0.448819 0.281159 0.183604
1 0.618783 0.461313 0.266667 0.184690
1 0.862014 0.468375 0.271971 0.172740
1 0.134000 0.589510 0.256522 0.110814
1 0.367333 0.598201 0.247826 0.123851
1 0.607188 0.605806 0.249275 0.126024
1 0.848493 0.626448 0.279710 0.156444
