1 0.137462 0.230661 0.274923 0.203467
1 0.441462 0.228602 0.340769 0.210184
1 0.801846 0.221560 0.383077 0.230769
1 0.049769 0.424702 0.099538 0.182015
1 0.186846 0.424702 0.196154 0.197183
1 0.398000 0.436078 0.226154 0.206934
1 0.618385 0.444204 0.225385 0.223185
1 0.856846 0.444204 0.248462 0.218852
1 0.016308 0.593716 0.032615 0.162514
1 0.151846 0.605634 0.275385 0.186349
1 0.446846 0.624594 0.319231 0.222102
1 0.785308 0.647346 0.365385 0.204767
1 0.063385 0.755688 0.123077 0.170098
1 0.207615 0.769231 0.185385 0.173348
1 0.395308 0.792524 0.191538 0.196100
1 0.592615 0.819068 0.207692 0.184182
1 0.815308 0.839653 0.234615 0.190683
1 0.028231 0.890574 0.056462 0.143012
1 0.174923 0.912243 0.260000 0.169014
1 0.066692 0.971073 0.133385 0.049187
1 0.146462 0.992633 0.026154 0.009101
1 0.448385 0.927952 0.297692 0.137595
1 0.759462 0.938462 0.329077 0.117443
