1 0.057000 0.278111 0.114000 0.214393
1 0.257000 0.278861 0.350000 0.197901
1 0.548000 0.277361 0.264000 0.173913
1 0.079000 0.485757 0.130000 0.197901
1 0.290000 0.475262 0.304000 0.194903
1 0.544000 0.452774 0.244000 0.170915
1 0.105000 0.667916 0.110000 0.178411
1 0.288000 0.649175 0.296000 0.188906
1 0.548000 0.603448 0.232000 0.169415
1 0.122000 0.825337 0.112000 0.166417
1 0.299000 0.799100 0.274000 0.200900
1 0.542000 0.741379 0.212000 0.178411
1 0.701000 0.241379 0.146000 0.140930
1 0.820000 0.246627 0.096000 0.133433
1 0.908000 0.251124 0.096000 0.124438
1 0.972000 0.254123 0.056000 0.115442
1 0.713000 0.404798 0.106000 0.158921
1 0.809000 0.397301 0.094000 0.149925
1 0.890000 0.392804 0.084000 0.140930
1 0.961000 0.388306 0.078000 0.131934
1 0.702000 0.560720 0.100000 0.152924
1 0.793000 0.546477 0.094000 0.145427
1 0.875000 0.532984 0.086000 0.136432
1 0.949000 0.520990 0.074000 0.130435
1 0.693000 0.698651 0.106000 0.149925
1 0.782000 0.677661 0.092000 0.140930
1 0.866000 0.658921 0.084000 0.136432
1 0.934000 0.643928 0.080000 0.130435
1 0.916000 0.181409 0.164000 0.026987
1 0.962000 0.148426 0.076000 0.053973
1 0.387000 0.180660 0.182000 0.022489
1 0.543000 0.183658 0.126000 0.019490
1 0.438000 0.138681 0.252000 0.079460
1 0.328000 0.131184 0.084000 0.073463
