1 0.030000 0.204648 0.060000 0.064468
1 0.111000 0.219640 0.114000 0.100450
1 0.227000 0.212894 0.134000 0.107946
1 0.367000 0.206147 0.146000 0.106447
1 0.497000 0.197151 0.122000 0.109445
1 0.636000 0.188156 0.156000 0.112444
1 0.773000 0.191904 0.118000 0.107946
1 0.914000 0.182909 0.164000 0.113943
1 0.063000 0.287856 0.126000 0.104948
1 0.064000 0.377811 0.128000 0.098951
1 0.150000 0.314093 0.052000 0.094453
1 0.226000 0.310345 0.116000 0.095952
1 0.361000 0.305847 0.158000 0.101949
1 0.149000 0.407796 0.054000 0.095952
1 0.062000 0.465517 0.124000 0.100450
1 0.061000 0.564468 0.122000 0.103448
1 0.069000 0.661169 0.138000 0.131934
1 0.021000 0.795352 0.042000 0.139430
1 0.067000 0.773613 0.050000 0.128936
1 0.112000 0.745877 0.048000 0.112444
1 0.046000 0.904798 0.092000 0.178411
1 0.120000 0.840330 0.080000 0.142429
1 0.047000 0.956522 0.094000 0.086957
1 0.132000 0.901049 0.080000 0.107946
1 0.249000 0.407046 0.146000 0.097451
1 0.149000 0.504498 0.058000 0.094453
1 0.250000 0.502249 0.148000 0.095952
1 0.155000 0.598951 0.066000 0.097451
1 0.248000 0.598201 0.132000 0.095952
1 0.162000 0.696402 0.064000 0.100450
1 0.250000 0.693403 0.120000 0.100450
1 0.166000 0.793853 0.060000 0.103448
1 0.271000 0.792354 0.154000 0.097451
1 0.184000 0.883808 0.048000 0.082459
1 0.276000 0.890555 0.156000 0.098951
1 0.499000 0.300600 0.122000 0.109445
1 0.637000 0.296102 0.158000 0.109445
1 0.377000 0.404798 0.122000 0.095952
1 0.385000 0.498501 0.122000 0.097451
1 0.387000 0.596702 0.154000 0.101949
1 0.390000 0.695652 0.160000 0.101949
1 0.406000 0.793103 0.128000 0.110945
1 0.410000 0.895052 0.120000 0.098951
1 0.511000 0.403298 0.150000 0.104948
1 0.516000 0.500750 0.156000 0.098951
1 0.520000 0.597451 0.140000 0.097451
1 0.526000 0.694903 0.124000 0.100450
1 0.544000 0.796102 0.152000 0.107946
1 0.543000 0.898801 0.154000 0.100450
1 0.778000 0.292354 0.136000 0.104948
1 0.922000 0.287106 0.152000 0.109445
1 0.645000 0.400300 0.126000 0.098951
1 0.792000 0.395052 0.168000 0.109445
1 0.937000 0.392054 0.122000 0.103448
1 0.662000 0.498501 0.140000 0.097451
1 0.809000 0.495502 0.162000 0.100450
1 0.944000 0.493253 0.108000 0.101949
1 0.666000 0.597451 0.160000 0.103448
1 0.812000 0.597451 0.132000 0.103448
1 0.937000 0.595952 0.126000 0.103448
1 0.669000 0.695652 0.162000 0.104948
1 0.816000 0.698651 0.136000 0.104948
1 0.937000 0.700150 0.126000 0.107946
1 0.681000 0.797601 0.130000 0.101949
1 0.827000 0.801349 0.170000 0.103448
1 0.955000 0.803598 0.090000 0.104948
1 0.685000 0.895052 0.134000 0.104948
1 0.830000 0.899550 0.172000 0.101949
1 0.956000 0.901799 0.088000 0.097451
1 0.139000 0.961019 0.190000 0.077961
