1 0.895000 0.166667 0.210000 0.301333
1 0.624000 0.170667 0.324000 0.304000
1 0.345000 0.170667 0.218000 0.293333
1 0.124000 0.166667 0.248000 0.296000
1 0.141000 0.436000 0.282000 0.253333
1 0.367000 0.441333 0.206000 0.248000
1 0.570000 0.441333 0.204000 0.242667
1 0.826000 0.432000 0.312000 0.256000
1 0.865000 0.648000 0.190000 0.224000
1 0.679000 0.660000 0.190000 0.216000
1 0.484000 0.670667 0.184000 0.210667
1 0.288000 0.669333 0.196000 0.218667
1 0.153000 0.860000 0.286000 0.194667
1 0.099000 0.656000 0.194000 0.218667
1 0.387000 0.858667 0.178000 0.165333
1 0.568000 0.856000 0.172000 0.165333
1 0.797000 0.849333 0.278000 0.189333
