1 0.098082 0.812117 0.196164 0.147641
1 0.216170 0.071906 0.197296 0.140728
1 0.411396 0.073458 0.190397 0.145902
1 0.601104 0.075274 0.183499 0.150548
1 0.780464 0.077597 0.177980 0.154180
1 0.314128 0.219361 0.373896 0.164528
1 0.695613 0.228156 0.350442 0.157285
1 0.241004 0.379232 0.191777 0.151076
1 0.430022 0.377680 0.183499 0.150041
1 0.619730 0.379750 0.176600 0.147972
1 0.794260 0.377680 0.172461 0.145902
1 0.353449 0.526169 0.353201 0.149007
1 0.704581 0.523065 0.338024 0.144868
1 0.276187 0.673106 0.190397 0.149007
1 0.458996 0.666380 0.177980 0.143833
1 0.631457 0.661207 0.175221 0.139694
1 0.801159 0.659137 0.164183 0.141763
1 0.362417 0.806591 0.343543 0.146937
1 0.710789 0.795726 0.328366 0.143833
1 0.272737 0.928901 0.180740 0.139073
1 0.452097 0.932523 0.175221 0.131829
1 0.627318 0.929936 0.172461 0.137003
1 0.792881 0.924555 0.155905 0.132450
