1 0.134000 0.174324 0.228000 0.089189
1 0.113000 0.258108 0.226000 0.089189
1 0.114000 0.348649 0.228000 0.097297
1 0.117000 0.437838 0.234000 0.102703
1 0.118000 0.528378 0.236000 0.110811
1 0.121000 0.613514 0.242000 0.113514
1 0.123000 0.701351 0.242000 0.116216
1 0.120000 0.786486 0.240000 0.124324
1 0.342000 0.320270 0.232000 0.213514
1 0.363000 0.545946 0.254000 0.248649
1 0.384000 0.805405 0.276000 0.318919
1 0.568000 0.325676 0.228000 0.213514
1 0.582000 0.474324 0.192000 0.116216
1 0.606000 0.593243 0.232000 0.154054
1 0.625000 0.758108 0.210000 0.245946
1 0.858000 0.322973 0.248000 0.235135
1 0.764000 0.548649 0.068000 0.243243
1 0.716000 0.322973 0.044000 0.208108
1 0.712000 0.522973 0.044000 0.224324
1 0.686000 0.320270 0.024000 0.186486
1 0.896000 0.562162 0.208000 0.281081
1 0.762000 0.755405 0.068000 0.240541
1 0.838000 0.805405 0.104000 0.270270
1 0.943000 0.591892 0.110000 0.318919
1 0.926000 0.850000 0.120000 0.300000
1 0.983000 0.866216 0.034000 0.267568
1 0.989000 0.362162 0.022000 0.140541
