1 0.136347 0.140114 0.272694 0.279159
1 0.141513 0.372747 0.282288 0.236376
1 0.140037 0.596289 0.278598 0.211776
1 0.138745 0.794160 0.276753 0.197872
1 0.139114 0.930927 0.278229 0.132349
1 0.419373 0.910605 0.277860 0.172993
1 0.427675 0.759666 0.285609 0.197337
1 0.426015 0.572758 0.299262 0.207498
1 0.431734 0.370608 0.315867 0.219263
1 0.429889 0.140382 0.325461 0.257233
1 0.730812 0.164715 0.285978 0.252420
1 0.923539 0.194310 0.148923 0.214279
1 0.717159 0.373015 0.271956 0.206963
1 0.914683 0.380357 0.166635 0.184213
1 0.702768 0.566608 0.254982 0.184502
1 0.688561 0.730253 0.246494 0.178084
1 0.673985 0.885074 0.238745 0.176480
1 0.904720 0.551366 0.186561 0.166854
1 0.896048 0.705118 0.203904 0.153484
1 0.880812 0.847639 0.204428 0.160436
1 0.665498 0.966094 0.222509 0.061501
1 0.868384 0.948647 0.198595 0.095713
