1 0.787385 0.172028 0.421231 0.045584
1 0.703436 0.143538 0.275897 0.027972
1 0.417282 0.148200 0.312821 0.031080
1 0.177282 0.148718 0.204103 0.038332
1 0.125821 0.320668 0.251641 0.328361
1 0.815077 0.322404 0.365846 0.269049
1 0.427538 0.173064 0.368205 0.026936
1 0.426000 0.318104 0.463590 0.279720
1 0.640359 0.564672 0.428718 0.213416
1 0.915590 0.574359 0.164821 0.239627
1 0.900205 0.771406 0.195590 0.222844
1 0.630103 0.759441 0.393846 0.180264
1 0.213000 0.569334 0.426000 0.222740
1 0.208897 0.764103 0.417795 0.212380
1 0.226000 0.933618 0.391795 0.128723
1 0.607538 0.881818 0.371282 0.232323
1 0.887538 0.919503 0.219487 0.156436
