1 0.134000 0.177661 0.268000 0.091454
1 0.150000 0.269115 0.300000 0.172414
1 0.206000 0.419040 0.412000 0.178411
1 0.205000 0.596702 0.410000 0.179910
1 0.203000 0.768366 0.406000 0.211394
1 0.203000 0.910795 0.406000 0.178411
1 0.372000 0.217391 0.228000 0.086957
1 0.420000 0.316342 0.248000 0.152924
1 0.561000 0.452024 0.310000 0.136432
1 0.718000 0.581709 0.564000 0.221889
1 0.423000 0.593703 0.042000 0.146927
1 0.419000 0.744378 0.038000 0.151424
1 0.716000 0.803598 0.568000 0.299850
1 0.414000 0.899550 0.052000 0.158921
1 0.710000 0.910045 0.580000 0.179910
1 0.636000 0.168666 0.208000 0.202399
1 0.510000 0.221889 0.068000 0.089955
1 0.644000 0.263118 0.200000 0.187406
1 0.644000 0.344078 0.208000 0.118441
1 0.864000 0.143178 0.272000 0.274363
1 0.844000 0.080210 0.312000 0.160420
1 0.866000 0.288606 0.268000 0.223388
1 0.856000 0.408546 0.288000 0.136432
