1 0.174000 0.103604 0.156000 0.207207
1 0.406000 0.090090 0.308000 0.180180
1 0.597000 0.061562 0.078000 0.123123
1 0.811000 0.081832 0.370000 0.160661
1 0.992000 0.108108 0.016000 0.102102
1 0.971000 0.263514 0.058000 0.208709
1 0.893000 0.251502 0.170000 0.235736
1 0.645000 0.225976 0.394000 0.262763
1 0.354000 0.255255 0.204000 0.207207
1 0.180000 0.269520 0.148000 0.178679
1 0.183000 0.440691 0.158000 0.166667
1 0.187000 0.594595 0.154000 0.177177
1 0.057000 0.561562 0.106000 0.159159
1 0.057000 0.695195 0.094000 0.150150
1 0.055000 0.816817 0.098000 0.177177
1 0.106000 0.850601 0.048000 0.136637
1 0.243000 0.936937 0.298000 0.126126
1 0.502000 0.972222 0.116000 0.052553
1 0.407000 0.949700 0.090000 0.100601
1 0.647000 0.876877 0.374000 0.246246
1 0.370000 0.819069 0.200000 0.250751
1 0.632000 0.695946 0.372000 0.280781
1 0.360000 0.635135 0.204000 0.219219
1 0.356000 0.451952 0.188000 0.198198
1 0.634000 0.473724 0.384000 0.247748
1 0.882000 0.481231 0.164000 0.223724
1 0.874000 0.695946 0.152000 0.229730
1 0.870000 0.889640 0.140000 0.220721
1 0.950000 0.958709 0.056000 0.082583
1 0.953000 0.849099 0.058000 0.199700
1 0.967000 0.668168 0.066000 0.207207
1 0.969000 0.471471 0.062000 0.204204
1 0.983000 0.824324 0.034000 0.171171
1 0.185000 0.719219 0.178000 0.150150
