1 0.096552 0.168890 0.132536 0.181881
1 0.239866 0.175927 0.162077 0.200286
1 0.409927 0.170514 0.189223 0.221938
1 0.697754 0.174844 0.389624 0.260913
1 0.098548 0.349688 0.131738 0.175385
1 0.242661 0.365928 0.150101 0.207864
1 0.409927 0.389745 0.182836 0.225186
1 0.619510 0.417352 0.236329 0.252252
1 0.847476 0.367395 0.301040 0.466298
1 0.109816 0.510396 0.139729 0.180744
1 0.242650 0.545298 0.155357 0.213153
1 0.407200 0.587679 0.181096 0.233097
1 0.614495 0.640656 0.226140 0.264260
1 0.860942 0.708765 0.274108 0.310730
1 0.124065 0.666210 0.127778 0.193209
1 0.250924 0.711084 0.146164 0.223125
1 0.411796 0.773409 0.190289 0.248055
1 0.611737 0.831372 0.216948 0.266753
1 0.856713 0.886281 0.282565 0.222003
1 0.133717 0.808935 0.115828 0.172018
1 0.259197 0.868767 0.135133 0.206921
1 0.409038 0.911211 0.171903 0.172143
1 0.602830 0.939881 0.221195 0.114804
