1 0.816135 0.180000 0.322702 0.360000
1 0.801126 0.591667 0.311445 0.496667
1 0.968105 0.401667 0.063790 0.523333
1 0.955910 0.791667 0.088180 0.416667
1 0.787054 0.900000 0.279550 0.200000
1 0.526266 0.181667 0.279550 0.363333
1 0.527205 0.583333 0.255159 0.460000
1 0.532833 0.893333 0.240150 0.213333
1 0.249531 0.186667 0.292683 0.373333
1 0.272983 0.585000 0.272045 0.463333
1 0.295497 0.895000 0.242026 0.210000
1 0.065666 0.183333 0.131332 0.366667
1 0.083490 0.580000 0.166979 0.446667
1 0.092871 0.893333 0.185741 0.213333
