1 0.132063 0.337852 0.097778 0.142349
1 0.136508 0.458736 0.095238 0.135570
1 0.142540 0.570016 0.097143 0.132181
1 0.094921 0.183076 0.078095 0.108456
1 0.335556 0.132802 0.159365 0.224821
1 0.479365 0.132237 0.130794 0.219172
1 0.587937 0.133367 0.128254 0.210134
1 0.344127 0.346325 0.149841 0.222561
1 0.343175 0.540078 0.141587 0.230469
1 0.336508 0.728747 0.138413 0.225950
1 0.331111 0.898181 0.132698 0.196520
1 0.479683 0.340112 0.126349 0.205615
1 0.471429 0.531040 0.121270 0.205615
1 0.465397 0.706716 0.116825 0.204485
1 0.455873 0.872225 0.115556 0.194317
1 0.594603 0.323730 0.106032 0.190928
1 0.583810 0.497712 0.103492 0.195447
1 0.574603 0.668305 0.101587 0.195447
1 0.559365 0.823646 0.091429 0.173982
1 0.692381 0.129413 0.139048 0.197707
1 0.682222 0.311868 0.080635 0.178501
1 0.648889 0.774501 0.085079 0.161555
1 0.665714 0.629328 0.085714 0.178501
1 0.676508 0.473987 0.080635 0.177371
1 0.791429 0.122635 0.106032 0.181890
1 0.747937 0.296616 0.062222 0.170593
1 0.756190 0.449133 0.086349 0.168333
1 0.744127 0.595436 0.081270 0.171722
1 0.727937 0.731571 0.080635 0.152517
1 0.801270 0.287578 0.063492 0.163814
1 0.831746 0.428233 0.078730 0.155906
1 0.815556 0.572841 0.075556 0.155906
1 0.800952 0.694854 0.075556 0.137830
1 0.870476 0.123764 0.073651 0.161555
1 0.853333 0.280235 0.059683 0.153646
1 0.902222 0.276846 0.059683 0.151387
1 0.902857 0.419759 0.088889 0.154776
1 0.931746 0.123764 0.067937 0.154776
1 0.886984 0.553070 0.085079 0.152517
1 0.868571 0.673389 0.078730 0.131051
1 0.951746 0.270632 0.059683 0.145738
1 0.978365 0.120940 0.039270 0.151387
1 0.959048 0.407332 0.040000 0.138959
1 0.941905 0.534994 0.052698 0.132181
1 0.928254 0.645710 0.060952 0.111845
