1 0.183000 0.094453 0.326000 0.185907
1 0.473000 0.114693 0.254000 0.229385
1 0.531000 0.012744 0.110000 0.025487
1 0.640000 0.028486 0.112000 0.053973
1 0.743000 0.036732 0.098000 0.073463
1 0.834000 0.042729 0.092000 0.085457
1 0.921000 0.051724 0.090000 0.100450
1 0.614000 0.108696 0.044000 0.139430
1 0.706000 0.129685 0.156000 0.163418
1 0.858000 0.146927 0.156000 0.149925
1 0.965000 0.163418 0.070000 0.140930
1 0.178000 0.250375 0.332000 0.191904
1 0.467000 0.311844 0.254000 0.224888
1 0.611000 0.201649 0.042000 0.052474
1 0.704000 0.211394 0.144000 0.047976
1 0.848000 0.227136 0.144000 0.055472
1 0.958000 0.239130 0.084000 0.040480
1 0.712000 0.326837 0.240000 0.209895
1 0.914000 0.340330 0.172000 0.191904
1 0.264000 0.508246 0.504000 0.419790
1 0.559000 0.523238 0.094000 0.203898
1 0.715000 0.520990 0.218000 0.193403
1 0.910000 0.520990 0.180000 0.181409
1 0.274000 0.844828 0.484000 0.310345
1 0.573000 0.721139 0.126000 0.206897
1 0.737000 0.709145 0.210000 0.197901
1 0.916000 0.697901 0.168000 0.187406
