1 0.403808 0.025333 0.042084 0.024000
1 0.437876 0.024000 0.022044 0.026667
1 0.411824 0.053333 0.062124 0.032000
1 0.429860 0.086667 0.042084 0.029333
1 0.396794 0.086667 0.024048 0.029333
1 0.164329 0.010667 0.048096 0.021333
1 0.214429 0.009333 0.044088 0.018667
1 0.119238 0.010667 0.038076 0.021333
1 0.088176 0.140000 0.176353 0.210667
1 0.168337 0.341333 0.080160 0.218667
1 0.010020 0.353333 0.020040 0.205333
1 0.273547 0.126667 0.214429 0.210667
1 0.389780 0.172000 0.022044 0.114667
1 0.484970 0.213333 0.196393 0.218667
1 0.548096 0.053333 0.194389 0.106667
1 0.727455 0.056000 0.160321 0.112000
1 0.663327 0.210667 0.172345 0.213333
1 0.813627 0.213333 0.140281 0.202667
1 0.490982 0.386667 0.164329 0.138667
1 0.309619 0.338667 0.214429 0.218667
1 0.881764 0.082667 0.148297 0.138667
1 0.656313 0.414667 0.162325 0.200000
1 0.807615 0.406667 0.140281 0.194667
1 0.898798 0.222667 0.034068 0.141333
1 0.892786 0.358667 0.038076 0.136000
1 0.956914 0.224000 0.086172 0.138667
1 0.954910 0.358667 0.090180 0.136000
1 0.951904 0.486667 0.096192 0.136000
1 0.887776 0.489333 0.036072 0.120000
1 0.890782 0.614667 0.038076 0.125333
1 0.954910 0.613333 0.090180 0.128000
1 0.953908 0.733333 0.092184 0.138667
1 0.949900 0.848000 0.100200 0.133333
1 0.883768 0.742667 0.048096 0.130667
1 0.879760 0.860000 0.052104 0.120000
1 0.944890 0.948000 0.110220 0.098667
1 0.867735 0.960000 0.036072 0.080000
1 0.694389 0.604000 0.086172 0.194667
1 0.805611 0.590667 0.144289 0.194667
1 0.792585 0.765333 0.146293 0.186667
1 0.690381 0.781333 0.078156 0.181333
1 0.788577 0.917333 0.134269 0.160000
1 0.686373 0.886667 0.070140 0.050667
1 0.736473 0.945333 0.170341 0.104000
1 0.533066 0.576000 0.248497 0.272000
1 0.532064 0.778667 0.238477 0.256000
1 0.538076 0.917333 0.230461 0.160000
1 0.113226 0.608000 0.226453 0.314667
1 0.310621 0.546667 0.196393 0.213333
1 0.113226 0.846667 0.226453 0.306667
1 0.314629 0.738667 0.192385 0.202667
1 0.325651 0.908000 0.194389 0.178667
1 0.210421 0.928000 0.048096 0.144000
