1 0.153301 0.352840 0.304645 0.200089
1 0.077995 0.169343 0.155990 0.174712
1 0.346455 0.186424 0.206846 0.191304
1 0.198044 0.187888 0.093888 0.150311
1 0.603667 0.176908 0.312469 0.215217
1 0.339120 0.367968 0.073839 0.179592
1 0.550856 0.376997 0.350611 0.195697
1 0.147677 0.531211 0.295355 0.202529
1 0.142054 0.701531 0.283130 0.211313
1 0.137164 0.870386 0.273350 0.219122
1 0.135208 0.955790 0.270416 0.084428
1 0.313203 0.700555 0.072861 0.175200
1 0.362836 0.546340 0.152567 0.189840
1 0.577506 0.565617 0.275795 0.198137
1 0.493399 0.733252 0.319804 0.219122
1 0.350611 0.867214 0.164303 0.185448
1 0.563325 0.895763 0.261125 0.202529
1 0.781663 0.735692 0.181418 0.203505
1 0.836186 0.572205 0.262103 0.211313
1 0.800733 0.383829 0.172616 0.190816
1 0.872839 0.185682 0.250323 0.203485
1 0.937631 0.392669 0.120738 0.200689
1 0.975284 0.590740 0.045433 0.191773
1 0.930785 0.768204 0.134430 0.204110
1 0.814181 0.900156 0.248411 0.195697
1 0.436404 0.966606 0.211236 0.062796
1 0.964594 0.929066 0.065189 0.137877
1 0.676268 0.716012 0.060041 0.171260
1 0.655781 0.969866 0.062069 0.055467
1 0.767140 0.974724 0.155781 0.044941
1 0.306061 0.955199 0.077855 0.084679
