1 0.274000 0.217333 0.280000 0.418667
1 0.500000 0.190667 0.224000 0.381333
1 0.677000 0.185333 0.150000 0.317333
1 0.802000 0.182667 0.124000 0.269333
1 0.177000 0.561333 0.310000 0.338667
1 0.024000 0.804000 0.048000 0.392000
1 0.020000 0.557333 0.040000 0.106667
1 0.006000 0.517333 0.012000 0.026667
1 0.163000 0.800000 0.294000 0.325333
1 0.407000 0.709333 0.234000 0.240000
1 0.064000 0.977333 0.044000 0.045333
1 0.221000 0.906667 0.270000 0.186667
1 0.435000 0.866667 0.210000 0.266667
1 0.465000 0.950667 0.194000 0.098667
1 0.646000 0.916000 0.188000 0.168000
1 0.620000 0.798667 0.176000 0.216000
1 0.613000 0.633333 0.198000 0.237333
1 0.428000 0.501333 0.240000 0.261333
1 0.617000 0.446667 0.190000 0.221333
1 0.776000 0.418667 0.144000 0.208000
1 0.771000 0.580000 0.122000 0.178667
1 0.770000 0.722667 0.132000 0.202667
1 0.779000 0.869333 0.138000 0.202667
1 0.797000 0.956000 0.114000 0.088000
1 0.892000 0.912000 0.092000 0.176000
1 0.883000 0.377333 0.110000 0.178667
1 0.885000 0.532000 0.106000 0.178667
1 0.889000 0.673333 0.110000 0.184000
1 0.890000 0.792000 0.092000 0.149333
1 0.970000 0.617333 0.060000 0.098667
1 0.943000 0.518667 0.010000 0.130667
1 0.974000 0.510667 0.052000 0.146667
1 0.969000 0.368000 0.062000 0.160000
1 0.965000 0.226667 0.070000 0.133333
