1 0.273860 0.159690 0.269767 0.319380
1 0.529287 0.164341 0.261240 0.326615
1 0.780062 0.152972 0.258915 0.303876
1 0.953760 0.132817 0.088481 0.265633
1 0.076078 0.154522 0.152155 0.304910
1 0.071814 0.442956 0.143628 0.277912
1 0.265333 0.467183 0.266667 0.320413
1 0.522310 0.488372 0.262791 0.348320
1 0.800605 0.420155 0.300000 0.325581
1 0.974690 0.418088 0.046620 0.331783
1 0.871202 0.789106 0.253597 0.416455
1 0.581225 0.787556 0.324806 0.419556
1 0.271535 0.803618 0.291473 0.371059
1 0.071426 0.766439 0.142853 0.428879
1 0.261411 0.990656 0.314822 0.013354
1 0.053984 0.988000 0.107969 0.018667
