1 0.140571 0.134821 0.241633 0.204082
1 0.381388 0.128476 0.236735 0.201967
1 0.626694 0.121074 0.244082 0.201967
1 0.875000 0.118748 0.246000 0.196045
1 0.868735 0.316697 0.244898 0.199852
1 0.621796 0.322512 0.244082 0.194565
1 0.380571 0.326213 0.238367 0.197737
1 0.140163 0.336259 0.235918 0.194565
1 0.141388 0.528709 0.231837 0.186106
1 0.380163 0.520778 0.237551 0.189278
1 0.618122 0.519192 0.246531 0.190335
1 0.865061 0.514962 0.252245 0.188220
1 0.856898 0.706884 0.244082 0.191393
1 0.610776 0.713228 0.240000 0.197737
1 0.377306 0.709527 0.235102 0.192450
1 0.139347 0.716929 0.234286 0.192450
1 0.139347 0.905811 0.231020 0.183198
1 0.374449 0.904092 0.234286 0.181876
1 0.609143 0.902506 0.240000 0.185048
1 0.851592 0.900391 0.244898 0.191393
