1 0.030406 0.064881 0.060812 0.129762
1 0.195594 0.045691 0.286957 0.083529
1 0.194870 0.149831 0.291304 0.116072
1 0.023130 0.187798 0.043478 0.129090
1 0.013014 0.290864 0.026029 0.100907
1 0.186174 0.265903 0.308696 0.131259
1 0.166638 0.400417 0.333275 0.142107
1 0.161536 0.547405 0.320290 0.156209
1 0.158667 0.707411 0.317333 0.165972
1 0.151420 0.873525 0.302841 0.172199
1 0.146319 0.973184 0.289855 0.046646
1 0.473855 0.037013 0.281159 0.070511
1 0.485449 0.131932 0.284058 0.121496
1 0.478203 0.263191 0.298551 0.147531
1 0.474580 0.397162 0.305797 0.131259
1 0.471681 0.533845 0.317391 0.146446
1 0.468058 0.684631 0.333333 0.159464
1 0.473130 0.854400 0.349275 0.175735
1 0.466609 0.969387 0.359420 0.052070
1 0.747768 0.045149 0.272464 0.082444
1 0.772406 0.148746 0.289855 0.131259
1 0.780377 0.272412 0.305797 0.137768
1 0.784725 0.408010 0.320290 0.133429
1 0.794870 0.549032 0.331884 0.159464
1 0.807188 0.701987 0.353623 0.168142
1 0.824333 0.862568 0.347333 0.179055
1 0.948971 0.059880 0.098058 0.119760
1 0.956464 0.180205 0.078261 0.124750
1 0.958391 0.302135 0.079217 0.128222
1 0.964188 0.436215 0.067623 0.142107
1 0.974333 0.580838 0.047333 0.152695
