1 0.134375 0.291667 0.268750 0.300000
1 0.140625 0.558333 0.281250 0.250000
1 0.140625 0.795833 0.281250 0.241667
1 0.137500 0.950000 0.275000 0.100000
1 0.440625 0.966667 0.306250 0.066667
1 0.431250 0.816667 0.325000 0.233333
1 0.440625 0.579167 0.356250 0.258333
1 0.437500 0.312500 0.350000 0.291667
1 0.431250 0.091667 0.375000 0.183333
1 0.812500 0.104167 0.375000 0.208333
1 0.806250 0.345833 0.375000 0.275000
1 0.790625 0.604167 0.343750 0.258333
1 0.762500 0.833333 0.325000 0.216667
1 0.750000 0.970833 0.300000 0.058333
