1 0.531114 0.077858 0.340955 0.155427
1 0.539010 0.188137 0.341485 0.145415
1 0.301754 0.112719 0.123977 0.126023
1 0.181579 0.142690 0.116374 0.114035
1 0.080409 0.162646 0.090643 0.105702
1 0.018713 0.179386 0.037427 0.086257
1 0.018567 0.262646 0.037135 0.088450
1 0.303801 0.216009 0.140351 0.120906
1 0.015042 0.346941 0.029385 0.086189
1 0.078846 0.336621 0.100350 0.096669
1 0.181197 0.235577 0.107692 0.106197
1 0.082265 0.249466 0.093590 0.101923
1 0.181062 0.329646 0.110796 0.100354
1 0.304602 0.317876 0.140531 0.111504
1 0.544425 0.303009 0.341239 0.132035
1 0.564602 0.413186 0.339823 0.115929
1 0.316275 0.419005 0.158921 0.103142
1 0.180708 0.421947 0.112212 0.096283
1 0.081593 0.423805 0.088142 0.088673
1 0.018938 0.407168 0.037876 0.035929
1 0.039232 0.470848 0.078465 0.092846
1 0.048827 0.563220 0.096802 0.097015
1 0.069296 0.660235 0.137740 0.112793
1 0.071642 0.755757 0.141578 0.115352
1 0.071429 0.850640 0.142004 0.123881
1 0.072495 0.897015 0.142431 0.035821
1 0.102772 0.512793 0.052878 0.089552
1 0.207676 0.517910 0.162047 0.099787
1 0.112367 0.580704 0.035394 0.050533
1 0.207249 0.611727 0.158635 0.107463
1 0.360341 0.524094 0.146695 0.107889
1 0.357143 0.626759 0.144563 0.111514
1 0.211301 0.694563 0.153092 0.092751
1 0.355437 0.727612 0.142857 0.121748
1 0.214945 0.730549 0.046593 0.043516
1 0.287033 0.746923 0.032527 0.041978
1 0.152843 0.781758 0.038050 0.090989
1 0.206909 0.793273 0.045091 0.095636
1 0.276727 0.813182 0.047273 0.103455
1 0.333818 0.824727 0.034909 0.104364
1 0.149636 0.852727 0.027273 0.066182
1 0.198182 0.864091 0.029818 0.062364
1 0.272545 0.891818 0.040364 0.075273
1 0.335455 0.923636 0.038182 0.101818
1 0.337085 0.980865 0.032103 0.036269
1 0.380000 0.988245 0.072000 0.021509
1 0.517159 0.940367 0.330996 0.117266
1 0.517343 0.854797 0.335793 0.154982
1 0.581276 0.750206 0.328807 0.144033
1 0.702000 0.985920 0.064000 0.026160
1 0.748354 0.914300 0.142798 0.136420
1 0.748148 0.819239 0.130864 0.123251
1 0.585802 0.641358 0.323045 0.132510
1 0.592387 0.529733 0.323868 0.117901
1 0.778457 0.987899 0.087766 0.022074
1 0.866489 0.915989 0.261702 0.166021
1 0.935170 0.823404 0.125660 0.064894
1 0.858511 0.792553 0.093617 0.119681
1 0.936436 0.765027 0.081383 0.103989
1 0.806649 0.714761 0.133511 0.124734
1 0.812234 0.619016 0.131915 0.111436
1 0.919681 0.688032 0.094681 0.104255
1 0.927128 0.603989 0.108511 0.095213
1 0.817287 0.522872 0.132447 0.102660
1 0.931915 0.519016 0.105319 0.088032
1 0.782447 0.419681 0.104255 0.103723
1 0.876064 0.425931 0.091489 0.096011
1 0.953457 0.433378 0.067553 0.085904
1 0.775000 0.319149 0.125532 0.115957
1 0.881117 0.335239 0.096277 0.103989
1 0.959904 0.350000 0.076191 0.093617
1 0.769681 0.114761 0.144681 0.132181
1 0.773138 0.216489 0.135638 0.127128
1 0.884043 0.148138 0.096809 0.117021
1 0.883511 0.242287 0.091489 0.109043
1 0.960968 0.177835 0.074064 0.108330
1 0.960436 0.265282 0.075128 0.103436
