1 0.175657 0.053728 0.279729 0.069815
1 0.495451 0.059191 0.371127 0.079529
1 0.818783 0.063408 0.276946 0.089769
1 0.177504 0.129667 0.285124 0.126817
1 0.498647 0.141052 0.365152 0.126844
1 0.816145 0.155680 0.281415 0.112235
1 0.182050 0.245364 0.290909 0.109157
1 0.496887 0.250107 0.355522 0.115345
1 0.813813 0.258326 0.288539 0.110307
1 0.146099 0.348390 0.220661 0.104018
1 0.381461 0.351570 0.260681 0.104783
1 0.633408 0.353733 0.244865 0.101881
1 0.852868 0.358492 0.207752 0.098574
1 0.145798 0.448006 0.220012 0.097149
1 0.382473 0.447205 0.257004 0.095900
1 0.625851 0.449202 0.244628 0.094756
1 0.848992 0.450620 0.218182 0.090495
1 0.188386 0.546878 0.299723 0.103166
1 0.497810 0.541560 0.326780 0.092429
1 0.810149 0.537903 0.300826 0.092619
1 0.189466 0.635865 0.309047 0.097606
1 0.501077 0.629399 0.319046 0.088950
1 0.808909 0.623397 0.296694 0.091194
1 0.154777 0.724974 0.244628 0.096076
1 0.392376 0.716728 0.238851 0.089769
1 0.623785 0.711741 0.228926 0.088344
1 0.847355 0.703251 0.223109 0.084188
1 0.155603 0.811841 0.244628 0.099031
1 0.393745 0.799715 0.233309 0.089085
1 0.621108 0.791055 0.230183 0.090731
1 0.841036 0.781097 0.220871 0.088840
1 0.191046 0.872888 0.306302 0.148681
1 0.500674 0.879717 0.316652 0.100123
1 0.801053 0.864512 0.293927 0.101215
1 0.191336 0.958048 0.310121 0.050956
1 0.497004 0.950719 0.307692 0.067011
1 0.793765 0.944437 0.293927 0.079576
