1 0.138049 0.244100 0.276099 0.269539
1 0.260403 0.123945 0.410262 0.040052
1 0.664711 0.133687 0.422169 0.040052
1 0.473652 0.264668 0.464386 0.243559
1 0.833990 0.249145 0.325568 0.278935
1 0.135343 0.475969 0.270686 0.209353
1 0.484477 0.477376 0.436242 0.203507
1 0.848062 0.481901 0.297424 0.210392
1 0.144003 0.670188 0.288006 0.195107
1 0.489890 0.663564 0.421087 0.186187
1 0.848733 0.661399 0.294436 0.197012
1 0.150530 0.810782 0.298766 0.123403
1 0.496926 0.810240 0.411344 0.124486
1 0.847110 0.807534 0.295519 0.134228
