1 0.354000 0.042667 0.200000 0.085333
1 0.389000 0.192000 0.182000 0.208000
1 0.571000 0.197333 0.178000 0.218667
1 0.738000 0.206667 0.180000 0.205333
1 0.199000 0.180000 0.206000 0.232000
1 0.247000 0.389333 0.278000 0.192000
1 0.469000 0.394667 0.170000 0.186667
1 0.678000 0.394667 0.248000 0.186667
1 0.225000 0.577333 0.186000 0.178667
1 0.400000 0.578667 0.160000 0.176000
1 0.561000 0.572000 0.158000 0.168000
1 0.713000 0.568000 0.158000 0.160000
1 0.646000 0.725333 0.224000 0.154667
1 0.457000 0.734667 0.146000 0.152000
1 0.255000 0.740000 0.250000 0.178667
1 0.684000 0.861333 0.144000 0.165333
1 0.542000 0.880000 0.144000 0.160000
1 0.393000 0.889333 0.150000 0.157333
1 0.238000 0.905333 0.168000 0.162667
1 0.013000 0.110667 0.026000 0.072000
1 0.015000 0.170667 0.030000 0.048000
1 0.018000 0.216000 0.036000 0.048000
1 0.022000 0.256000 0.044000 0.042667
1 0.025000 0.281333 0.050000 0.018667
