1 0.228000 0.128000 0.204000 0.256000
1 0.422000 0.121333 0.196000 0.242667
1 0.217000 0.368000 0.214000 0.261333
1 0.206000 0.636000 0.208000 0.274667
1 0.207000 0.841333 0.218000 0.146667
1 0.418000 0.365333 0.208000 0.256000
1 0.412000 0.630667 0.212000 0.274667
1 0.420000 0.838667 0.208000 0.152000
1 0.617000 0.116000 0.198000 0.232000
1 0.813000 0.121333 0.202000 0.242667
1 0.621000 0.360000 0.202000 0.261333
1 0.824000 0.365333 0.216000 0.256000
1 0.618000 0.625333 0.204000 0.274667
1 0.824000 0.625333 0.216000 0.269333
1 0.627000 0.834667 0.210000 0.154667
1 0.830000 0.834667 0.224000 0.160000
