1 0.132000 0.055874 0.032000 0.111748
1 0.304000 0.073066 0.320000 0.146132
1 0.518000 0.071633 0.120000 0.143266
1 0.487000 0.252149 0.306000 0.223496
1 0.234000 0.247851 0.200000 0.232092
1 0.072000 0.229226 0.144000 0.263610
1 0.542000 0.459885 0.176000 0.203438
1 0.365000 0.467049 0.178000 0.206304
1 0.138000 0.464183 0.276000 0.217765
1 0.255000 0.663324 0.178000 0.191977
1 0.084000 0.669054 0.168000 0.197708
1 0.487000 0.659026 0.278000 0.194842
1 0.139000 0.845272 0.278000 0.183381
1 0.370000 0.838109 0.164000 0.191977
1 0.535000 0.823782 0.158000 0.180516
1 0.482000 0.951289 0.256000 0.097421
1 0.263000 0.964183 0.162000 0.071633
1 0.090000 0.968481 0.180000 0.063037
1 0.797000 0.896848 0.258000 0.206304
1 0.960000 0.962751 0.080000 0.074499
1 0.856000 0.818052 0.288000 0.277937
1 0.859000 0.628940 0.282000 0.289398
1 0.902000 0.482808 0.196000 0.226361
1 0.709000 0.716332 0.106000 0.229226
1 0.687000 0.530086 0.086000 0.200573
1 0.869000 0.270774 0.262000 0.249284
1 0.746000 0.408309 0.148000 0.220630
1 0.639000 0.489971 0.030000 0.160458
1 0.648000 0.646132 0.052000 0.169054
1 0.657000 0.815186 0.062000 0.197708
1 0.759000 0.232092 0.226000 0.189112
1 0.657000 0.323782 0.058000 0.223496
