1 0.866000 0.786667 0.124000 0.138667
1 0.742000 0.808000 0.128000 0.144000
1 0.616000 0.828000 0.124000 0.136000
1 0.487000 0.854667 0.134000 0.146667
1 0.135000 0.885333 0.202000 0.186667
1 0.149000 0.720000 0.202000 0.218667
1 0.114000 0.566667 0.228000 0.189333
1 0.338000 0.738667 0.164000 0.154667
1 0.336000 0.877333 0.160000 0.170667
1 0.491000 0.720000 0.138000 0.149333
1 0.621000 0.702667 0.122000 0.136000
1 0.745000 0.674667 0.138000 0.138667
1 0.870000 0.665333 0.120000 0.130667
1 0.872000 0.540000 0.124000 0.125333
1 0.745000 0.545333 0.134000 0.136000
1 0.880000 0.410667 0.116000 0.128000
1 0.895000 0.280000 0.122000 0.138667
1 0.911000 0.145333 0.122000 0.146667
1 0.773000 0.129333 0.166000 0.157333
1 0.644000 0.149333 0.160000 0.176000
1 0.486000 0.144000 0.164000 0.192000
1 0.304000 0.110667 0.188000 0.194667
1 0.104000 0.066667 0.204000 0.128000
1 0.122000 0.400000 0.224000 0.176000
1 0.109000 0.214667 0.214000 0.189333
1 0.310000 0.288000 0.188000 0.181333
1 0.333000 0.453333 0.174000 0.144000
1 0.487000 0.306667 0.146000 0.154667
1 0.776000 0.269333 0.132000 0.149333
1 0.633000 0.306667 0.150000 0.160000
1 0.758000 0.412000 0.140000 0.136000
1 0.626000 0.449333 0.128000 0.125333
1 0.493000 0.452000 0.142000 0.136000
1 0.328000 0.593333 0.168000 0.178667
1 0.482000 0.589333 0.136000 0.133333
1 0.614000 0.580000 0.124000 0.130667
