1 0.855000 0.107301 0.183333 0.155605
1 0.681000 0.103614 0.180667 0.149705
1 0.502667 0.104720 0.177333 0.154867
1 0.321667 0.098083 0.183333 0.163717
1 0.139333 0.099189 0.182667 0.162979
1 0.863333 0.272124 0.229333 0.178466
1 0.691333 0.271386 0.210667 0.187316
1 0.501000 0.274336 0.202000 0.187316
1 0.303000 0.274705 0.210000 0.188053
1 0.116000 0.273968 0.228000 0.188053
1 0.031667 0.186578 0.048667 0.045723
1 0.114596 0.428736 0.229193 0.175892
1 0.351553 0.444196 0.259627 0.146347
1 0.613043 0.439386 0.248447 0.153218
1 0.859938 0.434233 0.249068 0.156654
1 0.885093 0.584703 0.187578 0.148409
1 0.705280 0.585390 0.193168 0.149783
1 0.517391 0.585390 0.181366 0.138790
1 0.335093 0.591917 0.185714 0.143599
1 0.128882 0.587108 0.209317 0.140851
1 0.125776 0.700475 0.249068 0.186198
1 0.365528 0.721775 0.247826 0.131232
1 0.612112 0.721088 0.244099 0.138103
1 0.851553 0.721088 0.242236 0.133980
1 0.863894 0.849340 0.179545 0.129894
1 0.687379 0.849340 0.176515 0.126542
1 0.512379 0.853530 0.176515 0.128218
1 0.341545 0.852273 0.174242 0.125704
1 0.137758 0.851435 0.206061 0.127380
