1 0.471774 0.038636 0.798387 0.077273
1 0.306452 0.188636 0.290323 0.259091
1 0.532258 0.168182 0.274194 0.254545
1 0.754032 0.152273 0.250000 0.259091
1 0.177419 0.425000 0.290323 0.231818
1 0.629032 0.386364 0.741935 0.263636
1 0.274194 0.629545 0.290323 0.222727
1 0.500000 0.609091 0.241935 0.209091
1 0.693548 0.593182 0.225806 0.204545
1 0.891129 0.575000 0.217742 0.195455
1 0.552419 0.838636 0.750000 0.322727
1 0.092742 0.611364 0.185484 0.140909
1 0.911290 0.747727 0.177419 0.177273
1 0.056452 0.554545 0.112903 0.100000
1 0.173387 0.243182 0.104839 0.050000
1 0.157258 0.281818 0.137097 0.036364
1 0.173387 0.302273 0.120968 0.031818
1 0.971774 0.127273 0.056452 0.081818
1 0.983871 0.190909 0.032258 0.054545
1 0.979839 0.238636 0.040323 0.040909
