1 0.252576 0.057283 0.505152 0.110434
1 0.134118 0.200413 0.268237 0.175620
1 0.427328 0.192665 0.340220 0.189050
1 0.775813 0.194731 0.384298 0.207645
1 0.844573 0.047004 0.304187 0.091942
1 0.845950 0.161983 0.301433 0.173967
1 0.960386 0.321798 0.067493 0.147727
1 0.768926 0.373450 0.365014 0.180785
1 0.439725 0.360021 0.309917 0.162190
1 0.145826 0.356405 0.291653 0.152893
1 0.167686 0.493285 0.278237 0.139463
1 0.436281 0.506198 0.292011 0.142562
1 0.743444 0.525826 0.322314 0.163223
1 0.946501 0.461498 0.100331 0.142004
1 0.030124 0.488636 0.060248 0.140496
1 0.196612 0.612603 0.264463 0.126033
1 0.444545 0.631715 0.269972 0.137397
1 0.731736 0.656508 0.301653 0.149793
1 0.937548 0.586663 0.118237 0.121674
1 0.930083 0.695764 0.130854 0.114669
1 0.043209 0.613843 0.086419 0.122314
1 0.056983 0.723750 0.113967 0.102500
1 0.213829 0.723140 0.249311 0.111570
1 0.456942 0.744835 0.253444 0.121901
1 0.724160 0.775826 0.278237 0.138430
1 0.919642 0.798585 0.154050 0.117831
1 0.915510 0.895671 0.162314 0.113657
1 0.710386 0.875517 0.275482 0.133264
1 0.460386 0.846074 0.241047 0.121901
1 0.231047 0.824897 0.231405 0.102273
1 0.069380 0.819731 0.138760 0.091942
1 0.081777 0.906508 0.163554 0.091942
1 0.253085 0.912190 0.223140 0.099174
1 0.469339 0.935950 0.236915 0.115702
1 0.713829 0.952479 0.257576 0.084711
1 0.914931 0.958678 0.161157 0.072314
1 0.266860 0.973140 0.203857 0.041322
1 0.450055 0.980888 0.170799 0.032025
1 0.087975 0.969008 0.175950 0.051653
