1 0.310280 0.161458 0.460140 0.186620
1 0.762182 0.162412 0.471636 0.196916
1 0.754490 0.340739 0.487021 0.182426
1 0.740350 0.501672 0.472727 0.177184
1 0.724266 0.650025 0.454545 0.169845
1 0.713077 0.786320 0.426573 0.161458
1 0.306084 0.754343 0.393007 0.156216
1 0.299091 0.621717 0.406993 0.153070
1 0.298392 0.483849 0.408392 0.175087
1 0.300490 0.326585 0.423776 0.170894
1 0.030315 0.131184 0.060629 0.187406
1 0.033112 0.313831 0.066224 0.178935
1 0.039406 0.479566 0.078811 0.183296
1 0.045699 0.635037 0.091399 0.190195
1 0.047797 0.780323 0.095594 0.214466
1 0.066923 0.142586 0.043357 0.180329
1 0.075315 0.314004 0.026573 0.172990
1 0.086503 0.466026 0.029371 0.152022
