1 0.204000 0.898707 0.384000 0.202586
1 0.541000 0.834052 0.310000 0.219828
1 0.811000 0.772629 0.234000 0.187500
1 0.972000 0.767241 0.056000 0.172414
1 0.942000 0.737069 0.040000 0.142241
1 0.979000 0.623922 0.042000 0.161638
1 0.197000 0.745690 0.394000 0.258621
1 0.541000 0.677802 0.306000 0.213362
1 0.816000 0.628233 0.252000 0.191810
1 0.950000 0.595905 0.040000 0.148707
1 0.984000 0.465517 0.032000 0.168103
1 0.959000 0.455819 0.054000 0.174569
1 0.194000 0.545259 0.388000 0.262931
1 0.536000 0.505388 0.316000 0.204741
1 0.817000 0.473060 0.254000 0.178879
1 0.992000 0.298491 0.016000 0.165948
1 0.977000 0.286638 0.042000 0.159483
1 0.840000 0.312500 0.256000 0.176724
1 0.555000 0.314655 0.326000 0.202586
1 0.199000 0.315733 0.398000 0.243534
1 0.858000 0.127155 0.276000 0.198276
1 0.557000 0.112069 0.338000 0.224138
1 0.198000 0.101293 0.396000 0.202586
