1 0.825000 0.275112 0.190000 0.187406
1 0.823000 0.450525 0.178000 0.172414
1 0.816000 0.614693 0.180000 0.161919
1 0.640000 0.281109 0.184000 0.187406
1 0.647000 0.456522 0.178000 0.172414
1 0.642000 0.619190 0.172000 0.158921
1 0.469000 0.623688 0.170000 0.158921
1 0.462000 0.461019 0.176000 0.166417
1 0.461000 0.287856 0.182000 0.182909
1 0.305000 0.626687 0.178000 0.161919
1 0.950000 0.625187 0.100000 0.122939
1 0.953000 0.485757 0.094000 0.155922
1 0.951000 0.352324 0.078000 0.110945
1 0.333000 0.300600 0.094000 0.151424
1 0.215000 0.302849 0.170000 0.155922
1 0.185000 0.453523 0.074000 0.145427
1 0.294000 0.463268 0.180000 0.170915
1 0.193000 0.595202 0.070000 0.140930
1 0.071000 0.307346 0.142000 0.158921
1 0.080000 0.458021 0.160000 0.151424
1 0.091000 0.598201 0.166000 0.143928
