1 0.108625 0.129042 0.217250 0.246083
1 0.340687 0.148958 0.282292 0.260417
1 0.594854 0.158854 0.278125 0.271875
1 0.564646 0.403125 0.282292 0.275000
1 0.313083 0.386458 0.272917 0.262500
1 0.095083 0.364750 0.190167 0.245500
1 0.088313 0.588771 0.176625 0.249542
1 0.294854 0.621354 0.273958 0.263542
1 0.536000 0.652604 0.283333 0.278125
1 0.503188 0.875521 0.257292 0.242708
1 0.263604 0.852604 0.248958 0.271875
1 0.076333 0.814271 0.152667 0.248542
1 0.856583 0.115000 0.282833 0.230000
1 0.831063 0.433292 0.333875 0.437417
1 0.806729 0.807333 0.381458 0.381333
