1 0.192000 0.176162 0.120000 0.073463
1 0.350000 0.180660 0.144000 0.073463
1 0.474000 0.187406 0.120000 0.068966
1 0.646000 0.173913 0.224000 0.131934
1 0.855000 0.141679 0.202000 0.130435
1 0.181000 0.275862 0.230000 0.125937
1 0.411000 0.278111 0.254000 0.124438
1 0.646000 0.291604 0.220000 0.115442
1 0.849000 0.263118 0.190000 0.118441
1 0.188000 0.396552 0.228000 0.124438
1 0.419000 0.395052 0.234000 0.115442
1 0.643000 0.401049 0.222000 0.118441
1 0.845000 0.383058 0.198000 0.124438
1 0.178000 0.506747 0.268000 0.140930
1 0.424000 0.508246 0.228000 0.113943
1 0.642000 0.508246 0.212000 0.122939
1 0.838000 0.496252 0.188000 0.119940
1 0.183000 0.628936 0.266000 0.130435
1 0.411000 0.616192 0.206000 0.113943
1 0.645000 0.619190 0.246000 0.140930
1 0.847000 0.609445 0.162000 0.121439
1 0.844000 0.715892 0.156000 0.115442
1 0.643000 0.723388 0.266000 0.139430
1 0.647000 0.834333 0.254000 0.136432
1 0.845000 0.820090 0.146000 0.116942
1 0.208000 0.739880 0.212000 0.139430
1 0.203000 0.854573 0.238000 0.143928
1 0.409000 0.730135 0.214000 0.134933
1 0.413000 0.836582 0.214000 0.125937
