1 0.082595 0.016757 0.163243 0.029189
1 0.295568 0.010811 0.271351 0.019459
1 0.091243 0.122162 0.180541 0.194595
1 0.297189 0.102162 0.274595 0.191351
1 0.102054 0.284865 0.200000 0.187027
1 0.308000 0.264324 0.248649 0.161081
1 0.113405 0.430811 0.224865 0.171892
1 0.320973 0.405405 0.233514 0.142703
1 0.114541 0.509189 0.229081 0.047568
1 0.331243 0.493514 0.208649 0.065946
1 0.506378 0.088649 0.150270 0.170811
1 0.505838 0.250811 0.147027 0.164324
1 0.509081 0.399459 0.147027 0.145946
1 0.509622 0.495135 0.145946 0.058378
1 0.663676 0.086486 0.168649 0.138378
1 0.871784 0.086486 0.245405 0.131892
1 0.989081 0.108649 0.017297 0.124324
1 0.663135 0.204324 0.167568 0.110270
1 0.863135 0.204865 0.230270 0.107027
1 0.983811 0.217838 0.028378 0.130811
1 0.662054 0.306486 0.169730 0.096216
1 0.855568 0.307027 0.215135 0.103784
1 0.976108 0.314595 0.043243 0.110270
1 0.663135 0.395676 0.171892 0.090811
1 0.851243 0.401622 0.206486 0.091892
1 0.971378 0.407459 0.053243 0.097081
1 0.668000 0.480000 0.175135 0.090811
1 0.850162 0.481081 0.197838 0.088649
1 0.967459 0.487568 0.058378 0.075676
1 0.076162 0.643784 0.152324 0.232432
1 0.188541 0.601622 0.089730 0.150270
1 0.376108 0.664865 0.317838 0.265946
1 0.297730 0.533514 0.122162 0.018378
1 0.462054 0.608108 0.204324 0.167568
1 0.463676 0.835135 0.237838 0.269189
1 0.237730 0.818378 0.244324 0.285405
1 0.075622 0.808108 0.151243 0.228108
1 0.062108 0.956919 0.124216 0.078162
1 0.236108 0.969730 0.225946 0.056216
1 0.450162 0.973514 0.217297 0.042162
1 0.749622 0.582703 0.334054 0.112432
1 0.953541 0.589000 0.088919 0.130000
1 0.673946 0.774054 0.182703 0.302703
1 0.837189 0.763784 0.163243 0.264865
1 0.956784 0.751892 0.082432 0.212973
1 0.762595 0.929730 0.305946 0.136216
1 0.595568 0.958378 0.023784 0.072432
1 0.953541 0.921378 0.088919 0.150757
