1 0.498973 0.227692 0.217659 0.067692
1 0.460986 0.306154 0.145791 0.153846
1 0.601643 0.301538 0.160164 0.166154
1 0.767967 0.293077 0.184805 0.186154
1 0.925051 0.286923 0.149897 0.198462
1 0.917864 0.480769 0.164271 0.189231
1 0.906571 0.663846 0.186858 0.207692
1 0.754620 0.470769 0.186858 0.175385
1 0.594456 0.462308 0.154004 0.158462
1 0.448665 0.453846 0.149897 0.147692
1 0.734086 0.636923 0.186858 0.184615
1 0.569815 0.614615 0.162218 0.170769
1 0.433265 0.592308 0.135524 0.150769
1 0.892197 0.831538 0.215606 0.204615
1 0.708419 0.799231 0.180698 0.195385
1 0.549281 0.761538 0.158111 0.178462
1 0.420945 0.730000 0.131417 0.164615
1 0.340862 0.323077 0.106776 0.116923
1 0.265914 0.342308 0.043121 0.075385
1 0.328542 0.432308 0.106776 0.104615
1 0.213552 0.428462 0.127310 0.100000
1 0.329569 0.534615 0.092402 0.109231
1 0.231006 0.526154 0.104723 0.107692
1 0.139630 0.513077 0.086242 0.096923
1 0.306982 0.630769 0.121150 0.107692
1 0.314168 0.737692 0.094456 0.127692
1 0.229979 0.668462 0.135524 0.029231
1 0.131417 0.653077 0.143737 0.047692
1 0.184805 0.608462 0.135524 0.103077
1 0.172485 0.756154 0.250513 0.183077
1 0.023614 0.746923 0.047228 0.056923
1 0.169405 0.855385 0.338809 0.184615
1 0.114990 0.926923 0.229979 0.146154
1 0.080082 0.849231 0.160164 0.086154
1 0.298768 0.944615 0.063655 0.092308
1 0.247433 0.964615 0.043121 0.067692
1 0.292608 0.989231 0.043121 0.021538
1 0.385010 0.956154 0.125257 0.084615
1 0.401437 0.867692 0.137577 0.163077
1 0.536961 0.906154 0.154004 0.181538
1 0.681725 0.928462 0.156057 0.143077
1 0.488706 0.976154 0.213552 0.047692
1 0.703285 0.985385 0.108830 0.029231
1 0.795688 0.950769 0.227926 0.098462
1 0.926078 0.943077 0.147844 0.113846
