1 0.586182 0.159632 0.430909 0.312771
1 0.347356 0.429654 0.210342 0.242424
1 0.550394 0.433442 0.213263 0.262987
1 0.769500 0.411255 0.216185 0.283550
1 0.292580 0.601732 0.162138 0.227273
1 0.462752 0.643939 0.169442 0.188312
1 0.650453 0.654221 0.188431 0.206710
1 0.860064 0.602814 0.198656 0.318182
1 0.212971 0.753788 0.195735 0.250000
1 0.371458 0.789502 0.153374 0.161255
1 0.528484 0.811688 0.154835 0.162338
1 0.695735 0.831710 0.179667 0.169913
1 0.867368 0.834957 0.195735 0.232684
1 0.055945 0.076840 0.106632 0.147186
1 0.161116 0.075758 0.138767 0.149351
1 0.278703 0.074675 0.143149 0.149351
1 0.353929 0.075758 0.033596 0.149351
1 0.070552 0.211039 0.132924 0.129870
1 0.178644 0.217532 0.135846 0.138528
1 0.304996 0.219156 0.140228 0.143939
1 0.039877 0.359848 0.071575 0.167749
1 0.110722 0.356061 0.128542 0.164502
1 0.205668 0.362013 0.116857 0.154762
1 0.307187 0.299242 0.135846 0.016234
1 0.055945 0.491883 0.109553 0.109307
1 0.145779 0.489719 0.111014 0.104978
1 0.225387 0.479978 0.092025 0.094156
1 0.079316 0.595779 0.118317 0.109307
1 0.164037 0.588203 0.106632 0.098485
1 0.626351 0.019481 0.146071 0.038961
1 0.872480 0.081169 0.235174 0.116883
1 0.865907 0.181818 0.151914 0.093074
1 0.931347 0.441017 0.125037 0.187229
