1 0.203000 0.131188 0.406000 0.202970
1 0.642000 0.108911 0.480000 0.204620
1 0.203000 0.320132 0.406000 0.191419
1 0.638000 0.310231 0.476000 0.214521
1 0.200000 0.510726 0.400000 0.199670
1 0.631000 0.510726 0.486000 0.212871
1 0.198000 0.702970 0.396000 0.204620
1 0.203000 0.886139 0.406000 0.201320
1 0.201000 0.982673 0.402000 0.034653
1 0.626000 0.708746 0.480000 0.209571
1 0.630000 0.902640 0.464000 0.194719
1 0.937000 0.268152 0.126000 0.120462
1 0.937000 0.396865 0.126000 0.123762
1 0.938000 0.523102 0.124000 0.125413
1 0.931000 0.641914 0.138000 0.115512
1 0.926000 0.849835 0.148000 0.300330
