1 0.091886 0.125203 0.178862 0.237398
1 0.304488 0.117073 0.272358 0.225474
1 0.566683 0.114363 0.261789 0.220054
1 0.824000 0.108943 0.260976 0.213550
1 0.973398 0.111360 0.049203 0.217388
1 0.083748 0.344650 0.167496 0.260033
1 0.301236 0.348509 0.272358 0.254743
1 0.571561 0.349051 0.268293 0.264499
1 0.834976 0.338211 0.268293 0.268835
1 0.978276 0.336022 0.039447 0.266710
1 0.085374 0.603794 0.170748 0.264499
1 0.309366 0.605962 0.278862 0.268835
1 0.572374 0.603794 0.269919 0.264499
1 0.837008 0.597290 0.273984 0.268835
1 0.984780 0.592000 0.026439 0.256000
1 0.086602 0.866667 0.171545 0.259079
1 0.299610 0.863957 0.291870 0.255827
1 0.577659 0.859621 0.265854 0.264499
1 0.845699 0.858016 0.268602 0.278634
1 0.986407 0.852575 0.023187 0.263415
