1 0.142000 0.073670 0.284000 0.147339
1 0.459478 0.080731 0.377043 0.161463
1 0.754290 0.085957 0.207246 0.161876
1 0.917812 0.087706 0.160377 0.163418
1 0.827232 0.258110 0.341536 0.182431
1 0.157913 0.229364 0.307246 0.179258
1 0.482551 0.239141 0.350725 0.174913
1 0.051420 0.389066 0.102841 0.159703
1 0.186174 0.396128 0.189855 0.162962
1 0.371681 0.404819 0.195652 0.162962
1 0.562261 0.405363 0.179710 0.159703
1 0.751391 0.416227 0.233333 0.168394
1 0.925783 0.424744 0.144435 0.155009
1 0.063710 0.544423 0.124638 0.151011
1 0.210812 0.549856 0.189855 0.151011
1 0.390522 0.560176 0.195652 0.154271
1 0.571681 0.552028 0.195652 0.179258
1 0.755739 0.577559 0.172464 0.160789
1 0.911536 0.578102 0.168116 0.155357
1 0.154290 0.700867 0.302899 0.159703
1 0.479652 0.712818 0.350725 0.155357
1 0.822884 0.722595 0.350232 0.148839
1 0.153565 0.845903 0.295652 0.145579
1 0.484000 0.858940 0.336232 0.147752
1 0.815159 0.870891 0.349275 0.160789
1 0.041275 0.952372 0.082551 0.089086
1 0.172406 0.950742 0.185507 0.090172
1 0.344145 0.958597 0.175362 0.079808
1 0.515159 0.962693 0.186957 0.068444
1 0.687623 0.963236 0.169565 0.069530
1 0.864435 0.964322 0.186957 0.052148
1 0.985203 0.868598 0.025594 0.147991
