1 0.098000 0.124438 0.192000 0.149925
1 0.124000 0.272864 0.248000 0.152924
1 0.593000 0.092204 0.810000 0.178411
1 0.589000 0.257871 0.818000 0.185907
1 0.094000 0.418291 0.188000 0.140930
1 0.594000 0.430285 0.812000 0.164918
1 0.094000 0.557721 0.188000 0.146927
1 0.584000 0.574963 0.832000 0.163418
1 0.088000 0.697901 0.176000 0.145427
1 0.587000 0.722639 0.826000 0.167916
1 0.089000 0.838081 0.178000 0.146927
1 0.573000 0.874813 0.838000 0.190405
1 0.079000 0.952774 0.158000 0.094453
1 0.572000 0.966267 0.832000 0.067466
