1 0.593195 0.414634 0.340237 0.226164
1 0.318047 0.348115 0.215976 0.119734
1 0.347633 0.451220 0.139053 0.099778
1 0.532544 0.537694 0.236686 0.272727
1 0.786982 0.590909 0.295858 0.148559
1 0.862426 0.441242 0.239645 0.155211
1 0.566568 0.261641 0.275148 0.208426
1 0.352071 0.228381 0.165680 0.128603
1 0.152367 0.225055 0.257396 0.130820
1 0.563609 0.647450 0.310651 0.288248
1 0.806213 0.716186 0.198225 0.119734
1 0.535503 0.831486 0.201183 0.101996
1 0.757396 0.828160 0.260355 0.121951
1 0.575444 0.932373 0.245562 0.126386
1 0.773669 0.925721 0.168639 0.090909
1 0.936391 0.796009 0.127219 0.226164
1 0.951183 0.562084 0.097633 0.401330
1 0.920118 0.934590 0.153846 0.130820
1 0.323964 0.717295 0.174556 0.095344
1 0.343195 0.638581 0.142012 0.079823
1 0.183432 0.649667 0.195266 0.084257
1 0.321006 0.554324 0.198225 0.110865
1 0.142012 0.552106 0.171598 0.119734
1 0.038462 0.470067 0.076923 0.155211
1 0.130178 0.348115 0.189349 0.119734
1 0.176036 0.460089 0.221893 0.117517
1 0.171598 0.727273 0.136095 0.070953
1 0.056213 0.697339 0.112426 0.095344
1 0.041420 0.596452 0.082840 0.106430
1 0.113905 0.087583 0.186391 0.148559
1 0.318047 0.088692 0.245562 0.146341
1 0.514793 0.089800 0.159763 0.139690
1 0.701183 0.094235 0.236686 0.135255
1 0.815089 0.259424 0.369822 0.212860
1 0.899408 0.103104 0.201183 0.121951
