1 0.125470 0.675515 0.198895 0.175179
1 0.128923 0.813896 0.197514 0.155484
1 0.365110 0.051507 0.277624 0.098473
1 0.362348 0.163973 0.283149 0.153411
1 0.312624 0.307019 0.216851 0.143045
1 0.310552 0.453173 0.215470 0.147191
1 0.320912 0.591554 0.211326 0.146155
1 0.325746 0.725789 0.212707 0.161703
1 0.336796 0.855877 0.226519 0.171032
1 0.654475 0.112664 0.259669 0.137862
1 0.560552 0.262446 0.276243 0.180361
1 0.508066 0.434515 0.168508 0.159630
1 0.564006 0.597773 0.250000 0.173105
1 0.519807 0.747038 0.158840 0.164813
1 0.578508 0.903040 0.265193 0.186581
1 0.702818 0.773989 0.207182 0.189690
1 0.859827 0.928814 0.275345 0.138619
1 0.901713 0.801457 0.190608 0.194873
1 0.841181 0.620402 0.312638 0.203850
1 0.684171 0.433479 0.191989 0.172069
1 0.891354 0.433479 0.211326 0.180361
1 0.846706 0.246893 0.301588 0.201103
