1 0.053000 0.309333 0.106000 0.234667
1 0.052000 0.544000 0.104000 0.234667
1 0.052000 0.756000 0.104000 0.226667
1 0.033000 0.136000 0.062000 0.122667
1 0.092000 0.142667 0.060000 0.125333
1 0.216000 0.173333 0.200000 0.224000
1 0.114000 0.313333 0.020000 0.221333
1 0.111000 0.532000 0.018000 0.216000
1 0.112000 0.753333 0.024000 0.232000
1 0.198000 0.797333 0.160000 0.234667
1 0.195000 0.602667 0.154000 0.224000
1 0.193000 0.396000 0.154000 0.221333
1 0.389000 0.313333 0.262000 0.306667
1 0.331000 0.620000 0.130000 0.312000
1 0.332000 0.828000 0.116000 0.184000
1 0.536000 0.638667 0.288000 0.381333
1 0.526000 0.842667 0.272000 0.154667
1 0.674000 0.845333 0.036000 0.138667
1 0.749000 0.854667 0.122000 0.125333
1 0.755000 0.664000 0.126000 0.346667
1 0.678000 0.637333 0.036000 0.293333
1 0.902000 0.744000 0.196000 0.346667
1 0.905000 0.368000 0.190000 0.474667
1 0.770000 0.333333 0.120000 0.336000
1 0.638000 0.342667 0.168000 0.306667
1 0.535000 0.313333 0.050000 0.274667
1 0.498000 0.093333 0.132000 0.186667
1 0.375000 0.117333 0.118000 0.106667
1 0.257000 0.066667 0.274000 0.069333
1 0.645000 0.096000 0.170000 0.192000
1 0.861000 0.089333 0.278000 0.178667
