1 0.063431 0.365312 0.125203 0.127913
1 0.241480 0.351762 0.230894 0.155014
1 0.063024 0.486179 0.126016 0.118157
1 0.242699 0.497019 0.236585 0.148509
1 0.069122 0.599458 0.133333 0.140921
1 0.246764 0.633062 0.234959 0.166938
1 0.070748 0.710569 0.136585 0.152846
1 0.253268 0.765854 0.230081 0.194038
1 0.478065 0.149593 0.248780 0.268835
1 0.799415 0.125203 0.397171 0.250407
1 0.477659 0.367480 0.243089 0.225474
1 0.799821 0.363686 0.396358 0.287263
1 0.480911 0.588618 0.238211 0.234146
1 0.798602 0.633062 0.398797 0.303523
1 0.482943 0.791870 0.242276 0.263415
1 0.800634 0.853680 0.394732 0.287306
1 0.124407 0.925745 0.149593 0.138753
1 0.026846 0.881301 0.050407 0.231978
1 0.359772 0.942005 0.184553 0.110569
1 0.120748 0.273171 0.160163 0.071545
