1 0.740000 0.274775 0.140000 0.117117
1 0.740000 0.387387 0.144000 0.108108
1 0.588000 0.385886 0.168000 0.117117
1 0.591000 0.265766 0.158000 0.117117
1 0.607000 0.024024 0.042000 0.048048
1 0.545000 0.025526 0.090000 0.051051
1 0.688000 0.460961 0.192000 0.177177
1 0.549000 0.492492 0.090000 0.102102
1 0.797000 0.493994 0.034000 0.105105
1 0.765000 0.614114 0.174000 0.135135
1 0.761000 0.726727 0.162000 0.132132
1 0.593000 0.737237 0.178000 0.135135
1 0.581000 0.608108 0.190000 0.135135
1 0.578000 0.818318 0.176000 0.213213
1 0.755000 0.852853 0.178000 0.138138
1 0.406000 0.746246 0.108000 0.231231
1 0.380000 0.563063 0.160000 0.195195
1 0.299000 0.758258 0.110000 0.195195
1 0.170000 0.764264 0.152000 0.189189
1 0.246000 0.563063 0.108000 0.201201
1 0.139000 0.569069 0.106000 0.195195
1 0.158000 0.372372 0.152000 0.198198
1 0.288000 0.370871 0.108000 0.195195
1 0.418000 0.373874 0.156000 0.195195
1 0.421000 0.238739 0.150000 0.081081
1 0.277000 0.202703 0.102000 0.147147
1 0.156000 0.177177 0.140000 0.198198
1 0.314000 0.091592 0.092000 0.111111
1 0.404000 0.097598 0.088000 0.123123
1 0.367000 0.018018 0.110000 0.036036
1 0.433000 0.159159 0.098000 0.090090
1 0.389000 0.216216 0.122000 0.120120
1 0.502000 0.081081 0.088000 0.084084
1 0.587000 0.085586 0.086000 0.075075
1 0.529000 0.183183 0.098000 0.132132
1 0.503000 0.294294 0.022000 0.096096
1 0.623000 0.163664 0.090000 0.063063
1 0.623000 0.201201 0.090000 0.012012
1 0.049000 0.656156 0.098000 0.171171
1 0.023000 0.244745 0.046000 0.081081
1 0.026000 0.304805 0.052000 0.069069
1 0.052000 0.367868 0.060000 0.063063
1 0.050000 0.424925 0.060000 0.063063
1 0.051000 0.484985 0.066000 0.063063
1 0.052000 0.543544 0.068000 0.066066
1 0.012000 0.363363 0.024000 0.066066
1 0.010000 0.421922 0.020000 0.063063
1 0.009000 0.533033 0.018000 0.069069
1 0.011000 0.474474 0.022000 0.048048
1 0.992000 0.729730 0.016000 0.072072
1 0.971000 0.717718 0.034000 0.066066
1 0.944000 0.704204 0.024000 0.051051
1 0.903000 0.690691 0.022000 0.048048
1 0.925000 0.693694 0.022000 0.054054
1 0.905000 0.638138 0.022000 0.063063
1 0.925000 0.644144 0.022000 0.069069
1 0.945000 0.648649 0.018000 0.066066
1 0.969000 0.659159 0.038000 0.069069
1 0.994000 0.668168 0.012000 0.063063
1 0.990000 0.603604 0.020000 0.072072
1 0.965000 0.594595 0.030000 0.066066
1 0.940000 0.593093 0.024000 0.069069
1 0.905000 0.588589 0.018000 0.054054
1 0.923000 0.582583 0.018000 0.054054
1 0.907000 0.528529 0.018000 0.060060
1 0.925000 0.528529 0.018000 0.060060
1 0.942000 0.531532 0.024000 0.060060
1 0.963000 0.534535 0.026000 0.066066
1 0.988000 0.534535 0.024000 0.072072
1 0.950000 0.232733 0.072000 0.069069
1 0.919000 0.297297 0.038000 0.072072
1 0.949000 0.283784 0.026000 0.075075
1 0.974000 0.270270 0.024000 0.078078
1 0.993000 0.264264 0.014000 0.072072
1 0.907000 0.358859 0.022000 0.063063
1 0.906000 0.414414 0.024000 0.066066
1 0.905000 0.472973 0.022000 0.057057
1 0.924000 0.471471 0.016000 0.066066
1 0.943000 0.477477 0.026000 0.054054
1 0.965000 0.475976 0.022000 0.051051
1 0.986000 0.471471 0.024000 0.060060
1 0.928000 0.409910 0.020000 0.057057
1 0.945000 0.406907 0.022000 0.063063
1 0.966000 0.403904 0.020000 0.063063
1 0.987000 0.402402 0.026000 0.066066
1 0.929000 0.352853 0.022000 0.063063
1 0.950000 0.345345 0.024000 0.078078
1 0.971000 0.339339 0.022000 0.066066
1 0.990000 0.331832 0.020000 0.075075
