1 0.970000 0.590705 0.060000 0.212894
1 0.903000 0.371064 0.194000 0.217391
1 0.905000 0.158171 0.190000 0.223388
1 0.913000 0.028486 0.174000 0.056972
1 0.696000 0.038981 0.240000 0.077961
1 0.682000 0.173163 0.248000 0.226387
1 0.681000 0.378561 0.250000 0.208396
1 0.450000 0.050225 0.244000 0.100450
1 0.225000 0.056222 0.206000 0.112444
1 0.443000 0.192654 0.230000 0.205397
1 0.215000 0.200900 0.214000 0.194903
1 0.052000 0.209895 0.104000 0.185907
1 0.441000 0.387556 0.218000 0.193403
1 0.215000 0.390555 0.234000 0.190405
1 0.050000 0.393553 0.100000 0.184408
1 0.724000 0.589205 0.368000 0.206897
1 0.353000 0.582459 0.322000 0.190405
1 0.087000 0.577961 0.174000 0.175412
1 0.961000 0.805847 0.078000 0.220390
1 0.703000 0.793103 0.370000 0.218891
1 0.352000 0.774363 0.324000 0.199400
1 0.093000 0.761619 0.186000 0.182909
1 0.092000 0.922039 0.184000 0.155922
1 0.357000 0.931034 0.326000 0.137931
1 0.708000 0.939280 0.372000 0.121439
1 0.970000 0.957271 0.060000 0.085457
1 0.109000 0.037481 0.038000 0.074963
1 0.110000 0.093703 0.028000 0.046477
