1 0.235901 0.314519 0.260401 0.133754
1 0.087519 0.444577 0.069646 0.130520
1 0.157935 0.445732 0.071803 0.130982
1 0.224653 0.446310 0.074576 0.131213
1 0.293374 0.447003 0.072727 0.131675
1 0.372419 0.445732 0.090909 0.134216
1 0.159784 0.571517 0.212943 0.129365
1 0.301849 0.575906 0.073035 0.126131
1 0.373652 0.575906 0.077350 0.127517
1 0.097843 0.688061 0.070570 0.118970
1 0.164253 0.692104 0.068413 0.122435
1 0.231279 0.694529 0.071186 0.120818
1 0.305393 0.698572 0.070262 0.120125
1 0.375501 0.699727 0.074884 0.119201
1 0.177196 0.807031 0.204622 0.119432
1 0.312789 0.813384 0.069029 0.115967
1 0.379661 0.815809 0.073960 0.115736
1 0.113713 0.913757 0.065331 0.115274
1 0.173190 0.916645 0.064715 0.112733
1 0.313251 0.923113 0.206163 0.118277
1 0.523112 0.929581 0.209861 0.120587
1 0.521726 0.817195 0.215716 0.122204
1 0.522496 0.734841 0.216641 0.055904
1 0.520647 0.649483 0.222804 0.128210
1 0.524807 0.524738 0.225578 0.128672
1 0.522804 0.431872 0.232049 0.056597
1 0.528190 0.340687 0.222095 0.129078
1 0.769143 0.107232 0.281905 0.115085
1 0.774667 0.265010 0.295238 0.215321
1 0.774286 0.429214 0.264762 0.116513
1 0.765714 0.542157 0.256000 0.112801
1 0.763619 0.650960 0.251048 0.112230
1 0.757905 0.756764 0.245714 0.109659
1 0.749524 0.856286 0.240381 0.111658
1 0.748952 0.948312 0.236190 0.100378
1 0.930000 0.942315 0.136000 0.112372
1 0.933714 0.830727 0.128000 0.129078
1 0.939000 0.705469 0.118000 0.133290
1 0.943381 0.572856 0.109238 0.137645
1 0.948333 0.432926 0.099333 0.142215
1 0.955762 0.266867 0.084476 0.191904
