1 0.427198 0.201740 0.280982 0.172920
1 0.277096 0.225041 0.032311 0.117733
1 0.188344 0.354271 0.303885 0.157283
1 0.181391 0.507568 0.269530 0.152991
1 0.164417 0.644310 0.281391 0.153604
1 0.169121 0.780898 0.269530 0.136741
1 0.150716 0.869810 0.301431 0.164948
1 0.165440 0.944120 0.294888 0.108762
1 0.434714 0.951632 0.230573 0.093738
1 0.438650 0.858313 0.235992 0.130916
1 0.441718 0.738281 0.241309 0.133675
1 0.439877 0.605219 0.241718 0.150845
1 0.457873 0.486413 0.220450 0.130303
1 0.465235 0.354271 0.226176 0.138888
1 0.688636 0.342442 0.256061 0.142732
1 0.684402 0.478357 0.240208 0.131996
1 0.676256 0.606716 0.232236 0.126800
1 0.670884 0.726760 0.222877 0.122123
1 0.662218 0.839658 0.220797 0.124981
1 0.655416 0.943569 0.210832 0.109864
1 0.857192 0.929561 0.209359 0.116146
1 0.872097 0.827446 0.211438 0.116666
1 0.882149 0.719484 0.223224 0.117965
1 0.890334 0.604117 0.215331 0.122123
1 0.895707 0.481475 0.204586 0.129398
1 0.901906 0.348309 0.192028 0.136414
