1 0.068800 0.181818 0.120594 0.161157
1 0.190553 0.185434 0.122913 0.168388
1 0.328154 0.186467 0.150742 0.172521
1 0.532236 0.290806 0.277520 0.302686
1 0.733225 0.200413 0.146104 0.175620
1 0.733612 0.364669 0.125232 0.165289
1 0.876701 0.584401 0.239796 0.294835
1 0.638528 0.586260 0.252010 0.284091
1 0.378401 0.575413 0.262059 0.285124
1 0.118661 0.555785 0.237322 0.291322
1 0.314239 0.354855 0.135281 0.160124
1 0.188621 0.350207 0.123686 0.159091
1 0.068027 0.338326 0.120594 0.155992
1 0.123686 0.819215 0.244280 0.276860
1 0.374150 0.838326 0.256648 0.273760
1 0.630025 0.856405 0.269017 0.268595
1 0.877474 0.863946 0.238250 0.263017
