1 0.615000 0.727758 0.226000 0.266904
1 0.861000 0.827402 0.278000 0.338078
1 0.834000 0.581851 0.332000 0.302491
1 0.883000 0.332740 0.234000 0.266904
1 0.849000 0.110320 0.302000 0.220641
1 0.646000 0.323843 0.260000 0.220641
1 0.590000 0.524911 0.164000 0.209964
1 0.631000 0.028470 0.182000 0.056940
1 0.610000 0.129893 0.184000 0.224199
1 0.446000 0.067616 0.188000 0.135231
1 0.450000 0.181495 0.140000 0.177936
1 0.436000 0.346975 0.164000 0.160142
1 0.447000 0.503559 0.126000 0.174377
1 0.435000 0.649466 0.142000 0.202847
1 0.331000 0.603203 0.074000 0.153025
1 0.338000 0.478648 0.096000 0.145907
1 0.322000 0.343416 0.064000 0.131673
1 0.336000 0.204626 0.088000 0.153025
1 0.320000 0.081851 0.064000 0.156584
1 0.313000 0.016014 0.062000 0.032028
1 0.257000 0.583630 0.074000 0.135231
1 0.259000 0.471530 0.062000 0.124555
1 0.234000 0.355872 0.112000 0.113879
1 0.264000 0.238434 0.052000 0.120996
1 0.254000 0.122776 0.064000 0.138790
1 0.259000 0.037367 0.054000 0.074733
1 0.209000 0.245552 0.054000 0.113879
1 0.201000 0.151246 0.038000 0.117438
1 0.208000 0.055160 0.052000 0.110320
1 0.202000 0.455516 0.052000 0.106762
1 0.199000 0.553381 0.042000 0.110320
1 0.159000 0.087189 0.042000 0.110320
1 0.163000 0.174377 0.034000 0.099644
1 0.125000 0.112100 0.026000 0.096085
1 0.128000 0.190391 0.040000 0.096085
1 0.146000 0.263345 0.072000 0.099644
1 0.163000 0.352313 0.034000 0.092527
1 0.158000 0.443060 0.036000 0.088968
1 0.162000 0.530249 0.032000 0.099644
1 0.126000 0.519573 0.040000 0.092527
1 0.125000 0.435943 0.034000 0.081851
1 0.126000 0.354093 0.040000 0.081851
1 0.093000 0.142349 0.038000 0.099644
1 0.097000 0.204626 0.022000 0.081851
1 0.081000 0.218861 0.010000 0.074733
1 0.098000 0.277580 0.024000 0.078292
1 0.079000 0.282918 0.014000 0.074733
1 0.094000 0.354093 0.024000 0.074733
1 0.094000 0.427046 0.024000 0.078292
1 0.093000 0.498221 0.026000 0.085409
1 0.076000 0.352313 0.012000 0.071174
1 0.075000 0.421708 0.014000 0.067616
1 0.064000 0.176157 0.024000 0.081851
1 0.070000 0.227758 0.012000 0.064057
1 0.058000 0.234875 0.012000 0.056940
1 0.063000 0.291815 0.018000 0.064057
1 0.060000 0.354093 0.020000 0.060498
1 0.058000 0.414591 0.020000 0.060498
1 0.057000 0.473310 0.022000 0.071174
1 0.075000 0.487544 0.014000 0.078292
1 0.042000 0.195730 0.020000 0.071174
1 0.046000 0.243772 0.012000 0.053381
1 0.037000 0.252669 0.010000 0.056940
1 0.043000 0.297153 0.022000 0.060498
1 0.038000 0.355872 0.024000 0.049822
1 0.042000 0.409253 0.012000 0.056940
1 0.038000 0.460854 0.016000 0.060498
1 0.030000 0.405694 0.012000 0.049822
1 0.022000 0.450178 0.016000 0.060498
1 0.023000 0.213523 0.014000 0.064057
1 0.025000 0.261566 0.014000 0.053381
1 0.026000 0.307829 0.016000 0.046263
1 0.019000 0.357651 0.018000 0.046263
1 0.014000 0.274021 0.008000 0.120996
1 0.015000 0.403915 0.018000 0.046263
