1 0.168437 0.299896 0.336875 0.226875
1 0.565000 0.363021 0.462500 0.363542
1 0.882292 0.360938 0.222083 0.363542
1 0.876563 0.699063 0.233542 0.308542
1 0.555104 0.691667 0.419792 0.302083
1 0.238958 0.783333 0.229167 0.102083
1 0.235833 0.704688 0.237500 0.084375
1 0.231146 0.634896 0.230208 0.086458
1 0.228021 0.555208 0.234375 0.077083
1 0.228021 0.468229 0.217708 0.111458
1 0.059062 0.530104 0.118125 0.166875
1 0.077500 0.645312 0.083333 0.082292
1 0.080104 0.724479 0.078125 0.084375
1 0.086875 0.802083 0.089583 0.091667
