1 0.067000 0.113333 0.134000 0.226667
1 0.070000 0.376000 0.140000 0.309333
1 0.067000 0.668000 0.134000 0.296000
1 0.074000 0.890667 0.148000 0.218667
1 0.190000 0.121333 0.140000 0.242667
1 0.310000 0.125333 0.112000 0.250667
1 0.413000 0.129333 0.094000 0.258667
1 0.507000 0.136000 0.094000 0.256000
1 0.588000 0.160000 0.088000 0.234667
1 0.196000 0.374667 0.132000 0.285333
1 0.314000 0.373333 0.104000 0.256000
1 0.409000 0.373333 0.086000 0.234667
1 0.495000 0.369333 0.086000 0.221333
1 0.574000 0.370667 0.088000 0.202667
1 0.191000 0.640000 0.122000 0.266667
1 0.307000 0.618667 0.102000 0.245333
1 0.401000 0.597333 0.090000 0.224000
1 0.482000 0.582667 0.084000 0.216000
1 0.200000 0.870667 0.116000 0.258667
1 0.307000 0.840000 0.098000 0.240000
1 0.399000 0.802667 0.086000 0.224000
1 0.478000 0.776000 0.080000 0.208000
1 0.722000 0.154667 0.196000 0.261333
1 0.845000 0.169333 0.094000 0.242667
1 0.903000 0.181333 0.074000 0.224000
1 0.695000 0.392000 0.190000 0.229333
1 0.816000 0.396000 0.096000 0.216000
1 0.880000 0.394667 0.080000 0.202667
1 0.924000 0.392000 0.068000 0.186667
1 0.967000 0.390667 0.066000 0.178667
1 0.953000 0.194667 0.070000 0.213333
1 0.981000 0.202667 0.038000 0.197333
1 0.604000 0.609333 0.176000 0.269333
1 0.592000 0.822667 0.176000 0.285333
1 0.717000 0.608000 0.102000 0.218667
1 0.709000 0.812000 0.078000 0.210667
1 0.794000 0.602667 0.080000 0.202667
1 0.771000 0.788000 0.070000 0.189333
1 0.849000 0.590667 0.066000 0.194667
1 0.827000 0.765333 0.062000 0.176000
1 0.897000 0.572000 0.070000 0.178667
1 0.940000 0.562667 0.064000 0.165333
1 0.878000 0.742667 0.060000 0.178667
1 0.924000 0.721333 0.052000 0.162667
1 0.994000 0.366667 0.012000 0.056000
1 0.991000 0.420000 0.018000 0.050667
1 0.982000 0.470667 0.020000 0.050667
1 0.973000 0.520000 0.018000 0.048000
1 0.967000 0.568000 0.018000 0.048000
1 0.963000 0.618667 0.022000 0.048000
1 0.955000 0.664000 0.018000 0.042667
1 0.995000 0.470667 0.010000 0.045333
1 0.989000 0.518667 0.022000 0.045333
1 0.986000 0.568000 0.028000 0.048000
1 0.981000 0.637333 0.038000 0.096000
