1 0.524000 0.318667 0.184000 0.221333
1 0.536000 0.470667 0.184000 0.189333
1 0.560000 0.638667 0.132000 0.184000
1 0.561000 0.805333 0.126000 0.170667
1 0.560000 0.938667 0.120000 0.122667
1 0.669000 0.962667 0.086000 0.074667
1 0.668000 0.869333 0.088000 0.112000
1 0.666000 0.758667 0.088000 0.120000
1 0.669000 0.644000 0.086000 0.114667
1 0.666000 0.530667 0.092000 0.112000
1 0.751000 0.530667 0.082000 0.112000
1 0.754000 0.642667 0.084000 0.112000
1 0.754000 0.754667 0.084000 0.112000
1 0.754000 0.861333 0.084000 0.117333
1 0.755000 0.957333 0.082000 0.085333
1 0.837000 0.954667 0.078000 0.090667
1 0.837000 0.860000 0.078000 0.114667
1 0.833000 0.749333 0.078000 0.112000
1 0.835000 0.640000 0.078000 0.106667
1 0.833000 0.530667 0.078000 0.112000
1 0.908000 0.532000 0.076000 0.109333
1 0.974000 0.525333 0.052000 0.106667
1 0.913000 0.636000 0.082000 0.109333
1 0.975000 0.634667 0.050000 0.106667
1 0.912000 0.744000 0.080000 0.106667
1 0.974000 0.740000 0.052000 0.109333
1 0.914000 0.853333 0.076000 0.112000
1 0.975000 0.844000 0.050000 0.109333
1 0.913000 0.950667 0.074000 0.098667
1 0.975000 0.949333 0.050000 0.101333
1 0.449000 0.534667 0.094000 0.125333
1 0.447000 0.656000 0.094000 0.117333
1 0.452000 0.766667 0.096000 0.120000
1 0.455000 0.882667 0.090000 0.117333
1 0.455000 0.970667 0.090000 0.058667
1 0.363000 0.974667 0.098000 0.050667
1 0.359000 0.892000 0.098000 0.130667
1 0.357000 0.776000 0.098000 0.122667
1 0.354000 0.658667 0.096000 0.122667
1 0.356000 0.534667 0.096000 0.130667
1 0.217000 0.306667 0.210000 0.192000
1 0.211000 0.476000 0.210000 0.194667
1 0.206000 0.654667 0.208000 0.189333
1 0.208000 0.832000 0.200000 0.176000
1 0.213000 0.958667 0.206000 0.082667
1 0.055000 0.925333 0.110000 0.149333
1 0.053000 0.836000 0.106000 0.200000
1 0.054000 0.658667 0.108000 0.192000
1 0.057000 0.477333 0.114000 0.186667
1 0.059000 0.298667 0.118000 0.202667
