1 0.126280 0.123810 0.252560 0.243290
1 0.359418 0.158009 0.247847 0.268398
1 0.618235 0.137446 0.290915 0.272727
1 0.877296 0.135823 0.238583 0.271645
1 0.121323 0.364177 0.241346 0.258658
1 0.362262 0.416667 0.263286 0.270563
1 0.627580 0.411797 0.277101 0.271645
1 0.880546 0.410714 0.232082 0.275974
1 0.130262 0.606602 0.234845 0.243506
1 0.377296 0.675866 0.259223 0.254329
1 0.638144 0.680736 0.270600 0.253247
1 0.884609 0.680303 0.223956 0.260606
1 0.140013 0.847944 0.277101 0.293290
1 0.391923 0.897727 0.242971 0.191558
1 0.644645 0.897186 0.259223 0.194805
1 0.882984 0.900000 0.227206 0.190909
