1 0.714000 0.695652 0.508000 0.449775
1 0.647000 0.368066 0.330000 0.211394
1 0.683000 0.149175 0.374000 0.256372
1 0.325000 0.140930 0.374000 0.257871
1 0.307000 0.351574 0.330000 0.208396
1 0.326000 0.532234 0.292000 0.155922
1 0.332000 0.673163 0.252000 0.122939
1 0.640000 0.815592 0.388000 0.368816
1 0.270000 0.876312 0.332000 0.244378
1 0.104000 0.712894 0.208000 0.286357
1 0.112000 0.505247 0.164000 0.113943
1 0.097000 0.389805 0.158000 0.128936
1 0.082000 0.246627 0.164000 0.157421
1 0.097000 0.086207 0.194000 0.172414
