1 0.368000 0.029235 0.120000 0.058471
1 0.294000 0.104198 0.124000 0.106447
1 0.421000 0.106447 0.130000 0.107946
1 0.437000 0.040480 0.022000 0.023988
1 0.297000 0.222639 0.138000 0.133433
1 0.437000 0.226387 0.134000 0.137931
1 0.371000 0.343328 0.222000 0.128936
1 0.298000 0.469265 0.140000 0.122939
1 0.450000 0.464768 0.140000 0.125937
1 0.381000 0.587706 0.218000 0.125937
1 0.318000 0.690405 0.136000 0.142429
1 0.463000 0.685157 0.134000 0.152924
1 0.402000 0.820840 0.208000 0.127436
1 0.257000 0.351574 0.026000 0.106447
1 0.483000 0.349325 0.022000 0.110945
1 0.270000 0.571964 0.024000 0.091454
1 0.494000 0.567466 0.020000 0.085457
1 0.187000 0.110945 0.086000 0.059970
1 0.018000 0.163418 0.036000 0.056972
1 0.081000 0.161919 0.098000 0.059970
1 0.176000 0.166417 0.100000 0.068966
1 0.064000 0.227136 0.104000 0.076462
1 0.170000 0.226387 0.116000 0.068966
1 0.120000 0.299850 0.164000 0.077961
1 0.222000 0.299100 0.048000 0.082459
1 0.022000 0.299100 0.040000 0.067466
1 0.073000 0.371814 0.146000 0.080960
1 0.195000 0.371064 0.110000 0.067466
1 0.036000 0.463268 0.072000 0.104948
1 0.086000 0.455022 0.044000 0.088456
1 0.121000 0.444528 0.034000 0.073463
1 0.180000 0.443028 0.100000 0.076462
1 0.047000 0.551724 0.094000 0.104948
1 0.107000 0.520990 0.070000 0.091454
1 0.174000 0.523238 0.132000 0.089955
1 0.059000 0.634183 0.118000 0.149925
1 0.178000 0.601199 0.128000 0.098951
1 0.136000 0.642429 0.156000 0.130435
1 0.046000 0.734633 0.088000 0.098951
1 0.162000 0.712144 0.148000 0.119940
1 0.045000 0.823838 0.090000 0.133433
1 0.157000 0.806597 0.178000 0.155922
1 0.273000 0.932534 0.214000 0.134933
1 0.477000 0.913793 0.194000 0.172414
1 0.508000 0.149175 0.048000 0.055472
1 0.626000 0.106447 0.104000 0.074963
1 0.562000 0.181409 0.096000 0.074963
1 0.662000 0.180660 0.096000 0.079460
1 0.746000 0.207646 0.080000 0.070465
1 0.562000 0.257871 0.108000 0.092954
1 0.667000 0.260120 0.098000 0.076462
1 0.761000 0.269865 0.086000 0.056972
1 0.605000 0.354573 0.162000 0.121439
1 0.743000 0.356822 0.134000 0.122939
1 0.548000 0.464018 0.044000 0.109445
1 0.669000 0.475262 0.234000 0.119940
1 0.582000 0.582459 0.156000 0.127436
1 0.726000 0.584708 0.152000 0.125937
1 0.661000 0.703148 0.226000 0.113943
1 0.596000 0.790855 0.156000 0.157421
1 0.736000 0.795352 0.140000 0.136432
1 0.819000 0.356822 0.034000 0.083958
1 0.822000 0.441529 0.072000 0.085457
1 0.831000 0.528486 0.102000 0.094453
1 0.807000 0.630435 0.066000 0.112444
1 0.884000 0.625937 0.136000 0.124438
1 0.823000 0.741379 0.106000 0.121439
1 0.913000 0.734633 0.126000 0.119940
1 0.948000 0.363568 0.104000 0.064468
1 0.950000 0.425787 0.100000 0.074963
1 0.915000 0.482759 0.058000 0.071964
1 0.971000 0.493253 0.058000 0.077961
1 0.949000 0.556972 0.102000 0.082459
1 0.975000 0.628936 0.050000 0.067466
