1 0.100731 0.200149 0.196154 0.346649
1 0.284865 0.179515 0.195192 0.332205
1 0.453135 0.165071 0.195192 0.315698
1 0.613712 0.155786 0.197115 0.299191
1 0.768038 0.156302 0.196154 0.298159
1 0.908019 0.157333 0.179962 0.308476
1 0.925327 0.449488 0.145346 0.289534
1 0.794962 0.468389 0.209615 0.334269
1 0.638712 0.483864 0.206731 0.344586
1 0.469481 0.510688 0.212500 0.365220
1 0.291596 0.528227 0.212500 0.377600
1 0.102288 0.567431 0.204577 0.398234
1 0.128269 0.874464 0.204538 0.246781
1 0.329577 0.853726 0.203846 0.285779
1 0.516115 0.835156 0.213462 0.320857
1 0.691115 0.827418 0.215385 0.340459
1 0.873404 0.795064 0.249192 0.405579
