1 0.028000 0.049333 0.056000 0.098667
1 0.156000 0.064000 0.224000 0.128000
1 0.369000 0.069333 0.222000 0.138667
1 0.169000 0.197333 0.210000 0.165333
1 0.190000 0.346667 0.188000 0.149333
1 0.212000 0.472000 0.164000 0.133333
1 0.213000 0.597333 0.182000 0.154667
1 0.217000 0.717333 0.174000 0.144000
1 0.208000 0.833333 0.180000 0.157333
1 0.196000 0.932000 0.192000 0.136000
1 0.367000 0.950667 0.166000 0.098667
1 0.371000 0.865333 0.170000 0.168000
1 0.383000 0.744000 0.178000 0.170667
1 0.385000 0.621333 0.174000 0.138667
1 0.381000 0.505333 0.190000 0.146667
1 0.380000 0.366667 0.208000 0.162667
1 0.367000 0.222667 0.210000 0.168000
1 0.584000 0.238667 0.208000 0.162667
1 0.576000 0.394667 0.208000 0.165333
1 0.039000 0.200000 0.078000 0.133333
1 0.054000 0.350667 0.108000 0.152000
1 0.069000 0.496000 0.138000 0.176000
1 0.071000 0.622667 0.142000 0.221333
1 0.084000 0.745333 0.100000 0.173333
1 0.085000 0.865333 0.078000 0.162667
1 0.525000 0.080000 0.098000 0.117333
1 0.572000 0.538667 0.200000 0.170667
1 0.562000 0.674667 0.196000 0.165333
1 0.565000 0.772000 0.186000 0.189333
1 0.562000 0.894667 0.168000 0.136000
1 0.553000 0.957333 0.162000 0.085333
1 0.819000 0.093333 0.294000 0.186667
1 0.802000 0.261333 0.252000 0.192000
1 0.784000 0.416000 0.240000 0.170667
1 0.770000 0.553333 0.216000 0.168000
1 0.755000 0.678667 0.206000 0.152000
1 0.746000 0.790667 0.200000 0.157333
1 0.730000 0.893333 0.180000 0.144000
1 0.721000 0.958667 0.174000 0.082667
1 0.886000 0.980000 0.148000 0.040000
1 0.904000 0.924000 0.192000 0.152000
1 0.915000 0.814667 0.170000 0.152000
1 0.920000 0.693333 0.160000 0.165333
1 0.933000 0.562667 0.134000 0.160000
1 0.941000 0.422667 0.118000 0.168000
1 0.952000 0.261333 0.096000 0.176000
1 0.970000 0.089333 0.060000 0.178667
