1 0.095000 0.137000 0.190000 0.178000
1 0.097000 0.320000 0.194000 0.188000
1 0.105000 0.500000 0.210000 0.180000
1 0.108000 0.680000 0.216000 0.180000
1 0.106000 0.861000 0.212000 0.186000
1 0.317000 0.139000 0.254000 0.182000
1 0.321000 0.323000 0.258000 0.182000
1 0.332000 0.505000 0.256000 0.182000
1 0.339000 0.686000 0.258000 0.188000
1 0.336000 0.864000 0.272000 0.192000
1 0.323000 0.043000 0.258000 0.082000
1 0.584000 0.074000 0.272000 0.144000
1 0.849000 0.073000 0.266000 0.138000
1 0.578000 0.234000 0.272000 0.188000
1 0.577000 0.413000 0.266000 0.186000
1 0.597000 0.589000 0.270000 0.182000
1 0.608000 0.761000 0.276000 0.178000
1 0.608000 0.924000 0.280000 0.152000
1 0.848000 0.227000 0.272000 0.178000
1 0.842000 0.407000 0.268000 0.178000
1 0.860000 0.584000 0.276000 0.184000
1 0.871000 0.766000 0.258000 0.184000
1 0.872000 0.926000 0.256000 0.148000
