1 0.432652 0.148899 0.425004 0.216264
1 0.192390 0.358974 0.384780 0.237806
1 0.186388 0.563879 0.372776 0.228112
1 0.182422 0.736952 0.364845 0.216425
1 0.176622 0.889664 0.353243 0.218423
1 0.458190 0.820409 0.213272 0.192833
1 0.466684 0.684412 0.230261 0.192717
1 0.490831 0.529872 0.239111 0.194601
1 0.502917 0.354397 0.258567 0.202668
1 0.736912 0.165106 0.261024 0.195230
1 0.724373 0.340890 0.225085 0.168538
1 0.688873 0.498046 0.195746 0.160264
1 0.661105 0.639553 0.192209 0.171512
1 0.647233 0.765611 0.186465 0.174065
1 0.914900 0.175655 0.166200 0.177318
1 0.894436 0.330930 0.180604 0.152902
1 0.861685 0.477126 0.196502 0.149504
1 0.834022 0.606691 0.187599 0.148968
1 0.812242 0.728208 0.172655 0.153439
