1 0.115606 0.144399 0.201460 0.170316
1 0.309036 0.148630 0.198540 0.172432
1 0.507212 0.145456 0.194891 0.170316
1 0.702102 0.140167 0.196350 0.174548
1 0.894073 0.142812 0.199270 0.171374
1 0.888234 0.309955 0.199270 0.162911
1 0.694073 0.310483 0.191971 0.168201
1 0.503927 0.314186 0.191241 0.158680
1 0.308672 0.317889 0.193431 0.170316
1 0.119985 0.311012 0.195620 0.165027
1 0.128745 0.467576 0.189781 0.150217
1 0.311956 0.473924 0.181022 0.150217
1 0.495168 0.477097 0.186861 0.156564
1 0.683489 0.473395 0.189781 0.155506
1 0.871080 0.478155 0.195620 0.162911
1 0.861226 0.635248 0.190511 0.157622
1 0.676190 0.629959 0.182482 0.151275
1 0.495533 0.628901 0.181752 0.147043
1 0.315606 0.626785 0.178102 0.151275
1 0.133124 0.618851 0.186861 0.154448
1 0.142978 0.770655 0.180292 0.149159
1 0.144438 0.910293 0.175912 0.136465
1 0.316701 0.769068 0.174453 0.148101
1 0.317066 0.913996 0.169343 0.143870
1 0.487504 0.918227 0.171533 0.145985
1 0.489328 0.778589 0.173723 0.145985
1 0.668891 0.779647 0.185401 0.137522
1 0.849912 0.782820 0.191241 0.145985
1 0.862686 0.927748 0.227007 0.137522
1 0.658307 0.923516 0.174453 0.139638
