1 0.101613 0.173487 0.203226 0.298539
1 0.100489 0.448736 0.177488 0.257680
1 0.014204 0.414057 0.028407 0.239525
1 0.112900 0.768640 0.186201 0.456715
1 0.029555 0.737132 0.059110 0.429218
1 0.262273 0.175134 0.204942 0.317616
1 0.276771 0.474197 0.198353 0.302279
1 0.284349 0.783650 0.215486 0.426456
1 0.519934 0.819518 0.270840 0.354720
1 0.525041 0.524660 0.311367 0.368573
1 0.525700 0.180576 0.327842 0.361152
1 0.840527 0.188986 0.314333 0.375994
1 0.836727 0.553849 0.322547 0.411120
1 0.820099 0.829472 0.355189 0.335050
1 0.029000 0.963691 0.058000 0.066612
1 0.091485 0.976249 0.069030 0.041496
1 0.010545 0.191282 0.020121 0.201292
