1 0.378877 0.468333 0.110783 0.163333
1 0.489660 0.475000 0.119645 0.176667
1 0.611521 0.483333 0.127031 0.173333
1 0.739291 0.483333 0.134417 0.180000
1 0.683161 0.308333 0.276219 0.176667
1 0.677991 0.650000 0.259970 0.180000
1 0.748892 0.816667 0.141802 0.200000
1 0.693501 0.920000 0.276219 0.160000
1 0.615953 0.815000 0.124077 0.183333
1 0.432792 0.633333 0.230428 0.186667
1 0.433530 0.308333 0.225997 0.170000
1 0.494830 0.801667 0.121123 0.176667
1 0.379616 0.785000 0.109306 0.170000
1 0.440916 0.925000 0.228951 0.150000
1 0.738552 0.135000 0.147710 0.176667
1 0.601182 0.135000 0.127031 0.176667
1 0.479321 0.140000 0.122600 0.166667
1 0.366322 0.145000 0.112260 0.170000
1 0.251846 0.403333 0.096012 0.086667
1 0.256278 0.338333 0.096012 0.076667
1 0.257755 0.270000 0.090103 0.066667
1 0.312408 0.273333 0.025111 0.060000
1 0.312408 0.325000 0.022157 0.063333
1 0.310192 0.386667 0.026588 0.053333
1 0.313885 0.438333 0.025111 0.056667
1 0.311669 0.495000 0.026588 0.056667
1 0.313146 0.550000 0.017725 0.060000
1 0.312408 0.603333 0.016248 0.066667
1 0.310192 0.663333 0.020679 0.060000
1 0.312408 0.718333 0.031019 0.063333
1 0.311669 0.770000 0.029542 0.053333
1 0.249631 0.740000 0.097489 0.106667
1 0.249631 0.801667 0.097489 0.116667
1 0.248892 0.876667 0.096012 0.106667
1 0.177253 0.888333 0.050222 0.076667
1 0.132201 0.886667 0.045790 0.080000
1 0.177991 0.821667 0.048744 0.076667
1 0.177991 0.756667 0.042836 0.080000
1 0.133678 0.746667 0.042836 0.073333
1 0.131462 0.815000 0.044313 0.076667
1 0.253323 0.676667 0.096012 0.093333
1 0.180207 0.681667 0.053176 0.070000
1 0.135155 0.683333 0.042836 0.073333
1 0.256278 0.603333 0.093058 0.093333
1 0.185377 0.618333 0.048744 0.070000
1 0.140325 0.613333 0.044313 0.073333
1 0.254062 0.538333 0.100443 0.090000
1 0.254062 0.473333 0.100443 0.086667
1 0.180945 0.406667 0.048744 0.066667
1 0.182422 0.338333 0.051699 0.070000
1 0.187592 0.268333 0.047267 0.076667
1 0.140325 0.268333 0.053176 0.076667
1 0.136632 0.336667 0.051699 0.080000
1 0.131462 0.410000 0.050222 0.060000
1 0.180945 0.475000 0.048744 0.070000
1 0.180945 0.541667 0.045790 0.076667
1 0.135155 0.473333 0.045790 0.073333
1 0.136632 0.545000 0.048744 0.076667
