1 0.091250 0.101902 0.182500 0.203804
1 0.265000 0.116848 0.170000 0.233696
1 0.417500 0.126359 0.135000 0.252717
1 0.501250 0.120924 0.047500 0.154891
1 0.576250 0.099185 0.102500 0.171196
1 0.727500 0.091033 0.205000 0.182065
1 0.865000 0.119565 0.080000 0.173913
1 0.928750 0.153533 0.052500 0.160326
1 0.977500 0.184783 0.045000 0.135870
1 0.978750 0.294837 0.042500 0.122283
1 0.978750 0.413043 0.042500 0.114130
1 0.986250 0.525815 0.027500 0.111413
1 0.978750 0.642663 0.042500 0.122283
1 0.987500 0.743207 0.025000 0.122283
1 0.958750 0.760870 0.037500 0.125000
1 0.977500 0.861413 0.045000 0.141304
1 0.931250 0.888587 0.052500 0.135870
1 0.872500 0.925272 0.085000 0.144022
1 0.798750 0.948370 0.107500 0.103261
1 0.695000 0.972826 0.130000 0.054348
1 0.921250 0.781250 0.037500 0.138587
1 0.880000 0.797554 0.045000 0.149457
1 0.835000 0.824728 0.055000 0.165761
1 0.778750 0.851902 0.062500 0.176630
1 0.713750 0.877717 0.072500 0.179348
1 0.636250 0.910326 0.087500 0.173913
1 0.542500 0.930707 0.110000 0.138587
1 0.422500 0.948370 0.135000 0.103261
1 0.298750 0.974185 0.117500 0.051630
1 0.936250 0.533967 0.077500 0.127717
1 0.931250 0.654891 0.062500 0.130435
1 0.866250 0.673913 0.072500 0.152174
1 0.866250 0.542120 0.072500 0.149457
1 0.930000 0.406250 0.060000 0.127717
1 0.865000 0.399457 0.075000 0.141304
1 0.732500 0.392663 0.190000 0.160326
1 0.863750 0.263587 0.077500 0.152174
1 0.928750 0.281250 0.057500 0.144022
1 0.725000 0.239130 0.200000 0.179348
1 0.573750 0.226902 0.102500 0.122283
1 0.500000 0.225543 0.050000 0.081522
1 0.557500 0.366848 0.165000 0.211957
1 0.786250 0.551630 0.087500 0.163043
1 0.787500 0.705163 0.085000 0.165761
1 0.687500 0.743207 0.120000 0.203804
1 0.630000 0.565217 0.095000 0.190217
1 0.712500 0.562500 0.075000 0.179348
1 0.556250 0.779891 0.147500 0.228261
1 0.531250 0.573370 0.102500 0.217391
1 0.376250 0.831522 0.217500 0.298913
1 0.136250 0.864130 0.272500 0.271739
1 0.095000 0.627717 0.185000 0.304348
1 0.268750 0.610054 0.167500 0.269022
1 0.415000 0.591033 0.135000 0.247283
1 0.375000 0.350543 0.210000 0.250000
1 0.137500 0.319293 0.275000 0.312500
