1 0.137008 0.177236 0.270732 0.215718
1 0.402455 0.194038 0.250407 0.201626
1 0.647577 0.209756 0.238211 0.196206
1 0.876033 0.232520 0.217073 0.181030
1 0.140260 0.375068 0.265854 0.199458
1 0.400016 0.386992 0.245528 0.182114
1 0.644732 0.397290 0.234146 0.181030
1 0.864650 0.404336 0.217073 0.169106
1 0.137821 0.569106 0.265854 0.192954
1 0.393512 0.567480 0.243902 0.183198
1 0.626846 0.572900 0.230894 0.168022
1 0.854081 0.579404 0.225203 0.168022
1 0.144732 0.762060 0.263415 0.197290
1 0.396358 0.754472 0.243089 0.177778
1 0.630098 0.746341 0.227642 0.170190
1 0.851642 0.744715 0.213821 0.162602
1 0.154488 0.918157 0.256911 0.153930
1 0.397984 0.914927 0.239837 0.164813
1 0.631317 0.914363 0.228455 0.165854
1 0.847577 0.907859 0.215447 0.163686
1 0.976244 0.711902 0.043512 0.181528
1 0.975626 0.865041 0.043902 0.184282
