1 0.186705 0.084080 0.373410 0.161910
1 0.684966 0.107031 0.625883 0.207813
1 0.684274 0.343202 0.627269 0.360472
1 0.186705 0.278544 0.373410 0.282088
1 0.682888 0.592394 0.630040 0.339404
1 0.181163 0.479486 0.362326 0.252721
1 0.665743 0.770892 0.581895 0.290770
1 0.182549 0.639135 0.365097 0.237645
1 0.622794 0.884406 0.509851 0.228063
1 0.183934 0.775124 0.367868 0.247123
1 0.509878 0.943388 0.295104 0.110099
1 0.182549 0.880567 0.365097 0.208009
1 0.186373 0.934903 0.315886 0.126242
1 0.099906 0.978053 0.093075 0.040770
