1 0.186007 0.179545 0.153584 0.286364
1 0.341297 0.179545 0.156997 0.295455
1 0.498294 0.181818 0.156997 0.290909
1 0.651877 0.179545 0.150171 0.304545
1 0.796928 0.181818 0.139932 0.300000
1 0.807167 0.495455 0.160410 0.318182
1 0.653584 0.486364 0.153584 0.318182
1 0.501706 0.486364 0.150171 0.318182
1 0.349829 0.486364 0.160410 0.318182
1 0.182594 0.484091 0.167235 0.322727
1 0.184300 0.815909 0.163823 0.340909
1 0.339590 0.818182 0.167235 0.345455
1 0.500000 0.818182 0.160410 0.345455
1 0.660410 0.820455 0.160410 0.359091
1 0.817406 0.822727 0.160410 0.345455
