1 0.113636 0.154545 0.227273 0.309091
1 0.125000 0.448485 0.250000 0.290909
1 0.131818 0.684848 0.263636 0.193939
1 0.145455 0.875758 0.290909 0.187879
1 0.463636 0.896970 0.309091 0.206061
1 0.765909 0.918182 0.277273 0.163636
1 0.940909 0.912121 0.118182 0.175758
1 0.797727 0.742424 0.368182 0.212121
1 0.965909 0.736364 0.068182 0.175758
1 0.804545 0.493939 0.390909 0.284848
1 0.431818 0.721212 0.354545 0.230303
1 0.436364 0.472727 0.400000 0.266667
1 0.456818 0.175758 0.450000 0.351515
1 0.825000 0.200000 0.350000 0.351515
