1 0.365000 0.094667 0.242000 0.189333
1 0.612000 0.097333 0.248000 0.194667
1 0.855000 0.094667 0.262000 0.189333
1 0.012000 0.314667 0.024000 0.181333
1 0.604000 0.298667 0.236000 0.218667
1 0.734000 0.316000 0.048000 0.242667
1 0.869000 0.337333 0.262000 0.296000
1 0.127000 0.104000 0.254000 0.208000
1 0.135000 0.318667 0.270000 0.221333
1 0.370000 0.290667 0.240000 0.218667
1 0.025000 0.504000 0.050000 0.202667
1 0.152000 0.520000 0.248000 0.186667
1 0.379000 0.500000 0.222000 0.194667
1 0.594000 0.501333 0.212000 0.192000
1 0.848000 0.577333 0.304000 0.338667
1 0.842000 0.785333 0.316000 0.354667
1 0.033000 0.696000 0.066000 0.176000
1 0.163000 0.701333 0.222000 0.170667
1 0.375000 0.685333 0.210000 0.176000
1 0.588000 0.682667 0.212000 0.176000
1 0.040000 0.864000 0.076000 0.165333
1 0.176000 0.864000 0.216000 0.160000
1 0.378000 0.849333 0.204000 0.157333
1 0.579000 0.852000 0.202000 0.162667
1 0.827000 0.882667 0.314000 0.234667
1 0.381000 0.965333 0.190000 0.069333
1 0.181000 0.968000 0.214000 0.064000
1 0.041000 0.973333 0.062000 0.048000
1 0.582000 0.964000 0.204000 0.072000
