1 0.104651 0.036469 0.209302 0.072939
1 0.339884 0.044165 0.267505 0.086216
1 0.145335 0.156052 0.290670 0.210624
1 0.392344 0.169557 0.211722 0.200359
1 0.620514 0.176734 0.250598 0.186005
1 0.868636 0.188696 0.253636 0.168062
1 0.929545 0.352153 0.131818 0.168421
1 0.780203 0.348086 0.175239 0.174641
1 0.592847 0.350478 0.198852 0.174641
1 0.355239 0.348301 0.285933 0.176603
1 0.107356 0.345096 0.213517 0.186603
1 0.148026 0.529605 0.293660 0.186005
1 0.401017 0.527512 0.218301 0.184211
1 0.632775 0.525574 0.257177 0.185694
1 0.877512 0.517045 0.235885 0.162081
1 0.938218 0.678409 0.114474 0.165909
1 0.794557 0.681112 0.174043 0.167679
1 0.605583 0.692198 0.215462 0.184681
1 0.365426 0.706156 0.267717 0.189692
1 0.122763 0.719399 0.223336 0.194703
1 0.158393 0.896797 0.289513 0.197316
1 0.394775 0.881890 0.197566 0.188976
1 0.633142 0.857552 0.292054 0.180387
1 0.885880 0.834681 0.219148 0.160272
1 0.123729 0.988064 0.225268 0.014782
1 0.366500 0.971958 0.267001 0.046994
1 0.605870 0.962652 0.224624 0.065605
1 0.803150 0.934019 0.172513 0.122870
1 0.940909 0.950000 0.109091 0.090909
