1 0.176439 0.163686 0.349593 0.320867
1 0.550016 0.169648 0.404065 0.319783
1 0.859577 0.197724 0.276846 0.297886
1 0.517902 0.012466 0.169106 0.022764
1 0.659772 0.013550 0.116260 0.027100
1 0.877659 0.024390 0.147154 0.048780
1 0.779285 0.026558 0.049593 0.046612
1 0.169520 0.456141 0.339041 0.277051
1 0.523187 0.459079 0.361789 0.256911
1 0.832943 0.467209 0.327642 0.255827
1 0.172780 0.707317 0.343902 0.239566
1 0.520748 0.695393 0.324390 0.217886
1 0.825220 0.693767 0.334959 0.212466
1 0.974211 0.704520 0.047577 0.212293
