1 0.031000 0.604000 0.062000 0.210667
1 0.191000 0.524000 0.110000 0.210667
1 0.315000 0.528000 0.078000 0.165333
1 0.405000 0.445333 0.126000 0.250667
1 0.517000 0.533333 0.122000 0.154667
1 0.701000 0.448000 0.126000 0.197333
1 0.770000 0.244000 0.140000 0.162667
1 0.903000 0.224000 0.142000 0.170667
1 0.787000 0.389333 0.118000 0.149333
1 0.921000 0.352000 0.158000 0.192000
1 0.802000 0.532000 0.084000 0.141333
1 0.919000 0.514667 0.158000 0.138667
1 0.798000 0.664000 0.088000 0.138667
1 0.914000 0.646667 0.156000 0.120000
1 0.898000 0.758667 0.144000 0.114667
1 0.894000 0.865333 0.132000 0.109333
1 0.794000 0.776000 0.068000 0.096000
1 0.795000 0.878667 0.074000 0.109333
1 0.698000 0.593333 0.112000 0.184000
1 0.716000 0.749333 0.088000 0.138667
1 0.711000 0.876000 0.098000 0.141333
1 0.614000 0.644000 0.096000 0.189333
1 0.620000 0.793333 0.108000 0.125333
1 0.625000 0.898667 0.102000 0.122667
1 0.552000 0.957333 0.120000 0.085333
1 0.506000 0.662667 0.108000 0.125333
1 0.521000 0.784000 0.082000 0.122667
1 0.526000 0.906667 0.096000 0.128000
1 0.403000 0.638667 0.098000 0.141333
1 0.409000 0.773333 0.090000 0.160000
1 0.418000 0.888000 0.092000 0.128000
1 0.318000 0.662667 0.088000 0.114667
1 0.329000 0.769333 0.074000 0.104000
1 0.324000 0.874667 0.100000 0.154667
1 0.217000 0.636000 0.138000 0.136000
1 0.230000 0.745333 0.124000 0.125333
1 0.215000 0.880000 0.130000 0.149333
1 0.102000 0.668000 0.124000 0.130667
1 0.120000 0.768000 0.104000 0.122667
1 0.111000 0.877333 0.098000 0.101333
1 0.039000 0.777333 0.078000 0.136000
1 0.044000 0.884000 0.088000 0.136000
