1 0.046990 0.371795 0.093979 0.270655
1 0.173990 0.357188 0.192923 0.216864
1 0.083136 0.504422 0.165256 0.192414
1 0.032034 0.613960 0.064068 0.219373
1 0.022313 0.901709 0.044627 0.156695
1 0.259355 0.808989 0.518709 0.372071
1 0.281668 0.572990 0.451650 0.127567
1 0.744519 0.809521 0.506954 0.375260
1 0.737804 0.570864 0.508480 0.127567
1 0.455523 0.248225 0.422487 0.343369
1 0.311578 0.424693 0.288637 0.166901
1 0.605450 0.423098 0.309574 0.172216
1 0.722101 0.241846 0.106183 0.164774
1 0.861933 0.395459 0.260222 0.318918
1 0.367661 0.139261 0.266204 0.187099
1 0.650689 0.128099 0.299853 0.245567
