1 0.816327 0.198333 0.089054 0.070000
1 0.743043 0.195000 0.053803 0.070000
1 0.319109 0.143333 0.115028 0.193333
1 0.293135 0.393333 0.166976 0.293333
1 0.426716 0.403333 0.126160 0.273333
1 0.551948 0.421667 0.124304 0.243333
1 0.679035 0.406667 0.133581 0.253333
1 0.675325 0.638333 0.126160 0.216667
1 0.552876 0.656667 0.118738 0.226667
1 0.534323 0.848333 0.118738 0.283333
1 0.785714 0.865000 0.124304 0.223333
1 0.667904 0.860000 0.118738 0.220000
1 0.156772 0.613333 0.124304 0.286667
1 0.279221 0.646667 0.120594 0.233333
1 0.417440 0.655000 0.126160 0.250000
1 0.397032 0.843333 0.118738 0.286667
1 0.276438 0.861667 0.115028 0.216667
1 0.768089 0.368333 0.092764 0.230000
1 0.435065 0.143333 0.116883 0.193333
1 0.207792 0.348333 0.133581 0.250000
1 0.828386 0.335000 0.102041 0.203333
1 0.858998 0.553333 0.103896 0.240000
1 0.799629 0.635000 0.137291 0.283333
1 0.875696 0.771667 0.063080 0.203333
1 0.144712 0.856667 0.133581 0.260000
