1 0.520000 0.241979 0.244000 0.082888
1 0.522000 0.306150 0.260000 0.088235
1 0.529000 0.398396 0.286000 0.101604
1 0.815000 0.390374 0.310000 0.106952
1 0.784000 0.300802 0.280000 0.077540
1 0.766000 0.236631 0.260000 0.066845
1 0.753000 0.163102 0.214000 0.080214
1 0.920000 0.124332 0.160000 0.200535
1 0.920000 0.251337 0.160000 0.251337
1 0.854000 0.584225 0.292000 0.286096
1 0.563000 0.506684 0.326000 0.120321
1 0.852000 0.860963 0.292000 0.278075
1 0.560000 0.724599 0.368000 0.326203
1 0.554000 0.942513 0.332000 0.109626
1 0.195000 0.364973 0.390000 0.355615
1 0.224000 0.196524 0.352000 0.184492
1 0.534000 0.104278 0.248000 0.208556
1 0.262000 0.022727 0.268000 0.045455
1 0.243000 0.073529 0.306000 0.072193
1 0.190000 0.518717 0.372000 0.470588
1 0.215000 0.859626 0.362000 0.270053
