1 0.206193 0.217596 0.371747 0.435192
1 0.012306 0.039724 0.024611 0.055959
1 0.023705 0.214508 0.047409 0.270812
1 0.008808 0.255786 0.017098 0.197927
1 0.015415 0.425043 0.029793 0.155095
1 0.055311 0.427461 0.074352 0.160622
1 0.054663 0.748187 0.108290 0.497409
1 0.260233 0.905872 0.331347 0.182038
1 0.253238 0.630225 0.356218 0.430743
1 0.592231 0.914314 0.336860 0.166039
1 0.610909 0.638457 0.365620 0.441212
1 0.581983 0.224132 0.395702 0.446501
1 0.877678 0.228000 0.240645 0.456000
1 0.877512 0.648948 0.240975 0.472771
1 0.875000 0.907262 0.246000 0.180143
