1 0.099551 0.461266 0.117551 0.139525
1 0.104857 0.591941 0.116735 0.125989
1 0.108531 0.709600 0.120816 0.134319
1 0.290163 0.132757 0.139592 0.194711
1 0.224041 0.330071 0.139592 0.199917
1 0.222000 0.529467 0.138776 0.207205
1 0.233020 0.727301 0.144490 0.198875
1 0.375061 0.741878 0.149388 0.211370
1 0.391388 0.536756 0.200000 0.221783
1 0.389347 0.325906 0.207347 0.216576
1 0.455469 0.122865 0.194286 0.201999
1 0.523633 0.318097 0.062857 0.207205
1 0.604041 0.381612 0.184490 0.213453
1 0.504857 0.454498 0.030204 0.071845
1 0.568939 0.609121 0.259592 0.249896
1 0.545673 0.838192 0.204898 0.229071
1 0.764449 0.623698 0.257143 0.272803
1 0.775878 0.854332 0.255510 0.280092
1 0.818327 0.378488 0.247347 0.234277
1 0.760776 0.166597 0.222041 0.204082
1 0.953429 0.364952 0.027755 0.198875
1 0.953020 0.557580 0.033469 0.217618
1 0.915061 0.591420 0.045714 0.241566
1 0.919551 0.789775 0.046531 0.244690
1 0.953837 0.744481 0.033469 0.220741
