1 0.103000 0.057333 0.154000 0.098667
1 0.119000 0.149333 0.154000 0.085333
1 0.126000 0.236000 0.148000 0.088000
1 0.132000 0.321333 0.144000 0.077333
1 0.091000 0.397333 0.062000 0.085333
1 0.279000 0.061333 0.146000 0.096000
1 0.268000 0.150667 0.144000 0.088000
1 0.271000 0.241333 0.134000 0.088000
1 0.275000 0.294667 0.130000 0.029333
1 0.416000 0.009333 0.144000 0.018667
1 0.419000 0.068000 0.142000 0.093333
1 0.408000 0.157333 0.136000 0.090667
1 0.402000 0.246667 0.132000 0.088000
1 0.409000 0.306667 0.130000 0.032000
1 0.569000 0.013333 0.142000 0.026667
1 0.562000 0.073333 0.144000 0.098667
1 0.550000 0.166667 0.144000 0.098667
1 0.542000 0.252000 0.136000 0.088000
1 0.546000 0.312000 0.132000 0.037333
1 0.709000 0.014667 0.082000 0.029333
1 0.705000 0.069333 0.086000 0.085333
1 0.696000 0.150667 0.092000 0.077333
1 0.644000 0.304000 0.044000 0.053333
1 0.809000 0.306667 0.294000 0.250667
1 0.808000 0.512000 0.228000 0.165333
1 0.606000 0.453333 0.204000 0.256000
1 0.399000 0.448000 0.210000 0.277333
1 0.212000 0.440000 0.264000 0.261333
1 0.203000 0.640000 0.198000 0.149333
1 0.397000 0.656000 0.190000 0.154667
1 0.598000 0.657333 0.188000 0.146667
1 0.782000 0.660000 0.208000 0.146667
1 0.214000 0.777333 0.196000 0.146667
1 0.395000 0.794667 0.178000 0.138667
1 0.584000 0.794667 0.176000 0.133333
1 0.758000 0.797333 0.184000 0.128000
1 0.225000 0.906667 0.174000 0.117333
1 0.398000 0.913333 0.168000 0.125333
1 0.575000 0.924000 0.170000 0.120000
1 0.744000 0.918667 0.180000 0.120000
