1 0.044000 0.078000 0.088000 0.156000
1 0.054000 0.281000 0.108000 0.254000
1 0.068000 0.517000 0.136000 0.238000
1 0.301000 0.503000 0.382000 0.282000
1 0.201000 0.249000 0.226000 0.266000
1 0.446000 0.264000 0.264000 0.296000
1 0.297000 0.057000 0.438000 0.114000
1 0.743000 0.065000 0.478000 0.130000
1 0.726000 0.285000 0.344000 0.330000
1 0.938000 0.294000 0.124000 0.332000
1 0.700000 0.560000 0.436000 0.340000
1 0.077000 0.797000 0.154000 0.218000
1 0.074000 0.930000 0.148000 0.136000
1 0.327000 0.825000 0.366000 0.254000
1 0.240000 0.942000 0.192000 0.116000
1 0.474000 0.969000 0.268000 0.058000
1 0.684000 0.883000 0.376000 0.230000
1 0.953000 0.923000 0.094000 0.150000
1 0.974000 0.642000 0.052000 0.216000
