1 0.728000 0.111940 0.096000 0.092537
1 0.633000 0.120896 0.094000 0.086567
1 0.537000 0.125373 0.090000 0.095522
1 0.445000 0.128358 0.094000 0.095522
1 0.352000 0.128358 0.092000 0.089552
1 0.243000 0.132836 0.122000 0.116418
1 0.813000 0.144776 0.074000 0.026866
1 0.836000 0.219403 0.116000 0.134328
1 0.728000 0.220896 0.108000 0.131343
1 0.624000 0.232836 0.104000 0.143284
1 0.520000 0.240299 0.100000 0.134328
1 0.421000 0.241791 0.098000 0.131343
1 0.317000 0.243284 0.102000 0.134328
1 0.213000 0.235821 0.106000 0.155224
1 0.164000 0.400000 0.140000 0.167164
1 0.301000 0.398507 0.138000 0.170149
1 0.434000 0.394030 0.136000 0.167164
1 0.861000 0.368657 0.150000 0.170149
1 0.718000 0.371642 0.140000 0.164179
1 0.575000 0.385075 0.142000 0.179104
1 0.920000 0.552239 0.136000 0.202985
1 0.801000 0.546269 0.122000 0.185075
1 0.684000 0.550746 0.116000 0.188060
1 0.570000 0.564179 0.112000 0.185075
1 0.461000 0.567164 0.106000 0.185075
1 0.353000 0.571642 0.114000 0.188060
1 0.237000 0.580597 0.114000 0.194030
1 0.122000 0.571642 0.112000 0.194030
1 0.131000 0.758209 0.118000 0.185075
1 0.242000 0.761194 0.112000 0.185075
1 0.354000 0.764179 0.112000 0.191045
1 0.465000 0.758209 0.110000 0.197015
1 0.577000 0.755224 0.110000 0.197015
1 0.692000 0.744776 0.116000 0.194030
1 0.811000 0.747761 0.126000 0.194030
1 0.934000 0.753731 0.128000 0.205970
1 0.934000 0.931343 0.128000 0.137313
1 0.814000 0.925373 0.120000 0.149254
1 0.696000 0.925373 0.116000 0.149254
1 0.581000 0.929851 0.110000 0.140299
1 0.465000 0.926866 0.110000 0.146269
1 0.355000 0.932836 0.106000 0.134328
1 0.237000 0.931343 0.110000 0.137313
1 0.130000 0.926866 0.108000 0.146269
