1 0.982213 0.265000 0.035573 0.203333
1 0.899209 0.270000 0.142292 0.193333
1 0.756917 0.065000 0.102767 0.050000
1 0.766798 0.186667 0.138340 0.193333
1 0.639328 0.175000 0.112648 0.230000
1 0.517787 0.293333 0.130435 0.186667
1 0.386364 0.303333 0.132411 0.186667
1 0.254941 0.310000 0.130435 0.193333
1 0.120553 0.288333 0.138340 0.190000
1 0.128458 0.478333 0.134387 0.183333
1 0.259881 0.496667 0.128458 0.180000
1 0.389328 0.488333 0.126482 0.183333
1 0.516798 0.483333 0.128458 0.186667
1 0.644269 0.398333 0.110672 0.216667
1 0.768775 0.395000 0.114625 0.216667
1 0.867589 0.971667 0.134387 0.056667
1 0.758893 0.608333 0.110672 0.216667
1 0.639328 0.606667 0.108696 0.206667
1 0.646245 0.818333 0.106719 0.203333
1 0.762846 0.821667 0.106719 0.203333
1 0.745059 0.961667 0.106719 0.076667
1 0.633399 0.936667 0.104743 0.126667
1 0.514822 0.970000 0.124506 0.060000
1 0.389328 0.970000 0.122530 0.060000
1 0.267787 0.970000 0.116601 0.060000
1 0.150198 0.970000 0.118577 0.060000
1 0.511858 0.668333 0.126482 0.170000
1 0.513834 0.848333 0.126482 0.183333
1 0.378458 0.671667 0.124506 0.170000
1 0.390316 0.845000 0.124506 0.170000
1 0.894269 0.465000 0.140316 0.183333
1 0.263834 0.848333 0.128458 0.176667
1 0.251976 0.670000 0.128458 0.173333
1 0.135375 0.668333 0.112648 0.203333
1 0.140316 0.855000 0.122530 0.163333
1 0.890316 0.850000 0.132411 0.186667
1 0.890316 0.658333 0.132411 0.176667
1 0.980237 0.473333 0.039526 0.186667
1 0.978261 0.666667 0.043478 0.180000
1 0.978261 0.846667 0.043478 0.173333
1 0.977273 0.973333 0.045455 0.053333
