1 0.876173 0.845000 0.247655 0.310000
1 0.688555 0.796667 0.153846 0.360000
1 0.560976 0.716667 0.116323 0.293333
1 0.458724 0.651667 0.091932 0.263333
1 0.362101 0.613333 0.101313 0.233333
1 0.272983 0.558333 0.076923 0.210000
1 0.217636 0.518333 0.037523 0.163333
1 0.186679 0.498333 0.028143 0.150000
1 0.161351 0.486667 0.026266 0.140000
1 0.131332 0.473333 0.037523 0.146667
1 0.101313 0.450000 0.022514 0.120000
1 0.080675 0.435000 0.018762 0.116667
1 0.061914 0.425000 0.018762 0.110000
1 0.045028 0.415000 0.015009 0.103333
1 0.028143 0.403333 0.022514 0.100000
1 0.930582 0.571667 0.138837 0.456667
1 0.837711 0.533333 0.313321 0.406667
1 0.688555 0.476667 0.255159 0.333333
1 0.487805 0.450000 0.146341 0.273333
1 0.377111 0.421667 0.090056 0.223333
1 0.307692 0.403333 0.052533 0.200000
1 0.258912 0.386667 0.048780 0.186667
1 0.204503 0.373333 0.060038 0.166667
1 0.161351 0.350000 0.030019 0.133333
1 0.111632 0.343333 0.073171 0.140000
1 0.050657 0.321667 0.056285 0.110000
1 0.014071 0.310000 0.020638 0.093333
1 0.710131 0.960000 0.084428 0.080000
1 0.610694 0.911667 0.125704 0.176667
1 0.481238 0.863333 0.136961 0.273333
1 0.378987 0.806667 0.071295 0.226667
1 0.317073 0.753333 0.056285 0.220000
1 0.264540 0.705000 0.048780 0.196667
1 0.215760 0.663333 0.056285 0.193333
1 0.172608 0.625000 0.033771 0.143333
1 0.138837 0.593333 0.045028 0.160000
1 0.102251 0.556667 0.031895 0.133333
1 0.071295 0.530000 0.030019 0.113333
1 0.047842 0.508333 0.024390 0.103333
1 0.026266 0.491667 0.022514 0.090000
1 0.452158 0.960000 0.082552 0.080000
1 0.363039 0.916667 0.099437 0.166667
1 0.279550 0.878333 0.071295 0.236667
1 0.625704 0.181667 0.238274 0.296667
1 0.226079 0.810000 0.039400 0.180000
1 0.191370 0.765000 0.030019 0.150000
1 0.165103 0.736667 0.030019 0.146667
1 0.137899 0.703333 0.024390 0.126667
1 0.114447 0.670000 0.026266 0.126667
1 0.092871 0.645000 0.024390 0.123333
1 0.074109 0.620000 0.020638 0.113333
1 0.058161 0.600000 0.018762 0.106667
1 0.038462 0.581667 0.024390 0.103333
1 0.022514 0.565000 0.015009 0.090000
1 0.843340 0.190000 0.189493 0.286667
1 0.962477 0.203333 0.075047 0.280000
1 0.969043 0.038333 0.061914 0.076667
1 0.875235 0.036667 0.125704 0.073333
1 0.757974 0.035000 0.108818 0.070000
1 0.662289 0.030000 0.086304 0.060000
1 0.569418 0.026667 0.080675 0.053333
1 0.428705 0.051667 0.185741 0.103333
1 0.460600 0.193333 0.099437 0.266667
1 0.355535 0.196667 0.110694 0.233333
1 0.266417 0.206667 0.075047 0.186667
1 0.207317 0.206667 0.046904 0.173333
1 0.173546 0.213333 0.028143 0.160000
1 0.143527 0.208333 0.031895 0.150000
1 0.117261 0.211667 0.031895 0.136667
1 0.090056 0.213333 0.026266 0.120000
1 0.066604 0.210000 0.020638 0.113333
1 0.045966 0.211667 0.028143 0.110000
1 0.023452 0.213333 0.024390 0.106667
1 0.009381 0.216667 0.015009 0.100000
1 0.262664 0.068333 0.157598 0.136667
1 0.127580 0.090000 0.116323 0.126667
1 0.042214 0.115000 0.058161 0.096667
1 0.007505 0.513333 0.011257 0.073333
