1 0.079247 0.131103 0.158495 0.181794
1 0.261588 0.101031 0.224742 0.200000
1 0.509526 0.089175 0.271134 0.178351
1 0.818804 0.073711 0.341237 0.145361
1 0.817258 0.229381 0.340206 0.240206
1 0.512619 0.256701 0.269072 0.212371
1 0.273443 0.275258 0.229897 0.191753
1 0.082856 0.290031 0.165711 0.175938
1 0.088907 0.504124 0.174227 0.158763
1 0.090969 0.648969 0.170103 0.149485
1 0.279113 0.668557 0.206186 0.182474
1 0.275505 0.505155 0.205155 0.177320
1 0.507464 0.512371 0.258763 0.200000
1 0.801278 0.523711 0.339175 0.220619
1 0.803856 0.732990 0.325773 0.239175
1 0.508495 0.700515 0.256701 0.211340
1 0.122412 0.910825 0.197938 0.174227
1 0.305918 0.922680 0.226804 0.150515
1 0.521639 0.949000 0.259278 0.098000
1 0.674000 0.977351 0.076000 0.041299
1 0.033371 0.899485 0.066742 0.149485
