1 0.171194 0.093183 0.340278 0.185324
1 0.142375 0.187927 0.284028 0.036440
1 0.493417 0.089018 0.348611 0.176995
1 0.164597 0.319892 0.328472 0.258725
1 0.448278 0.192091 0.330556 0.028111
1 0.487861 0.324838 0.406944 0.262369
1 0.823139 0.094484 0.349722 0.187927
1 0.832306 0.335770 0.330556 0.287356
1 0.824875 0.523957 0.346250 0.170227
1 0.468783 0.519272 0.349345 0.157734
1 0.946056 0.668416 0.103889 0.123896
1 0.780222 0.627343 0.323611 0.140450
1 0.456264 0.644730 0.324306 0.128582
1 0.925917 0.757954 0.144167 0.120773
1 0.755917 0.716048 0.275000 0.125458
1 0.730917 0.786586 0.261111 0.156172
1 0.717722 0.888618 0.244444 0.086415
1 0.696889 0.937552 0.208333 0.048934
1 0.489597 0.928702 0.215972 0.069757
1 0.479528 0.888098 0.241667 0.079127
1 0.476750 0.817820 0.265278 0.092662
1 0.474667 0.744680 0.284722 0.090059
1 0.154107 0.527843 0.306509 0.157909
1 0.160615 0.636072 0.319527 0.136618
1 0.200852 0.736762 0.293491 0.089600
1 0.033988 0.705712 0.063905 0.139279
1 0.054107 0.802409 0.106509 0.160571
1 0.083692 0.875154 0.165680 0.132182
1 0.097893 0.951004 0.194083 0.094036
1 0.228663 0.812133 0.266272 0.084277
1 0.250824 0.879146 0.233879 0.067422
1 0.284408 0.935655 0.218776 0.051403
