1 0.067000 0.104000 0.134000 0.192000
1 0.253000 0.111000 0.250000 0.202000
1 0.530000 0.108000 0.320000 0.216000
1 0.855000 0.107000 0.286000 0.214000
1 0.075000 0.287000 0.150000 0.174000
1 0.276000 0.302000 0.272000 0.192000
1 0.562000 0.303000 0.304000 0.234000
1 0.859000 0.316000 0.278000 0.204000
1 0.866000 0.518000 0.268000 0.196000
1 0.870000 0.706000 0.256000 0.204000
1 0.860000 0.880000 0.276000 0.232000
1 0.598000 0.471000 0.276000 0.246000
1 0.606000 0.681000 0.268000 0.182000
1 0.599000 0.823000 0.250000 0.154000
1 0.309000 0.480000 0.286000 0.184000
1 0.311000 0.642000 0.290000 0.180000
1 0.325000 0.766000 0.262000 0.192000
1 0.086000 0.463000 0.172000 0.166000
1 0.085000 0.621000 0.170000 0.162000
1 0.099000 0.760000 0.198000 0.148000
