1 0.242115 0.034611 0.321154 0.051917
1 0.565192 0.052457 0.305769 0.063814
1 0.248846 0.078956 0.326923 0.056243
1 0.557500 0.094640 0.305769 0.046509
1 0.249808 0.126547 0.317308 0.060569
1 0.553654 0.135199 0.301923 0.058406
1 0.041731 0.028186 0.083462 0.049624
1 0.043077 0.073548 0.084615 0.051917
1 0.046538 0.121139 0.093077 0.054080
1 0.051346 0.168729 0.102692 0.049753
1 0.340192 0.206585 0.398077 0.099507
1 0.722885 0.209830 0.375000 0.101670
1 0.346923 0.297980 0.384615 0.089772
1 0.715192 0.298520 0.359615 0.086528
1 0.349808 0.387211 0.371154 0.082201
1 0.707500 0.383426 0.355769 0.085446
1 0.354615 0.464004 0.365385 0.082201
1 0.695962 0.461301 0.344231 0.076793
1 0.351731 0.539175 0.344231 0.078956
1 0.689231 0.532686 0.319231 0.063814
1 0.288269 0.613265 0.225000 0.077875
1 0.509423 0.604612 0.221154 0.073548
1 0.726731 0.599745 0.217308 0.070304
1 0.295962 0.678701 0.232692 0.072467
1 0.510385 0.666263 0.203846 0.067059
1 0.714231 0.663559 0.203846 0.061651
1 0.301731 0.740893 0.217308 0.075712
1 0.509423 0.730618 0.201923 0.068141
1 0.710385 0.721965 0.203846 0.057325
1 0.301731 0.798758 0.205769 0.063814
1 0.512308 0.787402 0.203846 0.067059
1 0.710385 0.774422 0.196154 0.058406
1 0.308462 0.853920 0.203846 0.061651
1 0.517115 0.842022 0.201923 0.063814
1 0.709423 0.829043 0.175000 0.061651
1 0.250769 0.170351 0.319231 0.050835
1 0.055577 0.210911 0.105769 0.047590
1 0.123846 0.214156 0.042308 0.043264
1 0.057115 0.253093 0.114231 0.045427
1 0.126731 0.253093 0.044231 0.041101
1 0.054231 0.292031 0.108462 0.038937
1 0.146923 0.294735 0.034615 0.044345
1 0.085385 0.362335 0.165385 0.110323
1 0.093077 0.459678 0.176923 0.095180
1 0.088846 0.544562 0.177692 0.089729
1 0.092115 0.631652 0.182692 0.080038
1 0.095000 0.692762 0.184615 0.055161
1 0.099423 0.802544 0.198846 0.196850
