1 0.366638 0.212430 0.733275 0.278539
1 0.150667 0.050311 0.289855 0.039170
1 0.015884 0.244527 0.028986 0.157766
1 0.852594 0.223310 0.290812 0.278539
1 0.143420 0.427319 0.275362 0.236106
1 0.391971 0.449080 0.276812 0.205640
1 0.674580 0.432215 0.282609 0.237194
1 0.889551 0.467685 0.216899 0.220655
1 0.329652 0.621535 0.584058 0.213257
1 0.805493 0.634047 0.385014 0.203464
1 0.330377 0.805414 0.550725 0.167559
1 0.793420 0.784741 0.404348 0.176263
1 0.031130 0.522523 0.062261 0.121861
1 0.026754 0.613918 0.050725 0.069635
1 0.034754 0.673021 0.069507 0.066762
1 0.039101 0.731982 0.078203 0.064565
