1 0.053000 0.025333 0.078000 0.050667
1 0.129000 0.025333 0.074000 0.050667
1 0.215000 0.030667 0.098000 0.061333
1 0.332000 0.069333 0.136000 0.133333
1 0.050000 0.096000 0.076000 0.090667
1 0.125000 0.097333 0.078000 0.093333
1 0.217000 0.098667 0.094000 0.096000
1 0.329000 0.108000 0.134000 0.088000
1 0.411000 0.022667 0.110000 0.045333
1 0.421000 0.077333 0.082000 0.064000
1 0.429000 0.128000 0.066000 0.042667
1 0.561000 0.044000 0.198000 0.066667
1 0.561000 0.117333 0.198000 0.085333
1 0.700000 0.026667 0.056000 0.053333
1 0.698000 0.086667 0.056000 0.066667
1 0.686000 0.138667 0.052000 0.048000
1 0.875000 0.030667 0.210000 0.061333
1 0.865000 0.101333 0.210000 0.080000
1 0.019000 0.218667 0.038000 0.149333
1 0.081000 0.221333 0.086000 0.149333
1 0.167000 0.221333 0.086000 0.154667
1 0.256000 0.224000 0.092000 0.149333
1 0.342000 0.228000 0.080000 0.146667
1 0.423000 0.228000 0.086000 0.152000
1 0.508000 0.229333 0.084000 0.149333
1 0.591000 0.230667 0.090000 0.146667
1 0.673000 0.232000 0.086000 0.144000
1 0.773000 0.221333 0.118000 0.170667
1 0.873000 0.222667 0.094000 0.168000
1 0.955000 0.242667 0.090000 0.122667
1 0.043000 0.420000 0.086000 0.253333
1 0.144000 0.420000 0.116000 0.242667
1 0.252000 0.421333 0.112000 0.250667
1 0.371000 0.422667 0.110000 0.242667
1 0.486000 0.422667 0.112000 0.237333
1 0.595000 0.424000 0.114000 0.240000
1 0.706000 0.422667 0.116000 0.237333
1 0.819000 0.425333 0.122000 0.242667
1 0.934000 0.422667 0.120000 0.242667
1 0.042000 0.662667 0.080000 0.242667
1 0.147000 0.662667 0.110000 0.242667
1 0.257000 0.665333 0.118000 0.248000
1 0.372000 0.668000 0.116000 0.248000
1 0.487000 0.662667 0.110000 0.237333
1 0.599000 0.666667 0.110000 0.240000
1 0.711000 0.668000 0.110000 0.237333
1 0.826000 0.670667 0.116000 0.237333
1 0.936000 0.666667 0.116000 0.245333
1 0.044000 0.889333 0.088000 0.216000
1 0.143000 0.889333 0.110000 0.216000
1 0.254000 0.893333 0.112000 0.213333
1 0.370000 0.893333 0.124000 0.213333
1 0.491000 0.890667 0.110000 0.218667
1 0.599000 0.893333 0.110000 0.213333
1 0.710000 0.890667 0.112000 0.218667
1 0.820000 0.893333 0.116000 0.213333
1 0.929000 0.894667 0.118000 0.210667
