1 0.817000 0.835443 0.298000 0.177215
1 0.513000 0.841772 0.310000 0.179747
1 0.183000 0.860759 0.358000 0.202532
1 0.170000 0.675949 0.340000 0.182278
1 0.501000 0.669620 0.314000 0.174684
1 0.808000 0.669620 0.292000 0.174684
1 0.805000 0.505063 0.286000 0.159494
1 0.797000 0.336709 0.278000 0.167089
1 0.500000 0.497468 0.316000 0.174684
1 0.172000 0.492405 0.336000 0.184810
1 0.173000 0.307595 0.346000 0.205063
1 0.502000 0.324051 0.312000 0.182278
1 0.361000 0.136709 0.334000 0.207595
1 0.672000 0.165823 0.288000 0.184810
