1 0.630248 0.197933 0.337209 0.346253
1 0.841876 0.235659 0.100000 0.297674
1 0.730248 0.501292 0.320155 0.316279
1 0.727147 0.797416 0.327907 0.362791
1 0.713473 0.954481 0.314946 0.085705
1 0.477535 0.503359 0.225581 0.293540
1 0.424434 0.236693 0.100775 0.248062
1 0.414744 0.731783 0.096899 0.262532
1 0.520946 0.773643 0.120155 0.296641
1 0.447302 0.902801 0.228682 0.189065
1 0.335287 0.237726 0.193798 0.237726
1 0.334899 0.468217 0.076744 0.227390
1 0.239163 0.447028 0.122481 0.209819
1 0.201566 0.631525 0.051938 0.206718
1 0.296915 0.674935 0.151163 0.268734
1 0.315519 0.887339 0.055039 0.213953
1 0.222884 0.840310 0.136434 0.262532
1 0.113581 0.774160 0.124031 0.231525
1 0.082961 0.608269 0.127907 0.162274
1 0.032574 0.737468 0.041085 0.162274
1 0.151178 0.300775 0.084496 0.175711
1 0.126372 0.465633 0.041085 0.172610
1 0.162031 0.477003 0.034884 0.180879
1 0.161643 0.618605 0.029457 0.125065
1 0.216682 0.246512 0.048062 0.195349
