1 0.349372 0.011719 0.476987 0.014063
1 0.229079 0.063281 0.228033 0.101562
1 0.468619 0.059375 0.234310 0.100000
1 0.698745 0.071094 0.242678 0.135937
1 0.905858 0.057813 0.184100 0.109375
1 0.841004 0.160156 0.313808 0.107813
1 0.576360 0.160938 0.240586 0.103125
1 0.280335 0.164062 0.351464 0.106250
1 0.215481 0.275000 0.234310 0.125000
1 0.450837 0.267969 0.240586 0.110937
1 0.683054 0.268750 0.232218 0.109375
1 0.896444 0.267969 0.202929 0.107813
1 0.195607 0.467187 0.257322 0.112500
1 0.442469 0.462500 0.240586 0.112500
1 0.682008 0.459375 0.238494 0.115625
1 0.898536 0.457031 0.198745 0.110937
1 0.839958 0.568750 0.315900 0.112500
1 0.558577 0.571094 0.251046 0.114062
1 0.257322 0.578125 0.372385 0.125000
1 0.175732 0.686719 0.255230 0.120313
1 0.424686 0.682813 0.246862 0.112500
1 0.668410 0.677344 0.253138 0.110937
1 0.897490 0.672656 0.205021 0.110937
1 0.819038 0.778906 0.341004 0.110937
1 0.531381 0.770312 0.234310 0.143750
1 0.231172 0.798438 0.357741 0.112500
1 0.162134 0.889844 0.240586 0.098437
1 0.401674 0.874219 0.246862 0.157812
1 0.382845 0.974219 0.025105 0.048438
1 0.321130 0.975000 0.060669 0.046875
1 0.528243 0.966406 0.228033 0.064062
1 0.642259 0.877344 0.234310 0.129688
1 0.810669 0.962500 0.332636 0.075000
1 0.867155 0.878906 0.215481 0.107813
