1 0.368000 0.363568 0.360000 0.145427
1 0.658000 0.432534 0.224000 0.313343
1 0.354000 0.504498 0.360000 0.148426
1 0.343000 0.640180 0.362000 0.158921
1 0.653000 0.732384 0.214000 0.310345
1 0.956000 0.445277 0.088000 0.167916
1 0.949000 0.632684 0.102000 0.236882
1 0.944000 0.814093 0.112000 0.266867
1 0.136000 0.405547 0.108000 0.040480
1 0.122000 0.480510 0.120000 0.109445
1 0.032000 0.478261 0.064000 0.107946
1 0.087000 0.600450 0.174000 0.142429
1 0.078000 0.727886 0.156000 0.136432
1 0.353000 0.778861 0.362000 0.169415
