1 0.082366 0.191071 0.164732 0.379762
1 0.380357 0.181845 0.493750 0.363690
1 0.800339 0.172917 0.395321 0.345833
1 0.087723 0.533036 0.174554 0.332738
1 0.360938 0.507738 0.440625 0.352381
1 0.768304 0.490179 0.419643 0.335119
1 0.955473 0.464619 0.085054 0.294571
1 0.927795 0.726929 0.140411 0.248524
1 0.724107 0.761012 0.370536 0.275595
1 0.366964 0.797917 0.377679 0.305357
1 0.101339 0.813095 0.201786 0.285714
1 0.105000 0.962952 0.210000 0.068762
1 0.371205 0.948667 0.329018 0.097333
1 0.687661 0.918905 0.319321 0.156857
1 0.880661 0.916524 0.133321 0.161619
1 0.970831 0.831568 0.054338 0.315531
1 0.946887 0.927211 0.102225 0.140244
