1 0.892000 0.607196 0.204000 0.236882
1 0.692000 0.610195 0.200000 0.233883
1 0.498000 0.611694 0.192000 0.230885
1 0.302000 0.614693 0.196000 0.230885
1 0.900000 0.849325 0.192000 0.247376
1 0.700000 0.851574 0.212000 0.248876
1 0.496000 0.853073 0.200000 0.251874
1 0.295000 0.854573 0.198000 0.248876
1 0.099000 0.853073 0.194000 0.251874
1 0.103000 0.613193 0.198000 0.233883
1 0.910000 0.374063 0.180000 0.229385
1 0.724000 0.375562 0.192000 0.223388
1 0.531000 0.381559 0.190000 0.223388
1 0.336000 0.385307 0.192000 0.221889
1 0.143000 0.383058 0.202000 0.226387
1 0.896000 0.151424 0.204000 0.221889
1 0.707000 0.160420 0.206000 0.221889
1 0.515000 0.163418 0.198000 0.218891
1 0.328000 0.163418 0.192000 0.218891
1 0.140000 0.164918 0.184000 0.224888
