1 0.170000 0.233133 0.308000 0.235382
1 0.468000 0.238381 0.316000 0.245877
1 0.754000 0.243628 0.284000 0.247376
1 0.713000 0.469265 0.318000 0.236882
1 0.709000 0.653673 0.234000 0.167916
1 0.681000 0.820840 0.262000 0.199400
1 0.430000 0.455772 0.280000 0.215892
1 0.426000 0.805097 0.236000 0.167916
1 0.458000 0.646177 0.260000 0.185907
1 0.215000 0.782609 0.198000 0.140930
1 0.202000 0.621439 0.264000 0.202399
1 0.191000 0.440030 0.230000 0.193403
1 0.925000 0.191904 0.094000 0.080960
1 0.978000 0.191904 0.040000 0.080960
1 0.975000 0.272864 0.050000 0.077961
1 0.900000 0.343328 0.088000 0.074963
1 0.892000 0.410795 0.064000 0.071964
1 0.957000 0.417541 0.086000 0.079460
1 0.966000 0.347826 0.068000 0.080960
1 0.914000 0.270615 0.100000 0.076462
