1 0.513563 0.183701 0.401839 0.286753
1 0.169655 0.179048 0.317241 0.249186
1 0.369092 0.029576 0.508300 0.058722
1 0.252158 0.404744 0.438129 0.234056
1 0.027878 0.183362 0.054317 0.227045
1 0.063171 0.035457 0.121141 0.070315
1 0.035016 0.391839 0.068770 0.196274
1 0.050000 0.563756 0.098738 0.194382
1 0.056625 0.702921 0.112618 0.178066
1 0.066719 0.817021 0.132808 0.168370
1 0.075237 0.916340 0.149842 0.160803
1 0.231230 0.812646 0.235962 0.160566
1 0.283601 0.917450 0.300965 0.162102
1 0.479030 0.884377 0.262331 0.172792
1 0.273613 0.713998 0.367916 0.214211
1 0.200450 0.565534 0.259970 0.198252
1 0.471908 0.607826 0.305038 0.214473
1 0.665789 0.444252 0.388947 0.256056
1 0.603366 0.784110 0.299018 0.192611
1 0.751153 0.927098 0.302305 0.142805
1 0.551320 0.966325 0.241102 0.064352
1 0.864877 0.854861 0.266246 0.215208
1 0.805477 0.665070 0.385046 0.236848
1 0.905055 0.470026 0.185466 0.255086
1 0.841970 0.191154 0.312060 0.316342
1 0.809800 0.023913 0.376400 0.047826
