1 0.024000 0.266667 0.048000 0.042667
1 0.042000 0.296000 0.052000 0.026667
1 0.101000 0.296000 0.066000 0.026667
1 0.009000 0.298667 0.018000 0.026667
1 0.178000 0.300000 0.048000 0.018667
1 0.103000 0.318667 0.066000 0.024000
1 0.018000 0.321333 0.036000 0.024000
1 0.055000 0.321333 0.038000 0.024000
1 0.175000 0.321333 0.078000 0.024000
1 0.017000 0.342667 0.034000 0.018667
1 0.012000 0.374667 0.024000 0.045333
1 0.049000 0.362667 0.042000 0.026667
1 0.049000 0.385333 0.046000 0.024000
1 0.106000 0.345333 0.060000 0.029333
1 0.180000 0.341333 0.084000 0.026667
1 0.053000 0.414667 0.042000 0.040000
1 0.016000 0.414667 0.032000 0.040000
1 0.052000 0.456000 0.048000 0.042667
1 0.015000 0.458667 0.030000 0.048000
1 0.175000 0.426667 0.202000 0.170667
1 0.173000 0.580000 0.206000 0.173333
1 0.165000 0.725333 0.206000 0.154667
1 0.174000 0.846667 0.196000 0.168000
1 0.209000 0.940000 0.182000 0.120000
1 0.339000 0.085333 0.174000 0.149333
1 0.366000 0.229333 0.224000 0.149333
1 0.384000 0.373333 0.224000 0.149333
1 0.386000 0.513333 0.224000 0.141333
1 0.385000 0.648000 0.218000 0.138667
1 0.375000 0.768000 0.218000 0.128000
1 0.400000 0.889333 0.216000 0.152000
1 0.515000 0.081333 0.170000 0.146667
1 0.603000 0.225333 0.226000 0.146667
1 0.617000 0.370667 0.226000 0.144000
1 0.614000 0.506667 0.220000 0.138667
1 0.618000 0.638667 0.216000 0.130667
1 0.601000 0.760000 0.214000 0.144000
1 0.620000 0.878667 0.212000 0.152000
1 0.680000 0.081333 0.164000 0.141333
1 0.843000 0.086667 0.166000 0.130667
1 0.831000 0.226667 0.222000 0.149333
1 0.844000 0.372000 0.224000 0.141333
1 0.841000 0.506667 0.218000 0.133333
1 0.832000 0.637333 0.216000 0.133333
1 0.838000 0.753333 0.228000 0.157333
1 0.830000 0.884000 0.208000 0.114667
