1 0.018488 0.344899 0.036977 0.168868
1 0.042016 0.341602 0.022481 0.166408
1 0.105969 0.295090 0.117829 0.251163
1 0.103643 0.522481 0.099225 0.234625
1 0.039690 0.513178 0.041085 0.182946
1 0.013450 0.510078 0.026899 0.164341
1 0.211783 0.376744 0.117054 0.201550
1 0.222636 0.155039 0.120155 0.310078
1 0.210233 0.580362 0.115504 0.205685
1 0.407519 0.654264 0.283721 0.316279
1 0.465659 0.263566 0.196899 0.471318
1 0.329225 0.310078 0.131783 0.372093
1 0.336589 0.094574 0.123256 0.180879
1 0.480388 0.063566 0.172093 0.120930
1 0.761395 0.082687 0.393023 0.161240
1 0.775240 0.254667 0.445519 0.509333
1 0.773023 0.743628 0.448837 0.507411
