1 0.809091 0.502273 0.272727 0.204545
1 0.478788 0.500000 0.436364 0.181818
1 0.148485 0.486364 0.296970 0.145455
1 0.306061 0.672727 0.224242 0.218182
1 0.481818 0.700000 0.260606 0.263636
1 0.693939 0.736364 0.296970 0.300000
1 0.906061 0.761364 0.187879 0.313636
1 0.951515 0.502273 0.096970 0.213636
1 0.145455 0.652273 0.230303 0.204545
1 0.054545 0.631818 0.109091 0.190909
1 0.760606 0.288636 0.393939 0.240909
1 0.969697 0.272727 0.060606 0.254545
1 0.457576 0.340909 0.272727 0.154545
1 0.242424 0.352273 0.242424 0.131818
1 0.081818 0.361364 0.163636 0.122727
1 0.296970 0.220455 0.363636 0.168182
1 0.718182 0.145455 0.539394 0.263636
1 0.075758 0.256818 0.151515 0.122727
1 0.178788 0.168182 0.090909 0.045455
1 0.312121 0.150000 0.212121 0.090909
1 0.481818 0.061364 0.321212 0.122727
1 0.233333 0.100000 0.187879 0.109091
1 0.566667 0.095455 0.296970 0.090909
