1 0.030000 0.159898 0.060000 0.116751
1 0.066000 0.153553 0.092000 0.114213
1 0.160000 0.162437 0.100000 0.106599
1 0.230000 0.164975 0.112000 0.091371
1 0.352000 0.163706 0.132000 0.109137
1 0.013000 0.315990 0.026000 0.200508
1 0.095000 0.310914 0.146000 0.210660
1 0.021000 0.507614 0.042000 0.187817
1 0.106000 0.506345 0.140000 0.190355
1 0.236000 0.305838 0.148000 0.205584
1 0.242000 0.507614 0.144000 0.197970
1 0.251000 0.700508 0.142000 0.192893
1 0.118000 0.696701 0.144000 0.190355
1 0.024000 0.692893 0.048000 0.192893
1 0.025000 0.892132 0.050000 0.215736
1 0.119000 0.894670 0.142000 0.210660
1 0.257000 0.894670 0.138000 0.210660
1 0.395000 0.315990 0.170000 0.205584
1 0.394000 0.517766 0.168000 0.203046
1 0.394000 0.714467 0.152000 0.195431
1 0.395000 0.904822 0.146000 0.190355
1 0.569000 0.319797 0.182000 0.213198
1 0.565000 0.520305 0.186000 0.223350
1 0.561000 0.713198 0.186000 0.223350
1 0.559000 0.894670 0.186000 0.210660
1 0.733000 0.313452 0.154000 0.190355
1 0.730000 0.505076 0.152000 0.203046
1 0.730000 0.691624 0.152000 0.205584
1 0.726000 0.876904 0.160000 0.210660
1 0.839000 0.281726 0.062000 0.086294
1 0.835000 0.401015 0.058000 0.152284
1 0.838000 0.539340 0.064000 0.129442
1 0.841000 0.680203 0.070000 0.172589
1 0.841000 0.847716 0.074000 0.172589
1 0.928000 0.290609 0.072000 0.093909
1 0.928000 0.384518 0.072000 0.093909
1 0.909000 0.484772 0.074000 0.106599
1 0.913000 0.587563 0.078000 0.104061
