1 0.117222 0.241636 0.234444 0.166646
1 0.382593 0.243199 0.329630 0.165604
1 0.703889 0.237470 0.305556 0.177061
1 0.922704 0.241532 0.150593 0.158105
1 0.890296 0.390951 0.215407 0.138233
1 0.661296 0.398388 0.287037 0.140607
1 0.258889 0.398409 0.517778 0.148898
1 0.121852 0.529642 0.243704 0.130150
1 0.398333 0.532746 0.301852 0.119777
1 0.677963 0.523893 0.261111 0.127067
1 0.899556 0.523164 0.196889 0.123526
1 0.890296 0.637608 0.215407 0.112111
1 0.666852 0.639503 0.246296 0.127067
1 0.269074 0.652523 0.538148 0.123943
1 0.126481 0.760197 0.252963 0.103904
1 0.417778 0.750948 0.262963 0.099988
1 0.663148 0.738970 0.238889 0.101029
1 0.887519 0.739491 0.220963 0.102071
1 0.874556 0.831667 0.246889 0.096863
1 0.640000 0.837916 0.248148 0.107278
1 0.259815 0.856664 0.519630 0.111444
1 0.138148 0.948319 0.233333 0.088531
1 0.390926 0.939987 0.279630 0.098946
1 0.636296 0.930613 0.225926 0.096863
1 0.864370 0.924926 0.267259 0.104070
