1 0.469000 0.280000 0.194000 0.218667
1 0.221000 0.281333 0.238000 0.226667
1 0.888000 0.493333 0.180000 0.229333
1 0.760000 0.490667 0.172000 0.229333
1 0.638000 0.492000 0.144000 0.226667
1 0.510000 0.492000 0.132000 0.226667
1 0.896000 0.704000 0.136000 0.192000
1 0.769000 0.704000 0.134000 0.197333
1 0.640000 0.705333 0.132000 0.200000
1 0.888000 0.892000 0.128000 0.184000
1 0.764000 0.898667 0.132000 0.192000
1 0.638000 0.898667 0.128000 0.192000
1 0.509000 0.706667 0.130000 0.197333
1 0.509000 0.898667 0.126000 0.186667
1 0.377000 0.489333 0.134000 0.221333
1 0.381000 0.701333 0.130000 0.197333
1 0.384000 0.893333 0.124000 0.186667
1 0.255000 0.896000 0.138000 0.192000
1 0.250000 0.700000 0.136000 0.200000
1 0.244000 0.496000 0.140000 0.208000
1 0.110000 0.489333 0.148000 0.221333
1 0.119000 0.701333 0.142000 0.197333
1 0.126000 0.893333 0.128000 0.192000
