1 0.181000 0.040000 0.250000 0.080000
1 0.424000 0.045333 0.240000 0.090667
1 0.691000 0.061333 0.294000 0.122667
1 0.123000 0.142667 0.246000 0.210667
1 0.321000 0.156000 0.170000 0.157333
1 0.118000 0.305333 0.236000 0.146667
1 0.099000 0.430667 0.198000 0.125333
1 0.096000 0.624000 0.132000 0.261333
1 0.263000 0.517333 0.282000 0.282667
1 0.314000 0.298667 0.156000 0.154667
1 0.540000 0.218667 0.316000 0.261333
1 0.102000 0.817333 0.204000 0.365333
1 0.274000 0.712000 0.260000 0.117333
1 0.293000 0.821333 0.242000 0.106667
1 0.538000 0.432000 0.296000 0.165333
1 0.547000 0.577333 0.274000 0.146667
1 0.531000 0.704000 0.254000 0.149333
1 0.536000 0.816000 0.244000 0.122667
1 0.838000 0.208000 0.324000 0.277333
1 0.827000 0.430667 0.310000 0.173333
1 0.819000 0.578667 0.286000 0.160000
1 0.787000 0.716000 0.270000 0.136000
1 0.824000 0.889333 0.348000 0.221333
1 0.035000 0.026667 0.046000 0.053333
1 0.899000 0.093333 0.126000 0.069333
