1 0.540326 0.177778 0.216279 0.217054
1 0.389938 0.194832 0.110853 0.189147
1 0.548853 0.365891 0.208527 0.210853
1 0.405442 0.368475 0.104651 0.164341
1 0.679860 0.547287 0.200775 0.261499
1 0.521333 0.551938 0.131783 0.196382
1 0.312419 0.500775 0.104651 0.191214
1 0.406217 0.529199 0.109302 0.177778
1 0.805442 0.746770 0.200775 0.300775
1 0.636062 0.747287 0.136434 0.206718
1 0.508543 0.714212 0.131008 0.200517
1 0.407767 0.677519 0.096899 0.168475
1 0.317457 0.654780 0.105426 0.162274
1 0.318620 0.788630 0.093798 0.169509
1 0.405442 0.813437 0.095349 0.161240
1 0.509318 0.828424 0.121705 0.120930
1 0.638388 0.899700 0.141085 0.195266
1 0.795752 0.921406 0.173643 0.151855
1 0.071721 0.243411 0.142636 0.125065
1 0.089163 0.349354 0.141860 0.124031
1 0.106217 0.444961 0.135659 0.118863
1 0.119783 0.539535 0.128682 0.121964
1 0.119008 0.637209 0.094574 0.102326
1 0.213194 0.629974 0.118605 0.168475
1 0.214744 0.472868 0.109302 0.147804
1 0.222109 0.342119 0.155039 0.126098
1 0.407767 0.530233 0.107752 0.175711
