1 0.497000 0.186186 0.130000 0.174174
1 0.431000 0.354354 0.134000 0.168168
1 0.561000 0.355856 0.130000 0.165165
1 0.366000 0.510511 0.132000 0.186186
1 0.500000 0.521021 0.136000 0.165165
1 0.306000 0.666667 0.132000 0.192192
1 0.437000 0.683183 0.134000 0.165165
1 0.242000 0.824324 0.136000 0.207207
1 0.376000 0.842342 0.132000 0.165165
1 0.506000 0.846847 0.132000 0.162162
1 0.632000 0.515015 0.132000 0.183183
1 0.700000 0.671171 0.132000 0.195195
1 0.570000 0.684685 0.132000 0.162162
1 0.636000 0.839339 0.128000 0.177177
1 0.764000 0.825826 0.132000 0.204204
1 0.780000 0.192192 0.064000 0.078078
1 0.777000 0.270270 0.066000 0.084084
1 0.775000 0.340841 0.074000 0.063063
1 0.777000 0.399399 0.074000 0.096096
1 0.782000 0.469970 0.060000 0.069069
1 0.780000 0.513514 0.056000 0.072072
1 0.904000 0.154655 0.136000 0.111111
1 0.901000 0.247748 0.138000 0.081081
1 0.894000 0.328829 0.132000 0.105105
1 0.860000 0.409910 0.068000 0.081081
1 0.924000 0.396396 0.056000 0.120120
1 0.974000 0.405405 0.048000 0.138138
1 0.914000 0.492492 0.048000 0.090090
1 0.964000 0.504505 0.060000 0.108108
1 0.907000 0.602102 0.050000 0.159159
1 0.960000 0.627628 0.076000 0.180180
