1 0.126348 0.309899 0.252697 0.154106
1 0.131323 0.448987 0.262647 0.132398
1 0.133811 0.572685 0.267622 0.125721
1 0.165652 0.726122 0.331303 0.221054
1 0.426328 0.636861 0.237811 0.134312
1 0.394985 0.553196 0.264677 0.114724
1 0.392000 0.426439 0.280597 0.147743
1 0.360657 0.294646 0.245771 0.124798
1 0.603940 0.296325 0.230846 0.101293
1 0.605930 0.385026 0.224876 0.091780
1 0.614388 0.470650 0.168159 0.083945
1 0.650706 0.567187 0.242786 0.123679
1 0.838269 0.560471 0.239801 0.121440
1 0.789512 0.464494 0.188060 0.082825
1 0.806925 0.382228 0.185075 0.087303
1 0.812896 0.293247 0.195025 0.092899
1 0.800955 0.193633 0.252736 0.106330
