1 0.150696 0.158204 0.301391 0.089086
1 0.422406 0.133759 0.256522 0.142320
1 0.683275 0.158747 0.256522 0.140147
1 0.693420 0.307585 0.271014 0.157530
1 0.384000 0.288573 0.347826 0.171653
1 0.116609 0.280425 0.227536 0.257480
1 0.103565 0.478695 0.201449 0.173826
1 0.372406 0.463486 0.342029 0.184690
1 0.705014 0.473807 0.291304 0.168394
1 0.080406 0.669318 0.160812 0.109641
1 0.247043 0.750299 0.326087 0.195554
1 0.039101 0.841014 0.078203 0.242270
1 0.565159 0.672620 0.336232 0.118419
1 0.534000 0.781262 0.291304 0.109728
1 0.229652 0.902940 0.311594 0.120592
1 0.170261 0.976859 0.340522 0.040284
1 0.515884 0.910545 0.278261 0.172740
1 0.727478 0.894249 0.188406 0.207505
