1 0.120510 0.123377 0.173086 0.203463
1 0.290346 0.109307 0.164960 0.194805
1 0.456932 0.135823 0.160085 0.198052
1 0.615797 0.109307 0.177149 0.203463
1 0.792540 0.108225 0.176337 0.203463
1 0.128230 0.313853 0.167398 0.186147
1 0.290346 0.300325 0.168211 0.204545
1 0.456932 0.325216 0.168211 0.174242
1 0.622704 0.299784 0.169836 0.199134
1 0.788883 0.306818 0.167398 0.193723
1 0.131481 0.495671 0.164148 0.192641
1 0.294003 0.489719 0.165773 0.202381
1 0.457338 0.502165 0.160897 0.166667
1 0.622298 0.495130 0.170648 0.195887
1 0.790915 0.497294 0.174712 0.191558
1 0.136356 0.673160 0.160897 0.177489
1 0.300504 0.676407 0.169023 0.183983
1 0.464245 0.679113 0.168211 0.182900
1 0.631643 0.678571 0.166585 0.181818
1 0.790102 0.685606 0.168211 0.189394
1 0.148139 0.850649 0.160085 0.179654
1 0.303754 0.860390 0.159272 0.188312
1 0.468714 0.861472 0.164148 0.192641
1 0.631643 0.857684 0.163335 0.195887
1 0.788071 0.872294 0.170648 0.179654
