1 0.110694 0.313333 0.120075 0.120000
1 0.233583 0.320000 0.118199 0.120000
1 0.356473 0.328333 0.120075 0.123333
1 0.366792 0.443333 0.088180 0.113333
1 0.275797 0.431667 0.086304 0.110000
1 0.184803 0.425000 0.088180 0.110000
1 0.095685 0.420000 0.086304 0.106667
1 0.350844 0.543333 0.116323 0.106667
1 0.232645 0.535000 0.112570 0.103333
1 0.115385 0.526667 0.114447 0.113333
1 0.098499 0.628333 0.080675 0.103333
1 0.181989 0.638333 0.086304 0.103333
1 0.244841 0.640000 0.035647 0.100000
1 0.337043 0.634955 0.141253 0.163243
1 0.212008 0.738333 0.078799 0.096667
1 0.113508 0.728333 0.110694 0.103333
1 0.197936 0.833333 0.095685 0.093333
1 0.108818 0.823333 0.082552 0.093333
1 0.120075 0.911667 0.105066 0.090000
1 0.211069 0.916667 0.073171 0.080000
1 0.326045 0.813333 0.153029 0.193333
1 0.323231 0.945188 0.158657 0.109624
1 0.491557 0.223333 0.101313 0.133333
1 0.481238 0.340000 0.091932 0.126667
1 0.470919 0.451667 0.093809 0.123333
1 0.467167 0.558333 0.090056 0.116667
1 0.459662 0.660000 0.090056 0.113333
1 0.456848 0.758333 0.084428 0.103333
1 0.446529 0.850000 0.082552 0.100000
1 0.443715 0.945000 0.080675 0.103333
1 0.530957 0.951667 0.082552 0.096667
1 0.534709 0.860000 0.082552 0.100000
1 0.545966 0.766667 0.090056 0.120000
1 0.556285 0.665000 0.091932 0.116667
1 0.560976 0.561667 0.093809 0.123333
1 0.569418 0.450000 0.095685 0.126667
1 0.576923 0.338333 0.099437 0.130000
1 0.552533 0.230000 0.028143 0.086667
1 0.592871 0.216667 0.045028 0.113333
1 0.661351 0.220000 0.084428 0.120000
1 0.736398 0.248333 0.076923 0.096667
1 0.825516 0.235000 0.086304 0.110000
1 0.670732 0.345000 0.099437 0.116667
1 0.770169 0.356667 0.099437 0.120000
1 0.818949 0.338333 0.080675 0.103333
1 0.899625 0.348333 0.091932 0.116667
1 0.934334 0.450000 0.026266 0.093333
1 0.884615 0.443333 0.084428 0.106667
1 0.825516 0.438333 0.048780 0.096667
1 0.755159 0.468333 0.099437 0.123333
1 0.663227 0.458333 0.099437 0.123333
1 0.654784 0.566667 0.097561 0.120000
1 0.746717 0.575000 0.097561 0.116667
1 0.648218 0.666667 0.091932 0.113333
1 0.738274 0.680000 0.095685 0.106667
1 0.817073 0.535000 0.046904 0.090000
1 0.881801 0.540000 0.090056 0.106667
1 0.929644 0.548333 0.016886 0.090000
1 0.979362 0.558333 0.037523 0.096667
1 0.971857 0.653333 0.041276 0.100000
1 0.918386 0.643333 0.024390 0.093333
1 0.962477 0.746667 0.033771 0.080000
1 0.909006 0.735000 0.028143 0.090000
1 0.956848 0.831667 0.033771 0.083333
1 0.905253 0.823333 0.024390 0.080000
1 0.856473 0.813333 0.080675 0.100000
1 0.860225 0.723333 0.084428 0.100000
1 0.870544 0.635000 0.086304 0.103333
1 0.808630 0.628333 0.045028 0.090000
1 0.802064 0.720000 0.043152 0.086667
1 0.796435 0.810000 0.043152 0.086667
1 0.734522 0.781667 0.091932 0.110000
1 0.782364 0.891667 0.037523 0.083333
1 0.640713 0.771667 0.091932 0.110000
1 0.720450 0.881667 0.090056 0.103333
1 0.630394 0.870000 0.090056 0.106667
1 0.624765 0.958333 0.086304 0.083333
1 0.714822 0.961667 0.090056 0.076667
