1 0.088014 0.070143 0.173665 0.138223
1 0.111146 0.341946 0.219929 0.426015
1 0.352783 0.064985 0.357295 0.125845
1 0.376982 0.311001 0.353025 0.397132
1 0.122178 0.724122 0.243416 0.420857
1 0.389082 0.668420 0.335943 0.391975
1 0.117000 0.936428 0.234000 0.121347
1 0.401893 0.897230 0.321708 0.199742
1 0.700114 0.879365 0.274733 0.234153
1 0.910979 0.864887 0.174043 0.263108
1 0.699046 0.625097 0.291103 0.367219
1 0.915605 0.613446 0.164790 0.293558
1 0.692996 0.091805 0.323132 0.183609
1 0.925737 0.089226 0.140925 0.178452
1 0.733210 0.328537 0.367972 0.331116
1 0.949580 0.323895 0.096085 0.297076
