1 0.263000 0.188000 0.182000 0.205333
1 0.256000 0.384000 0.172000 0.197333
1 0.263000 0.560000 0.174000 0.218667
1 0.267000 0.724000 0.174000 0.226667
1 0.537000 0.174667 0.366000 0.264000
1 0.526000 0.420000 0.352000 0.248000
1 0.521000 0.629333 0.342000 0.282667
1 0.517000 0.825333 0.326000 0.306667
1 0.732000 0.404000 0.080000 0.194667
1 0.724000 0.584000 0.084000 0.208000
1 0.714000 0.752000 0.080000 0.224000
1 0.796000 0.394667 0.060000 0.165333
1 0.784000 0.550667 0.060000 0.178667
1 0.772000 0.692000 0.044000 0.162667
1 0.837000 0.386667 0.042000 0.149333
1 0.827000 0.525333 0.042000 0.149333
1 0.809000 0.653333 0.034000 0.138667
