1 0.031000 0.282667 0.062000 0.122667
1 0.095000 0.277333 0.090000 0.133333
1 0.221000 0.280000 0.190000 0.144000
1 0.409000 0.284000 0.194000 0.157333
1 0.564000 0.285333 0.116000 0.165333
1 0.683000 0.286667 0.130000 0.178667
1 0.819000 0.289333 0.162000 0.194667
1 0.943000 0.294667 0.114000 0.205333
1 0.865000 0.476000 0.270000 0.200000
1 0.007000 0.396000 0.014000 0.109333
1 0.080000 0.405333 0.140000 0.128000
1 0.184000 0.409333 0.092000 0.130667
1 0.267000 0.414667 0.094000 0.130667
1 0.404000 0.426667 0.184000 0.154667
1 0.615000 0.448000 0.242000 0.170667
1 0.043000 0.513333 0.086000 0.125333
1 0.110000 0.521333 0.084000 0.125333
1 0.183000 0.532000 0.082000 0.125333
1 0.262000 0.541333 0.080000 0.133333
1 0.343000 0.552000 0.090000 0.144000
1 0.433000 0.564000 0.098000 0.146667
1 0.537000 0.585333 0.110000 0.152000
1 0.656000 0.605333 0.128000 0.170667
1 0.785000 0.625333 0.142000 0.184000
1 0.922000 0.654667 0.156000 0.189333
1 0.858000 0.808000 0.284000 0.224000
1 0.660000 0.754667 0.116000 0.165333
1 0.548000 0.724000 0.104000 0.162667
1 0.409000 0.693333 0.186000 0.165333
1 0.236000 0.658667 0.164000 0.144000
1 0.093000 0.632000 0.142000 0.128000
1 0.017000 0.614667 0.034000 0.098667
1 0.023000 0.716000 0.046000 0.109333
1 0.072000 0.726667 0.072000 0.125333
1 0.133000 0.742667 0.070000 0.125333
1 0.204000 0.760000 0.080000 0.133333
1 0.277000 0.781333 0.078000 0.128000
1 0.358000 0.800000 0.084000 0.149333
1 0.448000 0.825333 0.092000 0.157333
1 0.541000 0.857333 0.102000 0.157333
1 0.645000 0.889333 0.114000 0.162667
1 0.764000 0.918667 0.136000 0.162667
1 0.909000 0.937333 0.166000 0.125333
