1 0.706000 0.490667 0.148000 0.389333
1 0.460000 0.185333 0.292000 0.306667
1 0.606000 0.478667 0.144000 0.370667
1 0.500000 0.484000 0.140000 0.317333
1 0.407000 0.461333 0.134000 0.298667
1 0.314000 0.441333 0.140000 0.301333
1 0.242000 0.414667 0.164000 0.322667
1 0.183000 0.402667 0.218000 0.320000
1 0.683000 0.766667 0.130000 0.328000
1 0.576000 0.769333 0.096000 0.248000
1 0.481000 0.746667 0.094000 0.250667
1 0.389000 0.712000 0.086000 0.240000
1 0.310000 0.690667 0.088000 0.224000
1 0.232000 0.670667 0.088000 0.210667
1 0.707000 0.865333 0.134000 0.269333
1 0.595000 0.938667 0.098000 0.122667
1 0.491000 0.922667 0.110000 0.154667
1 0.399000 0.904000 0.074000 0.192000
1 0.327000 0.885333 0.082000 0.208000
1 0.248000 0.858667 0.092000 0.202667
1 0.157000 0.654667 0.090000 0.200000
1 0.175000 0.834667 0.086000 0.202667
