1 0.862000 0.097333 0.276000 0.146667
1 0.862000 0.241333 0.276000 0.152000
1 0.876000 0.385333 0.248000 0.146667
1 0.874000 0.528000 0.252000 0.138667
1 0.866000 0.661333 0.268000 0.138667
1 0.862000 0.793333 0.276000 0.136000
1 0.854000 0.920000 0.292000 0.138667
1 0.600000 0.894667 0.216000 0.184000
1 0.608000 0.769333 0.232000 0.184000
1 0.621000 0.625333 0.234000 0.221333
1 0.663000 0.508000 0.174000 0.184000
1 0.666000 0.386667 0.176000 0.165333
1 0.537000 0.453333 0.086000 0.138667
1 0.710000 0.237333 0.032000 0.144000
1 0.711000 0.100000 0.034000 0.136000
1 0.592000 0.346667 0.192000 0.122667
1 0.592000 0.225333 0.192000 0.125333
1 0.593000 0.105333 0.194000 0.130667
1 0.406000 0.824000 0.168000 0.117333
1 0.405000 0.710667 0.174000 0.125333
1 0.402000 0.590667 0.176000 0.136000
1 0.396000 0.473333 0.184000 0.120000
1 0.404000 0.352000 0.184000 0.122667
1 0.397000 0.232000 0.186000 0.133333
1 0.395000 0.113333 0.190000 0.125333
1 0.207000 0.654667 0.154000 0.162667
1 0.203000 0.794667 0.150000 0.128000
1 0.207000 0.890667 0.146000 0.176000
1 0.291000 0.846667 0.026000 0.136000
1 0.288000 0.724000 0.032000 0.162667
1 0.064000 0.800000 0.128000 0.122667
1 0.067000 0.918667 0.134000 0.114667
1 0.072000 0.657333 0.144000 0.162667
1 0.071000 0.537333 0.142000 0.162667
1 0.153000 0.482667 0.290000 0.154667
1 0.220000 0.609333 0.160000 0.152000
1 0.146000 0.230667 0.292000 0.146667
1 0.150000 0.364000 0.288000 0.146667
1 0.172000 0.104000 0.264000 0.122667
