1 0.170573 0.295082 0.202999 0.232240
1 0.147165 0.514003 0.174602 0.213798
1 0.329826 0.501366 0.196859 0.230874
1 0.332704 0.375000 0.124332 0.038251
1 0.467397 0.451503 0.146589 0.250000
1 0.489846 0.588798 0.124716 0.043716
1 0.115314 0.767760 0.212977 0.299180
1 0.312941 0.757514 0.199929 0.303279
1 0.103610 0.963456 0.194941 0.066257
1 0.303156 0.955943 0.203383 0.079918
1 0.502809 0.941235 0.189139 0.110864
1 0.502386 0.742809 0.184414 0.299492
1 0.663986 0.707276 0.179661 0.335025
1 0.609355 0.545095 0.136597 0.098629
1 0.600169 0.384757 0.134820 0.242089
