1 0.878953 0.133106 0.238093 0.171121
1 0.664946 0.133850 0.290698 0.176744
1 0.402543 0.134884 0.277519 0.182946
1 0.137705 0.134822 0.275411 0.189023
1 0.133550 0.304910 0.265116 0.155039
1 0.392465 0.298191 0.268217 0.156072
1 0.654868 0.293540 0.261240 0.150904
1 0.882829 0.289406 0.230341 0.142636
1 0.876240 0.423111 0.243519 0.131556
1 0.634713 0.434109 0.239535 0.140568
1 0.388589 0.439793 0.254264 0.139535
1 0.133442 0.447028 0.266884 0.147804
1 0.175023 0.576227 0.262791 0.135401
1 0.422698 0.566925 0.238760 0.129199
1 0.657581 0.553488 0.232558 0.131266
1 0.882054 0.532817 0.231891 0.149871
1 0.029953 0.585333 0.059907 0.130667
1 0.039256 0.710481 0.078512 0.131039
1 0.186264 0.696641 0.248062 0.134367
1 0.424248 0.677519 0.229457 0.120930
1 0.650217 0.667183 0.222481 0.116796
1 0.864946 0.654780 0.228682 0.120930
1 0.846729 0.759173 0.212403 0.108527
1 0.635101 0.774677 0.210853 0.114729
1 0.419209 0.787080 0.219380 0.122997
1 0.188977 0.809819 0.251938 0.137468
1 0.036930 0.826129 0.073860 0.118408
1 0.039643 0.926760 0.079287 0.098481
1 0.186264 0.917313 0.227907 0.114729
1 0.403705 0.892506 0.216279 0.114729
1 0.621535 0.873902 0.211628 0.102326
1 0.829674 0.856331 0.206202 0.100258
