1 0.081818 0.282258 0.163636 0.500000
1 0.202273 0.298387 0.104545 0.403226
1 0.022727 0.729839 0.045455 0.540323
1 0.093182 0.758065 0.113636 0.483871
1 0.165909 0.721774 0.059091 0.443548
1 0.215909 0.697581 0.050000 0.411290
1 0.334091 0.068548 0.177273 0.137097
1 0.520455 0.064516 0.195455 0.129032
1 0.340909 0.213710 0.181818 0.153226
1 0.534091 0.229839 0.213636 0.217742
1 0.336364 0.370968 0.181818 0.161290
1 0.527273 0.391129 0.209091 0.185484
1 0.325000 0.536290 0.195455 0.169355
1 0.518182 0.564516 0.209091 0.177419
1 0.529545 0.733871 0.204545 0.193548
1 0.329545 0.701613 0.195455 0.177419
1 0.331818 0.875000 0.190909 0.185484
1 0.522727 0.907258 0.200000 0.185484
