1 0.097270 0.013636 0.194539 0.027273
1 0.093857 0.097727 0.187713 0.159091
1 0.308874 0.159091 0.249147 0.318182
1 0.098976 0.247727 0.197952 0.168182
1 0.302048 0.231818 0.215017 0.181818
1 0.097270 0.411364 0.194539 0.177273
1 0.302048 0.402273 0.201365 0.168182
1 0.100683 0.584091 0.201365 0.195455
1 0.105802 0.781818 0.211604 0.218182
1 0.305461 0.579545 0.215017 0.186364
1 0.315700 0.765909 0.215017 0.204545
1 0.510239 0.397727 0.194539 0.168182
1 0.517065 0.568182 0.208191 0.200000
1 0.525597 0.745455 0.211604 0.218182
1 0.670648 0.231818 0.235495 0.163636
1 0.656997 0.165909 0.160410 0.068182
1 0.824232 0.075000 0.228669 0.150000
1 0.703072 0.386364 0.197952 0.172727
1 0.713311 0.559091 0.211604 0.181818
1 0.732082 0.738636 0.221843 0.195455
1 0.868601 0.222727 0.194539 0.163636
1 0.890785 0.381818 0.204778 0.172727
1 0.901024 0.547727 0.197952 0.186364
1 0.912969 0.725000 0.174061 0.195455
1 0.974403 0.200000 0.051195 0.154545
1 0.982935 0.390909 0.034130 0.236364
