1 0.880000 0.968344 0.236000 0.063312
1 0.943000 0.899351 0.114000 0.090909
1 0.949000 0.815747 0.102000 0.095779
1 0.830000 0.826299 0.136000 0.097403
1 0.826000 0.913149 0.128000 0.095779
1 0.886000 0.731331 0.228000 0.105519
1 0.950000 0.637175 0.100000 0.092532
1 0.833000 0.644481 0.138000 0.094156
1 0.887000 0.552760 0.226000 0.105519
1 0.954000 0.456169 0.092000 0.094156
1 0.839000 0.461851 0.138000 0.099026
1 0.884000 0.362825 0.232000 0.102273
1 0.884000 0.261364 0.232000 0.100649
1 0.953000 0.159903 0.094000 0.099026
1 0.834000 0.158279 0.144000 0.102273
1 0.950000 0.057630 0.100000 0.102273
1 0.828000 0.053571 0.144000 0.107143
1 0.617000 0.979708 0.274000 0.040584
1 0.687000 0.923701 0.138000 0.107143
1 0.541000 0.943994 0.142000 0.108766
1 0.556000 0.852273 0.144000 0.103896
1 0.695000 0.837662 0.134000 0.100649
1 0.623000 0.749188 0.290000 0.118506
1 0.612000 0.655032 0.284000 0.115260
1 0.696000 0.553571 0.140000 0.100649
1 0.550000 0.559253 0.156000 0.099026
1 0.697000 0.456981 0.138000 0.102273
1 0.546000 0.461039 0.156000 0.103896
1 0.616000 0.354708 0.296000 0.105519
1 0.612000 0.245942 0.300000 0.108766
1 0.680000 0.142857 0.152000 0.107143
1 0.523000 0.137175 0.166000 0.115260
1 0.677000 0.044643 0.154000 0.089286
1 0.522000 0.040584 0.156000 0.081169
1 0.389000 0.952110 0.158000 0.092532
1 0.405000 0.861201 0.154000 0.115260
1 0.235000 0.859578 0.182000 0.150974
1 0.229000 0.961851 0.162000 0.076299
1 0.318000 0.770292 0.312000 0.125000
1 0.308000 0.670455 0.320000 0.120130
1 0.386000 0.561688 0.164000 0.107143
1 0.216000 0.568994 0.176000 0.112013
1 0.378000 0.456981 0.172000 0.112013
1 0.202000 0.461039 0.180000 0.107143
1 0.268000 0.351461 0.344000 0.112013
1 0.364000 0.241883 0.176000 0.116883
1 0.188000 0.237013 0.192000 0.123377
1 0.267000 0.119318 0.350000 0.131494
1 0.267000 0.033279 0.350000 0.063312
1 0.070000 0.977273 0.140000 0.045455
1 0.071000 0.914773 0.142000 0.108766
1 0.068000 0.812500 0.136000 0.112013
1 0.061000 0.704545 0.122000 0.120130
1 0.055000 0.591721 0.110000 0.121753
1 0.055000 0.471591 0.110000 0.118506
1 0.050000 0.352273 0.100000 0.120130
1 0.042000 0.228896 0.084000 0.123377
1 0.048000 0.104708 0.096000 0.128247
