1 0.072000 0.183511 0.144000 0.367021
1 0.200000 0.142287 0.132000 0.284574
1 0.079000 0.583777 0.158000 0.593085
1 0.276000 0.122340 0.032000 0.244681
1 0.206000 0.485372 0.136000 0.460106
1 0.221000 0.752660 0.142000 0.255319
1 0.390000 0.105053 0.196000 0.210106
1 0.540000 0.098404 0.112000 0.196809
1 0.713000 0.101064 0.238000 0.202128
1 0.870000 0.097074 0.084000 0.194149
1 0.953000 0.042553 0.090000 0.085106
1 0.956000 0.132979 0.088000 0.117021
1 0.477000 0.325798 0.238000 0.257979
1 0.327000 0.321809 0.054000 0.223404
1 0.334000 0.595745 0.056000 0.329787
1 0.340000 0.819149 0.052000 0.127660
1 0.479000 0.575798 0.234000 0.257979
1 0.484000 0.777926 0.236000 0.199468
1 0.711000 0.317819 0.238000 0.252660
1 0.914000 0.316489 0.172000 0.250000
1 0.714000 0.562500 0.236000 0.247340
1 0.914000 0.553191 0.172000 0.239362
1 0.714000 0.775266 0.232000 0.204787
1 0.914000 0.769947 0.172000 0.220745
1 0.288000 0.386968 0.048000 0.359043
1 0.297000 0.688830 0.050000 0.372340
