1 0.040625 0.145313 0.081250 0.171875
1 0.205208 0.146094 0.268750 0.173437
1 0.466667 0.151562 0.258333 0.175000
1 0.056250 0.315625 0.112500 0.168750
1 0.230208 0.317188 0.247917 0.168750
1 0.473958 0.319531 0.247917 0.160938
1 0.060417 0.475781 0.120833 0.154688
1 0.230208 0.475781 0.235417 0.154688
1 0.468750 0.476562 0.237500 0.153125
1 0.364583 0.530469 0.079167 0.092188
1 0.552083 0.526563 0.083333 0.078125
1 0.102083 0.667969 0.204167 0.235937
1 0.025000 0.872656 0.050000 0.173437
1 0.183333 0.871094 0.287500 0.173437
1 0.294792 0.668750 0.302083 0.231250
1 0.463542 0.868750 0.277083 0.175000
1 0.722917 0.154688 0.262500 0.175000
1 0.919792 0.160156 0.160417 0.173437
1 0.719792 0.321094 0.256250 0.160938
1 0.914583 0.324219 0.166667 0.160938
1 0.700000 0.478125 0.237500 0.153125
1 0.901042 0.479687 0.197917 0.156250
1 0.590625 0.667188 0.293750 0.228125
1 0.843750 0.666406 0.308333 0.229687
1 0.735417 0.869531 0.275000 0.173437
1 0.931250 0.867188 0.137500 0.171875
