1 0.245000 0.233133 0.102000 0.037481
1 0.245000 0.271364 0.098000 0.035982
1 0.247000 0.306597 0.098000 0.034483
1 0.312000 0.257121 0.032000 0.031484
1 0.314000 0.287106 0.036000 0.031484
1 0.498000 0.254873 0.048000 0.032984
1 0.502000 0.287106 0.048000 0.031484
1 0.400000 0.315592 0.112000 0.019490
1 0.514000 0.314843 0.112000 0.020990
1 0.620000 0.312594 0.096000 0.022489
1 0.180000 0.275112 0.032000 0.022489
1 0.178000 0.251124 0.032000 0.022489
1 0.185000 0.308096 0.034000 0.040480
1 0.126000 0.316342 0.080000 0.044978
1 0.090000 0.278111 0.040000 0.028486
1 0.102000 0.252624 0.020000 0.022489
1 0.085000 0.251874 0.022000 0.020990
1 0.195000 0.377061 0.110000 0.097451
1 0.322000 0.382309 0.192000 0.110945
1 0.448000 0.377061 0.064000 0.094453
1 0.564000 0.377811 0.168000 0.095952
1 0.732000 0.331334 0.176000 0.053973
1 0.855000 0.402549 0.098000 0.205397
1 0.862000 0.528486 0.036000 0.043478
1 0.753000 0.466267 0.210000 0.221889
1 0.963000 0.542729 0.074000 0.107946
1 0.944000 0.428786 0.112000 0.119940
1 0.911000 0.523988 0.058000 0.094453
1 0.952000 0.347826 0.096000 0.047976
1 0.965000 0.638681 0.070000 0.107946
1 0.970000 0.734633 0.060000 0.080960
1 0.955000 0.801349 0.090000 0.121439
1 0.964000 0.895802 0.072000 0.073463
1 0.073000 0.381559 0.146000 0.085457
1 0.088000 0.455022 0.176000 0.076462
1 0.083000 0.527736 0.166000 0.125937
1 0.225000 0.536732 0.218000 0.092954
1 0.249000 0.458771 0.170000 0.065967
1 0.424000 0.459520 0.180000 0.064468
1 0.576000 0.461769 0.132000 0.068966
1 0.406000 0.539730 0.204000 0.092954
1 0.575000 0.541979 0.142000 0.091454
1 0.790000 0.590705 0.284000 0.080960
1 0.065000 0.625937 0.130000 0.070465
1 0.219000 0.614693 0.190000 0.062969
1 0.408000 0.616192 0.188000 0.059970
1 0.575000 0.616942 0.142000 0.061469
1 0.203000 0.677661 0.138000 0.062969
1 0.076000 0.698651 0.116000 0.071964
1 0.082000 0.767616 0.116000 0.065967
1 0.010000 0.697151 0.020000 0.071964
1 0.013000 0.763868 0.026000 0.064468
1 0.206000 0.735382 0.140000 0.058471
1 0.231000 0.793103 0.178000 0.056972
1 0.366000 0.736882 0.180000 0.058471
1 0.363000 0.677661 0.182000 0.059970
1 0.550000 0.677661 0.188000 0.059970
1 0.553000 0.738381 0.186000 0.055472
1 0.410000 0.796852 0.184000 0.061469
1 0.573000 0.811094 0.134000 0.089955
1 0.243000 0.847076 0.174000 0.050975
1 0.247000 0.900300 0.174000 0.055472
1 0.422000 0.902549 0.172000 0.050975
1 0.418000 0.851574 0.180000 0.053973
1 0.574000 0.892054 0.132000 0.080960
1 0.772000 0.918291 0.260000 0.046477
1 0.775000 0.876312 0.262000 0.043478
1 0.777000 0.832084 0.266000 0.047976
1 0.780000 0.789355 0.272000 0.046477
1 0.784000 0.748126 0.276000 0.047976
1 0.785000 0.703148 0.278000 0.050975
1 0.786000 0.655922 0.276000 0.049475
