1 0.983000 0.876000 0.034000 0.248000
1 0.921000 0.860000 0.158000 0.280000
1 0.654000 0.845000 0.400000 0.306000
1 0.275000 0.837000 0.366000 0.322000
1 0.067000 0.807000 0.134000 0.382000
1 0.022000 0.852000 0.044000 0.296000
1 0.927000 0.496000 0.146000 0.448000
1 0.668000 0.500000 0.396000 0.440000
1 0.294000 0.492000 0.348000 0.404000
1 0.065000 0.474000 0.130000 0.292000
1 0.898000 0.140000 0.204000 0.280000
1 0.665000 0.150000 0.282000 0.276000
1 0.399000 0.164000 0.254000 0.264000
1 0.159000 0.191000 0.234000 0.278000
1 0.025000 0.197000 0.050000 0.266000
1 0.058000 0.035000 0.116000 0.070000
1 0.179000 0.032000 0.130000 0.064000
1 0.311000 0.026000 0.134000 0.052000
1 0.453000 0.020000 0.146000 0.040000
1 0.611000 0.016000 0.154000 0.032000
1 0.773000 0.009000 0.162000 0.018000
