1 0.140000 0.111442 0.280000 0.222884
1 0.507000 0.092372 0.474000 0.184744
1 0.801000 0.135876 0.130000 0.264601
1 0.906000 0.225864 0.092000 0.203814
1 0.056000 0.303933 0.112000 0.214541
1 0.219000 0.273540 0.258000 0.256257
1 0.115000 0.511323 0.230000 0.252682
1 0.106000 0.769368 0.212000 0.272944
1 0.088000 0.943981 0.176000 0.112038
1 0.567000 0.254470 0.450000 0.323004
1 0.488000 0.485697 0.536000 0.284863
1 0.476000 0.787247 0.560000 0.327771
1 0.467000 0.941001 0.594000 0.117998
1 0.974000 0.295590 0.052000 0.095352
1 0.848000 0.336710 0.136000 0.244338
1 0.815000 0.517878 0.126000 0.220501
1 0.918000 0.544696 0.104000 0.188319
1 0.833000 0.756257 0.162000 0.261025
1 0.937000 0.729440 0.078000 0.185936
1 0.842000 0.916567 0.172000 0.166865
1 0.955000 0.899881 0.090000 0.197855
1 0.965000 0.981526 0.070000 0.034565
1 0.985000 0.717521 0.030000 0.171633
1 0.979000 0.557807 0.042000 0.150179
1 0.943000 0.392133 0.090000 0.190703
1 0.990000 0.383790 0.020000 0.071514
1 0.992000 0.449940 0.012000 0.060787
