1 0.093000 0.354354 0.138000 0.060060
1 0.231000 0.351351 0.138000 0.054054
1 0.369000 0.352853 0.138000 0.057057
1 0.025000 0.420420 0.050000 0.120120
1 0.030000 0.548048 0.060000 0.141141
1 0.039000 0.657658 0.058000 0.126126
1 0.102000 0.450450 0.108000 0.138138
1 0.112000 0.579580 0.104000 0.138138
1 0.117000 0.710210 0.102000 0.129129
1 0.055000 0.756757 0.066000 0.126126
1 0.124000 0.809309 0.076000 0.075075
1 0.056000 0.842342 0.064000 0.129129
1 0.232000 0.444444 0.140000 0.132132
1 0.231000 0.576577 0.138000 0.138138
1 0.234000 0.708709 0.140000 0.132132
1 0.233000 0.839339 0.142000 0.135135
1 0.371000 0.444444 0.138000 0.132132
1 0.371000 0.576577 0.142000 0.132132
1 0.371000 0.707207 0.138000 0.135135
1 0.372000 0.840841 0.136000 0.132132
1 0.509000 0.352853 0.138000 0.057057
1 0.646000 0.351351 0.136000 0.060060
1 0.509000 0.445946 0.138000 0.135135
1 0.513000 0.576577 0.142000 0.138138
1 0.510000 0.708709 0.140000 0.132132
1 0.512000 0.837838 0.140000 0.132132
1 0.648000 0.442943 0.136000 0.129129
1 0.650000 0.572072 0.136000 0.135135
1 0.649000 0.704204 0.138000 0.129129
1 0.646000 0.831832 0.132000 0.132132
1 0.778000 0.352853 0.128000 0.063063
1 0.906000 0.351351 0.128000 0.060060
1 0.781000 0.445946 0.130000 0.129129
1 0.783000 0.575075 0.134000 0.129129
1 0.784000 0.702703 0.132000 0.126126
1 0.775000 0.828829 0.130000 0.132132
1 0.908000 0.445946 0.124000 0.129129
1 0.912000 0.570571 0.128000 0.126126
1 0.913000 0.696697 0.126000 0.126126
1 0.899000 0.819820 0.122000 0.132132
1 0.126000 0.923423 0.160000 0.153153
1 0.081000 0.951952 0.162000 0.096096
1 0.012000 0.782282 0.024000 0.123123
1 0.007000 0.561562 0.014000 0.114114
1 0.008000 0.674174 0.016000 0.135135
1 0.013000 0.881381 0.026000 0.117117
