1 0.798000 0.705653 0.212000 0.436647
1 0.821000 0.447368 0.234000 0.356725
1 0.952000 0.494152 0.096000 0.387914
1 0.530000 0.602339 0.344000 0.241715
1 0.204000 0.588694 0.360000 0.214425
1 0.038000 0.594542 0.076000 0.206628
1 0.179000 0.388889 0.358000 0.216374
1 0.516000 0.382066 0.376000 0.230019
1 0.541000 0.798246 0.326000 0.243665
1 0.238000 0.774854 0.340000 0.177388
1 0.055000 0.794347 0.110000 0.192982
1 0.126000 0.926901 0.252000 0.142300
1 0.364000 0.962963 0.300000 0.074074
1 0.800000 0.863548 0.192000 0.272904
1 0.914000 0.961988 0.112000 0.076023
1 0.949000 0.812865 0.102000 0.374269
1 0.836000 0.158869 0.328000 0.313840
1 0.477000 0.144250 0.398000 0.284600
1 0.161000 0.154971 0.322000 0.302144
