1 0.031328 0.168854 0.062657 0.180227
1 0.097192 0.154418 0.074497 0.195976
1 0.175513 0.132327 0.087078 0.202537
1 0.264071 0.115486 0.091518 0.213473
1 0.028245 0.343613 0.056490 0.174541
1 0.094232 0.336395 0.072030 0.179353
1 0.171566 0.322397 0.085598 0.190726
1 0.260987 0.316273 0.093245 0.200350
1 0.025531 0.518373 0.051063 0.172353
1 0.023311 0.695538 0.046129 0.173228
1 0.023805 0.874016 0.047116 0.179353
1 0.085228 0.702537 0.070304 0.181977
1 0.085228 0.885389 0.070304 0.190726
1 0.161822 0.711067 0.084858 0.194663
1 0.159725 0.900127 0.085104 0.193080
1 0.090655 0.519685 0.072771 0.178478
1 0.167496 0.516623 0.085351 0.188976
1 0.254573 0.518373 0.093738 0.195101
1 0.251860 0.722660 0.092752 0.203850
1 0.249388 0.907345 0.092761 0.178644
1 0.377015 0.909969 0.167565 0.173395
1 0.380257 0.730971 0.167002 0.216098
1 0.384204 0.519248 0.169962 0.209099
1 0.388644 0.313211 0.167989 0.225722
1 0.391481 0.115704 0.166262 0.230534
1 0.528511 0.127734 0.101879 0.210849
1 0.526414 0.325022 0.102125 0.200350
1 0.525058 0.525153 0.104839 0.197288
1 0.520741 0.728128 0.106072 0.203412
1 0.516195 0.909532 0.103818 0.174269
1 0.630572 0.916969 0.118288 0.159396
1 0.633103 0.740376 0.116186 0.219160
1 0.635324 0.527340 0.114706 0.207787
1 0.635817 0.315836 0.116186 0.210849
1 0.641861 0.109361 0.125807 0.216973
1 0.783578 0.124672 0.166015 0.248469
1 0.772231 0.314304 0.156642 0.235783
1 0.772231 0.534121 0.157628 0.222222
1 0.771614 0.756343 0.160342 0.237095
1 0.770647 0.923749 0.157836 0.145836
1 0.933066 0.924978 0.130000 0.143045
1 0.933093 0.755376 0.130054 0.215914
1 0.932846 0.538333 0.130548 0.210000
1 0.929982 0.326772 0.128273 0.216098
1 0.931709 0.121172 0.130740 0.217848
