1 0.129000 0.137333 0.258000 0.120000
1 0.323000 0.126667 0.142000 0.125333
1 0.477000 0.128000 0.162000 0.128000
1 0.717000 0.125333 0.318000 0.128000
1 0.933000 0.194667 0.134000 0.080000
1 0.061000 0.249333 0.122000 0.109333
1 0.187000 0.250667 0.138000 0.112000
1 0.327000 0.244000 0.142000 0.125333
1 0.473000 0.252000 0.150000 0.120000
1 0.625000 0.245333 0.162000 0.122667
1 0.783000 0.249333 0.166000 0.120000
1 0.884000 0.274667 0.052000 0.080000
1 0.954000 0.276000 0.092000 0.082667
1 0.062000 0.352000 0.124000 0.106667
1 0.189000 0.360000 0.138000 0.112000
1 0.327000 0.357333 0.142000 0.117333
1 0.470000 0.366667 0.144000 0.114667
1 0.618000 0.360000 0.156000 0.122667
1 0.772000 0.366667 0.168000 0.120000
1 0.876000 0.350667 0.052000 0.072000
1 0.947000 0.354667 0.106000 0.074667
1 0.136000 0.456000 0.252000 0.117333
1 0.398000 0.466667 0.276000 0.122667
1 0.688000 0.474667 0.308000 0.128000
1 0.921000 0.425333 0.158000 0.088000
1 0.917000 0.501333 0.158000 0.085333
1 0.914000 0.597333 0.172000 0.128000
1 0.140000 0.553333 0.244000 0.120000
1 0.398000 0.572000 0.272000 0.125333
1 0.685000 0.585333 0.306000 0.136000
1 0.080000 0.640000 0.124000 0.112000
1 0.202000 0.656000 0.124000 0.106667
1 0.327000 0.664000 0.130000 0.112000
1 0.460000 0.677333 0.144000 0.112000
1 0.605000 0.684000 0.150000 0.125333
1 0.757000 0.706667 0.162000 0.133333
1 0.911000 0.766667 0.178000 0.237333
1 0.952000 0.714667 0.096000 0.122667
1 0.079000 0.734667 0.110000 0.098667
1 0.197000 0.749333 0.134000 0.112000
1 0.326000 0.758667 0.124000 0.104000
1 0.460000 0.781333 0.140000 0.112000
1 0.600000 0.786667 0.144000 0.117333
1 0.745000 0.812000 0.162000 0.125333
1 0.144000 0.830667 0.236000 0.125333
1 0.394000 0.868000 0.264000 0.130667
1 0.144000 0.918667 0.236000 0.125333
1 0.081000 0.973333 0.114000 0.053333
1 0.195000 0.982667 0.114000 0.034667
1 0.394000 0.945333 0.276000 0.109333
1 0.683000 0.902667 0.290000 0.152000
1 0.675000 0.960000 0.286000 0.080000
1 0.911000 0.918667 0.178000 0.146667
1 0.909000 0.977333 0.182000 0.045333
1 0.010000 0.465333 0.020000 0.146667
1 0.010000 0.602667 0.020000 0.144000
1 0.013000 0.737333 0.026000 0.141333
1 0.014000 0.894667 0.028000 0.205333
