1 0.205637 0.128447 0.226920 0.124812
1 0.486135 0.119762 0.335841 0.128100
1 0.206422 0.249947 0.223585 0.131511
1 0.440906 0.245142 0.247242 0.123173
1 0.734073 0.241420 0.344655 0.130374
1 0.779764 0.114456 0.256056 0.131890
1 0.206496 0.371861 0.223422 0.122525
1 0.438212 0.367850 0.242718 0.128886
1 0.730184 0.369510 0.350028 0.129992
1 0.772515 0.497064 0.256326 0.133942
1 0.520121 0.493049 0.250035 0.125912
1 0.766618 0.622334 0.259471 0.133942
1 0.519924 0.614304 0.245711 0.126233
1 0.516779 0.735237 0.241779 0.128482
1 0.760917 0.745195 0.249642 0.136833
1 0.701947 0.868056 0.350285 0.143578
1 0.705682 0.957029 0.341243 0.081907
1 0.410435 0.850871 0.233524 0.126555
1 0.416726 0.951832 0.242173 0.092713
1 0.240993 0.490319 0.311365 0.122379
1 0.238064 0.609961 0.324276 0.123574
1 0.233678 0.727974 0.326998 0.123821
1 0.181498 0.845493 0.229897 0.118631
1 0.179416 0.947791 0.234664 0.100794
