1 0.120375 0.067708 0.210417 0.135417
1 0.384958 0.069271 0.339583 0.138542
1 0.723500 0.072396 0.337500 0.140625
1 0.934958 0.072396 0.102083 0.146875
1 0.925063 0.252083 0.119792 0.210417
1 0.718292 0.253646 0.331250 0.209375
1 0.386000 0.250521 0.331250 0.217708
1 0.121938 0.243229 0.207292 0.223958
1 0.127146 0.454167 0.219792 0.202083
1 0.390167 0.453646 0.314583 0.194792
1 0.707875 0.459896 0.318750 0.201042
1 0.920375 0.455729 0.131250 0.196875
1 0.918292 0.644792 0.137500 0.185417
1 0.702667 0.645312 0.300000 0.186458
1 0.396937 0.645833 0.296875 0.185417
1 0.133917 0.643229 0.231250 0.176042
1 0.137563 0.819792 0.236458 0.179167
1 0.399021 0.827083 0.298958 0.181250
1 0.700583 0.827604 0.297917 0.182292
1 0.914125 0.823438 0.145833 0.171875
1 0.913083 0.953125 0.150000 0.087500
1 0.694083 0.956292 0.292167 0.083417
1 0.400583 0.957292 0.289583 0.081250
1 0.137042 0.954167 0.239583 0.087500
