1 0.114000 0.202985 0.228000 0.220896
1 0.309000 0.202985 0.202000 0.188060
1 0.507000 0.173881 0.202000 0.171642
1 0.721000 0.181343 0.214000 0.177612
1 0.909000 0.198507 0.182000 0.217910
1 0.864000 0.391791 0.248000 0.261194
1 0.665000 0.399254 0.158000 0.291045
1 0.906000 0.421642 0.188000 0.240299
1 0.906000 0.661940 0.188000 0.249254
1 0.726000 0.681343 0.240000 0.249254
1 0.512000 0.668657 0.216000 0.238806
1 0.473000 0.400746 0.310000 0.332836
1 0.286000 0.414925 0.112000 0.289552
1 0.149000 0.426866 0.190000 0.262687
1 0.032000 0.429851 0.064000 0.232836
1 0.290000 0.673881 0.216000 0.237313
1 0.097000 0.667910 0.194000 0.243284
1 0.717000 0.537313 0.174000 0.035821
