1 0.712000 0.883000 0.376000 0.234000
1 0.409000 0.874000 0.226000 0.164000
1 0.614000 0.779000 0.464000 0.198000
1 0.683000 0.655000 0.322000 0.166000
1 0.640000 0.508000 0.488000 0.160000
1 0.751000 0.341000 0.426000 0.178000
1 0.639000 0.195000 0.506000 0.226000
1 0.922000 0.219000 0.068000 0.150000
1 0.787000 0.089000 0.406000 0.178000
1 0.917000 0.491000 0.066000 0.130000
1 0.881000 0.619000 0.074000 0.138000
1 0.882000 0.728000 0.072000 0.152000
1 0.474000 0.081000 0.220000 0.162000
1 0.241000 0.244000 0.290000 0.164000
1 0.405000 0.363000 0.266000 0.146000
1 0.198000 0.375000 0.160000 0.130000
1 0.260000 0.498000 0.268000 0.128000
1 0.399000 0.627000 0.246000 0.138000
1 0.213000 0.609000 0.134000 0.118000
1 0.519000 0.964000 0.270000 0.072000
1 0.283000 0.941000 0.194000 0.118000
1 0.246000 0.725000 0.272000 0.150000
1 0.108000 0.859000 0.212000 0.190000
1 0.095000 0.943000 0.190000 0.114000
1 0.095000 0.151000 0.150000 0.138000
1 0.262000 0.113000 0.196000 0.166000
1 0.221000 0.046000 0.278000 0.092000
1 0.066000 0.383000 0.112000 0.110000
1 0.052000 0.273000 0.104000 0.122000
1 0.094000 0.493000 0.076000 0.106000
1 0.108000 0.599000 0.084000 0.106000
1 0.038000 0.690000 0.076000 0.100000
1 0.036000 0.593000 0.072000 0.110000
1 0.031000 0.479000 0.062000 0.118000
1 0.044000 0.058000 0.088000 0.116000
1 0.284000 0.944000 0.192000 0.112000
1 0.885000 0.937000 0.082000 0.126000
1 0.941000 0.798000 0.082000 0.148000
