1 0.113235 0.142105 0.226471 0.284211
1 0.360294 0.142105 0.291176 0.284211
1 0.639706 0.144737 0.273529 0.289474
1 0.866176 0.147368 0.232353 0.294737
1 0.064706 0.434211 0.129412 0.310526
1 0.225000 0.426316 0.202941 0.305263
1 0.414706 0.421053 0.176471 0.273684
1 0.585294 0.413158 0.176471 0.268421
1 0.738235 0.413158 0.170588 0.257895
1 0.876471 0.415789 0.152941 0.242105
1 0.119118 0.718421 0.238235 0.300000
1 0.357353 0.686842 0.255882 0.278947
1 0.598529 0.657895 0.232353 0.231579
1 0.802941 0.647368 0.211765 0.221053
1 0.077941 0.921053 0.155882 0.157895
1 0.241176 0.902632 0.176471 0.194737
1 0.404412 0.886842 0.155882 0.226316
1 0.555882 0.871053 0.152941 0.215789
1 0.694118 0.857895 0.147059 0.210526
1 0.822059 0.836842 0.144118 0.210526
1 0.580882 0.976316 0.202941 0.047368
1 0.766176 0.960526 0.179412 0.068421
1 0.979412 0.142105 0.041176 0.200000
1 0.970588 0.331579 0.058824 0.210526
1 0.941176 0.484211 0.070588 0.189474
1 0.970588 0.521053 0.058824 0.200000
1 0.917647 0.636842 0.058824 0.168421
1 0.957353 0.705263 0.085294 0.231579
1 0.897059 0.778947 0.041176 0.178947
1 0.947059 0.860526 0.100000 0.278947
1 0.933824 0.931579 0.126471 0.136842
1 0.873529 0.931579 0.047059 0.136842
