1 0.167000 0.116000 0.334000 0.232000
1 0.456000 0.130667 0.256000 0.261333
1 0.687000 0.134667 0.234000 0.269333
1 0.896000 0.138667 0.208000 0.277333
1 0.176000 0.372000 0.352000 0.328000
1 0.568000 0.398667 0.432000 0.301333
1 0.883000 0.405333 0.234000 0.277333
1 0.131000 0.689333 0.262000 0.312000
1 0.476000 0.680000 0.428000 0.293333
1 0.781000 0.674667 0.210000 0.261333
1 0.936000 0.665333 0.128000 0.242667
1 0.135000 0.913333 0.270000 0.173333
1 0.383000 0.909333 0.226000 0.181333
1 0.589000 0.900000 0.202000 0.200000
1 0.842000 0.886667 0.316000 0.226667
