1 0.759000 0.285607 0.138000 0.127436
1 0.780000 0.420540 0.144000 0.142429
1 0.801000 0.580960 0.158000 0.172414
1 0.657000 0.571964 0.150000 0.163418
1 0.645000 0.418291 0.138000 0.143928
1 0.634000 0.284858 0.132000 0.125937
1 0.506000 0.284858 0.132000 0.131934
1 0.509000 0.422039 0.138000 0.148426
1 0.508000 0.575712 0.148000 0.164918
1 0.582000 0.754873 0.160000 0.190405
1 0.417000 0.753373 0.170000 0.190405
1 0.376000 0.284858 0.124000 0.134933
1 0.370000 0.421289 0.136000 0.140930
1 0.358000 0.576462 0.148000 0.169415
1 0.213000 0.583958 0.162000 0.166417
1 0.233000 0.425787 0.150000 0.146927
1 0.245000 0.287856 0.138000 0.131934
