1 0.543182 0.756818 0.240909 0.395455
1 0.302273 0.713636 0.240909 0.318182
1 0.697727 0.672727 0.095455 0.163636
1 0.827273 0.700000 0.227273 0.200000
1 0.875000 0.515909 0.250000 0.259091
1 0.679545 0.484091 0.231818 0.250000
1 0.475000 0.443182 0.195455 0.240909
1 0.286364 0.413636 0.200000 0.236364
1 0.120455 0.390909 0.222727 0.227273
1 0.302273 0.538636 0.168182 0.059091
1 0.150000 0.559091 0.172727 0.163636
1 0.281818 0.163636 0.272727 0.327273
1 0.104545 0.147727 0.209091 0.295455
1 0.504545 0.179545 0.290909 0.359091
1 0.715909 0.190909 0.295455 0.381818
1 0.897727 0.225000 0.204545 0.404545
