1 0.107014 0.062242 0.214028 0.121163
1 0.320411 0.071857 0.221277 0.143714
1 0.528922 0.095144 0.195745 0.178611
1 0.810270 0.117914 0.375461 0.232507
1 0.283610 0.235526 0.567220 0.238356
1 0.755872 0.277933 0.422695 0.193234
1 0.706936 0.437220 0.458156 0.167121
1 0.240348 0.424153 0.480695 0.188513
1 0.258787 0.611762 0.517574 0.190320
1 0.758496 0.603296 0.479007 0.171299
1 0.758496 0.775640 0.479007 0.175477
1 0.263043 0.793757 0.526085 0.203355
1 0.256660 0.934086 0.513319 0.128882
1 0.754454 0.924482 0.485106 0.147275
