1 0.084375 0.239496 0.156250 0.310924
1 0.256250 0.184874 0.200000 0.352941
1 0.487500 0.163866 0.275000 0.310924
1 0.721875 0.147059 0.206250 0.243697
1 0.903125 0.155462 0.181250 0.294118
1 0.090625 0.512605 0.168750 0.285714
1 0.268750 0.483193 0.200000 0.327731
1 0.471875 0.462185 0.231250 0.369748
1 0.721875 0.432773 0.281250 0.394958
1 0.921875 0.449580 0.143750 0.310924
1 0.928125 0.739496 0.131250 0.302521
1 0.096875 0.794118 0.156250 0.294118
1 0.268750 0.810924 0.187500 0.327731
1 0.468750 0.815126 0.225000 0.352941
1 0.712500 0.815126 0.287500 0.352941
