1 0.819000 0.628986 0.294000 0.243478
1 0.519000 0.620290 0.262000 0.226087
1 0.518000 0.818841 0.260000 0.223188
1 0.537000 0.920290 0.246000 0.153623
1 0.807000 0.846377 0.286000 0.237681
1 0.799000 0.962319 0.266000 0.075362
1 0.281000 0.928986 0.266000 0.136232
1 0.263000 0.785507 0.254000 0.202899
1 0.259000 0.597101 0.262000 0.202899
1 0.520000 0.410145 0.276000 0.240580
1 0.244000 0.384058 0.276000 0.228986
1 0.524000 0.171014 0.308000 0.278261
1 0.227000 0.146377 0.294000 0.246377
1 0.113000 0.495652 0.038000 0.162319
1 0.831000 0.392754 0.318000 0.257971
1 0.844000 0.142029 0.312000 0.243478
