1 0.059000 0.172000 0.118000 0.344000
1 0.141000 0.173000 0.194000 0.346000
1 0.277000 0.175000 0.166000 0.350000
1 0.414000 0.176000 0.148000 0.352000
1 0.562000 0.177000 0.160000 0.354000
1 0.703000 0.179000 0.194000 0.358000
1 0.847000 0.180000 0.230000 0.360000
1 0.932000 0.180000 0.136000 0.360000
1 0.061000 0.460000 0.122000 0.228000
1 0.134000 0.460000 0.220000 0.228000
1 0.274000 0.463000 0.192000 0.226000
1 0.415000 0.468000 0.162000 0.232000
1 0.573000 0.473000 0.158000 0.238000
1 0.720000 0.477000 0.192000 0.242000
1 0.867000 0.480000 0.230000 0.244000
1 0.940000 0.464000 0.120000 0.268000
1 0.032000 0.652000 0.064000 0.156000
1 0.108000 0.786000 0.216000 0.424000
1 0.244000 0.788000 0.256000 0.420000
1 0.440000 0.791000 0.220000 0.414000
1 0.657000 0.794000 0.238000 0.408000
1 0.849000 0.795000 0.298000 0.406000
1 0.931000 0.787000 0.138000 0.382000
