1 0.794000 0.252000 0.268000 0.264000
1 0.551000 0.241333 0.246000 0.264000
1 0.312000 0.242667 0.264000 0.256000
1 0.738000 0.462667 0.320000 0.184000
1 0.357000 0.456000 0.314000 0.170667
1 0.767000 0.641333 0.234000 0.184000
1 0.544000 0.577333 0.224000 0.264000
1 0.322000 0.618667 0.220000 0.165333
1 0.717000 0.789333 0.286000 0.160000
1 0.381000 0.773333 0.282000 0.154667
1 0.915000 0.120000 0.130000 0.165333
1 0.939000 0.269333 0.054000 0.160000
1 0.980000 0.336000 0.040000 0.112000
1 0.641000 0.072000 0.190000 0.080000
1 0.789000 0.081333 0.106000 0.093333
1 0.787000 0.021333 0.158000 0.042667
1 0.401000 0.114667 0.242000 0.037333
1 0.710000 0.126667 0.264000 0.056000
1 0.546000 0.410667 0.064000 0.080000
