1 0.092551 0.070540 0.185102 0.141081
1 0.089159 0.223810 0.175397 0.168254
1 0.328444 0.070654 0.312698 0.134959
1 0.099143 0.382815 0.198286 0.173037
1 0.106324 0.520889 0.212648 0.152889
1 0.115413 0.642292 0.230825 0.182082
1 0.119381 0.761294 0.238762 0.157413
1 0.128980 0.855575 0.257960 0.171516
1 0.131176 0.926859 0.262352 0.140949
1 0.339556 0.213228 0.288889 0.157672
1 0.324994 0.360077 0.294203 0.161423
1 0.331986 0.478307 0.266028 0.143915
1 0.339159 0.602699 0.254762 0.155797
1 0.348266 0.700337 0.241309 0.145741
1 0.365016 0.791369 0.230032 0.149933
1 0.373826 0.875015 0.228747 0.139363
1 0.375773 0.942800 0.225979 0.109067
1 0.641543 0.055333 0.313486 0.110667
1 0.635587 0.174074 0.303175 0.147090
1 0.616937 0.302116 0.289683 0.144974
1 0.607133 0.415344 0.287067 0.144974
1 0.602300 0.520421 0.277400 0.148576
1 0.601100 0.622533 0.270600 0.145333
1 0.603081 0.717989 0.271362 0.147090
1 0.602000 0.809170 0.246800 0.129807
1 0.602400 0.879403 0.229200 0.139606
1 0.595300 0.942933 0.214600 0.108800
1 0.890471 0.048148 0.201343 0.096296
1 0.864200 0.153200 0.180800 0.130933
1 0.842700 0.278800 0.185400 0.124533
1 0.827600 0.386000 0.174400 0.119200
1 0.817333 0.485714 0.160317 0.129101
1 0.800219 0.579010 0.158038 0.129448
1 0.792241 0.672950 0.137117 0.112301
1 0.784700 0.752933 0.135400 0.114400
1 0.770300 0.832000 0.135000 0.125333
1 0.971746 0.095564 0.051492 0.106472
1 0.964810 0.205067 0.066381 0.112533
1 0.956079 0.302222 0.083841 0.115556
1 0.948540 0.391560 0.098921 0.103653
1 0.940100 0.472667 0.115800 0.106933
1 0.934300 0.552908 0.127400 0.106883
1 0.927600 0.622616 0.140800 0.113498
1 0.924600 0.692470 0.146800 0.113473
1 0.918000 0.765333 0.160000 0.114133
1 0.912400 0.824854 0.171200 0.108375
