1 0.260620 0.056331 0.115504 0.112661
1 0.288527 0.131266 0.106202 0.090956
1 0.476124 0.090956 0.317054 0.177778
1 0.804031 0.085271 0.349612 0.170543
1 0.766822 0.335401 0.442636 0.327649
1 0.347054 0.298191 0.396899 0.253230
1 0.073915 0.299225 0.147829 0.213953
1 0.202093 0.531266 0.282171 0.264599
1 0.474186 0.550388 0.272868 0.255297
1 0.762171 0.563307 0.306202 0.266667
1 0.661783 0.794832 0.417054 0.272868
1 0.259845 0.774677 0.383721 0.253230
1 0.032442 0.534667 0.064884 0.258667
1 0.036705 0.815814 0.073411 0.341705
1 0.192674 0.941561 0.265349 0.111545
1 0.462558 0.948837 0.279070 0.095090
1 0.747946 0.943628 0.295891 0.107411
1 0.938419 0.949333 0.119163 0.096000
1 0.032279 0.949313 0.060558 0.096041
