1 0.045380 0.703170 0.028169 0.073907
1 0.042563 0.769158 0.030986 0.072851
1 0.081296 0.244420 0.057746 0.131976
1 0.141155 0.210106 0.067606 0.162595
1 0.080592 0.355808 0.059155 0.120362
1 0.083408 0.459277 0.056338 0.116139
1 0.083408 0.573305 0.056338 0.116139
1 0.084113 0.684693 0.049296 0.127753
1 0.082704 0.798192 0.054930 0.137255
1 0.144676 0.324662 0.074648 0.146758
1 0.143268 0.446608 0.074648 0.133032
1 0.146085 0.574889 0.069014 0.129865
1 0.143268 0.704225 0.071831 0.147813
1 0.142563 0.832506 0.073239 0.157316
1 0.223549 0.874739 0.091549 0.186878
1 0.225662 0.724286 0.095775 0.166818
1 0.225662 0.580168 0.092958 0.148869
1 0.222845 0.432882 0.095775 0.154148
1 0.224254 0.294043 0.092958 0.163651
1 0.217211 0.163123 0.090141 0.182655
1 0.349606 0.105053 0.191549 0.210106
1 0.358056 0.255506 0.191549 0.196381
1 0.362986 0.415989 0.187324 0.183711
1 0.370732 0.583335 0.205634 0.176320
1 0.373549 0.752793 0.211268 0.198492
1 0.373549 0.900606 0.214085 0.192157
1 0.572845 0.093439 0.263380 0.186878
1 0.583408 0.223832 0.273239 0.285069
1 0.589746 0.419157 0.283099 0.236501
1 0.603127 0.647740 0.278873 0.226999
1 0.615099 0.853095 0.280282 0.263953
1 0.617211 0.941255 0.276056 0.108748
1 0.909014 0.706147 0.177972 0.449775
1 0.857606 0.378339 0.280789 0.294909
1 0.855493 0.146758 0.285014 0.293515
1 0.799606 0.033258 0.187324 0.062293
1 0.784113 0.649323 0.097183 0.251283
1 0.789746 0.882657 0.091549 0.230167
1 0.910423 0.941783 0.175155 0.111916
