1 0.020000 0.261530 0.040000 0.095613
1 0.028000 0.331271 0.056000 0.066367
1 0.040000 0.391451 0.080000 0.116985
1 0.089000 0.401012 0.026000 0.019123
1 0.061000 0.491564 0.122000 0.197975
1 0.077000 0.641732 0.154000 0.120360
1 0.011000 0.669291 0.022000 0.085489
1 0.025000 0.750844 0.050000 0.113611
1 0.040000 0.849269 0.080000 0.089989
1 0.125000 0.849831 0.126000 0.091114
1 0.096000 0.750844 0.144000 0.106862
1 0.220000 0.749156 0.128000 0.110236
1 0.239000 0.845332 0.130000 0.104612
1 0.350000 0.754218 0.124000 0.109111
1 0.358000 0.850956 0.120000 0.091114
1 0.479000 0.848706 0.110000 0.097863
1 0.479000 0.749719 0.118000 0.102362
1 0.603000 0.755343 0.122000 0.100112
1 0.599000 0.850394 0.122000 0.089989
1 0.719000 0.846457 0.134000 0.091114
1 0.730000 0.753656 0.140000 0.123735
1 0.840000 0.827897 0.128000 0.103487
1 0.850000 0.724972 0.128000 0.122610
1 0.853000 0.633296 0.126000 0.096738
1 0.737000 0.648481 0.146000 0.124859
1 0.608000 0.648481 0.140000 0.118110
1 0.471000 0.640045 0.130000 0.116985
1 0.331000 0.641170 0.134000 0.119235
1 0.205000 0.634983 0.138000 0.120360
1 0.176000 0.505062 0.160000 0.157480
1 0.317000 0.516873 0.146000 0.131609
1 0.461000 0.517998 0.142000 0.129359
1 0.601000 0.521935 0.146000 0.134983
1 0.744000 0.522497 0.160000 0.131609
1 0.882000 0.499438 0.168000 0.173228
1 0.717000 0.367267 0.422000 0.181102
1 0.305000 0.362205 0.414000 0.184477
