1 0.515686 0.249140 0.427451 0.279762
1 0.467320 0.442181 0.303268 0.172953
1 0.461111 0.571283 0.269935 0.154825
1 0.455556 0.666148 0.277037 0.159550
1 0.459259 0.757769 0.262716 0.153997
1 0.216296 0.736113 0.238025 0.126974
1 0.204938 0.651896 0.240988 0.127344
1 0.194321 0.549170 0.289877 0.144742
1 0.177037 0.421456 0.301728 0.169175
1 0.222222 0.241176 0.444444 0.246173
1 0.092346 0.136598 0.182716 0.102171
1 0.029383 0.389435 0.058765 0.154737
1 0.039753 0.521776 0.078519 0.135118
1 0.055802 0.630796 0.111605 0.107354
1 0.062963 0.716123 0.124938 0.099580
1 0.811676 0.303651 0.372648 0.316743
1 0.774648 0.493697 0.352676 0.201026
1 0.762817 0.610047 0.336901 0.201449
1 0.721690 0.723230 0.270423 0.143168
1 0.700282 0.808117 0.249014 0.123741
1 0.932313 0.785322 0.129932 0.207039
1 0.945578 0.692001 0.104762 0.218258
1 0.962946 0.582403 0.070109 0.226499
1 0.017785 0.263041 0.035125 0.103712
