1 0.263000 0.532000 0.174000 0.208000
1 0.436000 0.532000 0.180000 0.216000
1 0.624000 0.535000 0.176000 0.222000
1 0.824000 0.523000 0.204000 0.238000
1 0.213000 0.942000 0.186000 0.116000
1 0.404000 0.945000 0.204000 0.102000
1 0.610000 0.953000 0.196000 0.090000
1 0.820000 0.959000 0.208000 0.078000
1 0.828000 0.776000 0.224000 0.264000
1 0.615000 0.775000 0.206000 0.246000
1 0.413000 0.761000 0.202000 0.230000
1 0.227000 0.756000 0.178000 0.240000
1 0.458000 0.324000 0.196000 0.212000
1 0.647000 0.313000 0.170000 0.210000
1 0.824000 0.301000 0.188000 0.214000
1 0.818000 0.102000 0.172000 0.204000
1 0.638000 0.119000 0.160000 0.198000
1 0.458000 0.134000 0.152000 0.192000
1 0.309000 0.148000 0.146000 0.184000
1 0.287000 0.328000 0.158000 0.200000
1 0.323000 0.029000 0.130000 0.058000
1 0.475000 0.021000 0.142000 0.042000
