1 0.457000 0.216216 0.118000 0.156156
1 0.569000 0.216216 0.102000 0.168168
1 0.691000 0.178679 0.138000 0.177177
1 0.332000 0.382883 0.156000 0.057057
1 0.506000 0.357357 0.208000 0.138138
1 0.709000 0.420420 0.194000 0.318318
1 0.315000 0.504505 0.198000 0.192192
1 0.513000 0.519520 0.190000 0.180180
1 0.705000 0.674174 0.190000 0.195195
1 0.701000 0.867868 0.190000 0.204204
1 0.319000 0.696697 0.198000 0.192192
1 0.512000 0.699700 0.188000 0.180180
1 0.319000 0.890390 0.202000 0.195195
1 0.513000 0.885886 0.186000 0.186186
