1 0.121581 0.390710 0.243161 0.278689
1 0.124620 0.161202 0.243161 0.202186
1 0.384498 0.188525 0.276596 0.202186
1 0.644377 0.202186 0.297872 0.191257
1 0.861702 0.217213 0.270517 0.188525
1 0.709726 0.423497 0.367781 0.262295
1 0.892097 0.430328 0.215805 0.265027
1 0.395137 0.412568 0.340426 0.278689
1 0.109422 0.565574 0.212766 0.081967
1 0.379939 0.579235 0.328267 0.081967
1 0.703647 0.590164 0.319149 0.087432
1 0.928571 0.594262 0.142857 0.079235
1 0.696049 0.662568 0.316109 0.079235
1 0.922492 0.670765 0.155015 0.068306
1 0.110942 0.647541 0.215805 0.076503
1 0.384498 0.647541 0.313070 0.076503
1 0.378419 0.725410 0.300912 0.090164
1 0.676292 0.733607 0.300912 0.079235
1 0.907295 0.737705 0.179331 0.071038
1 0.898176 0.804645 0.197568 0.062842
1 0.667173 0.800546 0.300912 0.065574
1 0.887538 0.862022 0.218845 0.062842
1 0.878419 0.915301 0.243161 0.054645
1 0.650456 0.860656 0.285714 0.060109
1 0.629179 0.913934 0.285714 0.051913
1 0.351064 0.912568 0.306991 0.049180
1 0.364742 0.856557 0.310030 0.057377
1 0.363222 0.797814 0.306991 0.071038
1 0.109422 0.796448 0.218845 0.073770
1 0.107903 0.855191 0.215805 0.060109
1 0.098784 0.908470 0.197568 0.051913
1 0.109014 0.720831 0.215986 0.074837
