1 0.136000 0.485757 0.152000 0.104948
1 0.160000 0.586207 0.156000 0.101949
1 0.179000 0.650675 0.126000 0.038981
1 0.159000 0.730885 0.210000 0.163418
1 0.231000 0.076462 0.226000 0.152924
1 0.225000 0.212894 0.166000 0.185907
1 0.277000 0.364318 0.238000 0.173913
1 0.275000 0.519490 0.158000 0.139430
1 0.348000 0.665667 0.228000 0.152924
1 0.340000 0.795352 0.160000 0.157421
1 0.501000 0.053223 0.330000 0.106447
1 0.460000 0.162669 0.372000 0.229385
1 0.543000 0.341829 0.338000 0.191904
1 0.506000 0.511994 0.352000 0.184408
1 0.596000 0.666417 0.316000 0.214393
1 0.573000 0.826087 0.330000 0.212894
1 0.710000 0.074963 0.096000 0.149925
1 0.681000 0.179160 0.086000 0.169415
1 0.745000 0.204648 0.070000 0.145427
1 0.748000 0.336582 0.104000 0.139430
1 0.718000 0.485757 0.112000 0.155922
1 0.796000 0.466267 0.084000 0.125937
1 0.793000 0.601949 0.114000 0.157421
1 0.769000 0.760870 0.094000 0.181409
1 0.828000 0.715892 0.084000 0.154423
1 0.840000 0.110945 0.156000 0.143928
1 0.848000 0.231634 0.140000 0.124438
1 0.879000 0.344828 0.170000 0.116942
1 0.894000 0.452774 0.128000 0.107946
1 0.908000 0.551724 0.148000 0.116942
1 0.922000 0.645427 0.152000 0.154423
