1 0.200000 0.084375 0.400000 0.168750
1 0.669792 0.086719 0.506250 0.173437
1 0.965625 0.085938 0.068750 0.171875
1 0.962500 0.289062 0.075000 0.228125
1 0.918750 0.524219 0.162500 0.239063
1 0.662500 0.285156 0.516667 0.245312
1 0.198958 0.283594 0.397917 0.229687
1 0.582292 0.517188 0.510417 0.237500
1 0.162500 0.510156 0.325000 0.235937
1 0.154167 0.747656 0.304167 0.239063
1 0.560417 0.753125 0.520833 0.243750
1 0.912500 0.761719 0.175000 0.254688
1 0.788542 0.934375 0.422917 0.128125
1 0.280208 0.932031 0.560417 0.135937
