1 0.079871 0.303202 0.157810 0.323995
1 0.189372 0.309005 0.304670 0.329798
1 0.156522 0.581741 0.311755 0.242755
1 0.037100 0.778228 0.073400 0.247748
1 0.157900 0.793243 0.231400 0.220120
1 0.117400 0.932132 0.234800 0.129730
1 0.143483 0.145453 0.155579 0.114922
1 0.131178 0.066699 0.178519 0.132145
1 0.377059 0.127291 0.349114 0.253329
1 0.373501 0.295061 0.325191 0.290803
1 0.387054 0.528207 0.187946 0.207797
1 0.357589 0.713213 0.196875 0.202435
1 0.313616 0.887448 0.192857 0.219099
1 0.320112 0.969394 0.160223 0.055207
1 0.456585 0.848952 0.145759 0.187688
1 0.455357 0.949666 0.129018 0.094179
1 0.561607 0.938271 0.111607 0.116970
1 0.573326 0.826664 0.138170 0.167243
1 0.502121 0.684055 0.139063 0.166238
1 0.522433 0.519493 0.135491 0.178303
1 0.571205 0.347893 0.119643 0.181655
1 0.592411 0.165400 0.135268 0.216176
1 0.551004 0.045414 0.245312 0.090827
1 0.696540 0.196402 0.139509 0.210478
1 0.666406 0.362137 0.126116 0.183331
1 0.636496 0.518655 0.143527 0.166573
1 0.609375 0.674503 0.126786 0.145793
1 0.732800 0.071021 0.154000 0.140841
1 0.813300 0.230180 0.155000 0.196096
1 0.776500 0.380931 0.145400 0.170871
1 0.758100 0.526877 0.149000 0.169670
1 0.722300 0.671021 0.144200 0.163063
1 0.707400 0.806306 0.165600 0.164565
1 0.670900 0.923423 0.149800 0.147147
1 0.768400 0.902402 0.083600 0.162763
1 0.828100 0.885435 0.079800 0.138438
1 0.829400 0.772372 0.106000 0.132132
1 0.814000 0.649099 0.086800 0.157658
1 0.875100 0.653904 0.082200 0.125826
1 0.886100 0.534234 0.113000 0.126126
1 0.866300 0.398649 0.089400 0.148048
1 0.926000 0.408258 0.081200 0.124625
1 0.924300 0.260811 0.147400 0.177477
1 0.898500 0.148498 0.123800 0.104805
1 0.848700 0.052102 0.126200 0.103003
1 0.819100 0.123423 0.061400 0.083483
1 0.949300 0.069069 0.097400 0.138138
1 0.972500 0.177177 0.051000 0.096096
1 0.911266 0.828867 0.118228 0.216292
1 0.968241 0.829133 0.059519 0.180788
1 0.939380 0.651918 0.117241 0.225035
1 0.963051 0.461284 0.069899 0.221614
1 0.020898 0.035800 0.041795 0.070758
1 0.034222 0.097082 0.067882 0.083815
