1 0.176376 0.083787 0.319492 0.166553
1 0.489569 0.078934 0.312941 0.156846
1 0.176376 0.273075 0.316468 0.214066
1 0.495616 0.260558 0.324027 0.207424
1 0.172848 0.486119 0.324531 0.218153
1 0.494608 0.470792 0.341161 0.217131
1 0.172092 0.700185 0.327051 0.230415
1 0.168182 0.901560 0.336364 0.187663
1 0.502162 0.895174 0.350222 0.200435
1 0.502419 0.687668 0.338641 0.225817
1 0.814604 0.256726 0.325035 0.206913
1 0.822163 0.463639 0.327051 0.221219
1 0.830070 0.683581 0.330770 0.223773
1 0.831833 0.893130 0.327242 0.204522
