1 0.330000 0.237333 0.156000 0.128000
1 0.483000 0.332000 0.150000 0.248000
1 0.619000 0.188000 0.086000 0.050667
1 0.637000 0.328000 0.162000 0.245333
1 0.786000 0.285333 0.180000 0.256000
1 0.769000 0.518667 0.154000 0.221333
1 0.615000 0.557333 0.146000 0.224000
1 0.748000 0.726667 0.144000 0.189333
1 0.608000 0.742667 0.152000 0.168000
1 0.464000 0.560000 0.144000 0.224000
1 0.454000 0.748000 0.152000 0.168000
1 0.310000 0.354667 0.172000 0.122667
1 0.310000 0.473333 0.160000 0.109333
1 0.153000 0.502667 0.182000 0.248000
1 0.303000 0.726667 0.142000 0.205333
1 0.139000 0.768000 0.206000 0.288000
1 0.177000 0.232000 0.158000 0.192000
