1 0.264081 0.163710 0.482432 0.188269
1 0.751919 0.159003 0.485135 0.193498
1 0.553946 0.036106 0.618919 0.071124
1 0.123595 0.037403 0.247189 0.074805
1 0.016838 0.166848 0.033676 0.184085
1 0.027649 0.351310 0.055297 0.189022
1 0.288405 0.351456 0.474324 0.187223
1 0.760432 0.347272 0.475135 0.189315
1 0.683405 0.536482 0.629189 0.193708
1 0.186432 0.536064 0.372865 0.184085
1 0.189811 0.715944 0.379622 0.181115
1 0.690162 0.717492 0.615676 0.178019
1 0.763811 0.893775 0.468378 0.175718
1 0.293811 0.895343 0.466216 0.172580
1 0.033054 0.891976 0.066108 0.170948
1 0.286378 0.988432 0.464865 0.019873
1 0.744000 0.988997 0.464000 0.018911
1 0.033054 0.986842 0.066108 0.023220
