1 0.680000 0.077333 0.216000 0.154667
1 0.477000 0.089333 0.190000 0.157333
1 0.299000 0.102667 0.174000 0.146667
1 0.148000 0.120000 0.152000 0.133333
1 0.042000 0.150667 0.084000 0.125333
1 0.043000 0.265333 0.086000 0.109333
1 0.158000 0.244000 0.160000 0.125333
1 0.306000 0.234667 0.164000 0.133333
1 0.475000 0.232000 0.178000 0.133333
1 0.671000 0.222667 0.210000 0.152000
1 0.665000 0.364000 0.202000 0.141333
1 0.477000 0.361333 0.174000 0.130667
1 0.316000 0.358667 0.152000 0.114667
1 0.165000 0.364000 0.162000 0.114667
1 0.050000 0.372000 0.100000 0.109333
1 0.060000 0.482667 0.116000 0.106667
1 0.174000 0.476000 0.152000 0.120000
1 0.320000 0.477333 0.156000 0.122667
1 0.486000 0.486667 0.168000 0.125333
1 0.665000 0.498667 0.190000 0.133333
1 0.868000 0.516000 0.224000 0.173333
1 0.858000 0.658667 0.220000 0.160000
1 0.865000 0.784000 0.210000 0.160000
1 0.871000 0.905333 0.210000 0.152000
1 0.864000 0.972000 0.196000 0.050667
1 0.739000 0.966667 0.030000 0.061333
1 0.745000 0.878667 0.038000 0.114667
1 0.633000 0.805333 0.226000 0.261333
1 0.622000 0.936000 0.208000 0.122667
1 0.427000 0.970667 0.178000 0.053333
1 0.453781 0.775875 0.223562 0.197583
1 0.443172 0.641333 0.246344 0.205333
1 0.221000 0.870667 0.134000 0.120000
1 0.315000 0.890667 0.058000 0.101333
1 0.306000 0.789333 0.072000 0.106667
1 0.209000 0.776000 0.134000 0.128000
1 0.303000 0.689333 0.078000 0.109333
1 0.319000 0.584000 0.122000 0.101333
1 0.202000 0.680000 0.136000 0.117333
1 0.191000 0.580000 0.146000 0.109333
1 0.068000 0.576000 0.128000 0.106667
1 0.080000 0.676000 0.124000 0.109333
1 0.658922 0.629687 0.183594 0.148958
1 0.429625 0.916667 0.175000 0.156250
1 0.076531 0.804167 0.153062 0.218750
