1 0.294061 0.205000 0.101533 0.303333
1 0.394636 0.206667 0.095785 0.286667
1 0.491379 0.203333 0.097701 0.300000
1 0.590038 0.203333 0.095785 0.300000
1 0.689655 0.201667 0.099617 0.296667
1 0.297893 0.503333 0.097701 0.293333
1 0.397510 0.501667 0.097701 0.290000
1 0.494253 0.501667 0.095785 0.296667
1 0.591954 0.503333 0.095785 0.293333
1 0.688697 0.506667 0.105364 0.300000
1 0.296935 0.800000 0.099617 0.293333
1 0.396552 0.800000 0.095785 0.293333
1 0.492337 0.800000 0.095785 0.293333
1 0.592912 0.801667 0.097701 0.290000
1 0.690613 0.803333 0.097701 0.300000
