1 0.181714 0.062255 0.361143 0.124509
1 0.548386 0.067181 0.386246 0.134363
1 0.859450 0.067659 0.276636 0.133980
1 0.119900 0.130237 0.229800 0.018686
1 0.123699 0.155775 0.239306 0.037698
1 0.195011 0.317100 0.388530 0.285770
1 0.658093 0.294383 0.575976 0.323004
1 0.898400 0.290226 0.199200 0.313101
1 0.190994 0.548754 0.381988 0.185851
1 0.617500 0.536517 0.482600 0.189904
1 0.905200 0.533208 0.185600 0.174063
1 0.189670 0.704977 0.378462 0.145971
1 0.587359 0.690314 0.424404 0.137733
1 0.879560 0.684408 0.236881 0.133433
1 0.193272 0.825625 0.386544 0.118508
1 0.204696 0.921192 0.363478 0.095431
1 0.220000 0.979923 0.321043 0.037155
1 0.563974 0.790822 0.378052 0.164787
1 0.553391 0.915716 0.345739 0.110032
1 0.539391 0.974187 0.318783 0.048628
1 0.865087 0.802816 0.265826 0.105339
1 0.848800 0.890037 0.298400 0.117078
1 0.842609 0.967408 0.309217 0.062186
