1 0.387189 0.143403 0.186233 0.174752
1 0.258509 0.163413 0.074952 0.156966
1 0.308795 0.304371 0.175526 0.165859
1 0.438050 0.292587 0.084512 0.161857
1 0.260038 0.459780 0.077247 0.151185
1 0.389675 0.451109 0.187380 0.163191
1 0.312046 0.607853 0.182027 0.154742
1 0.441491 0.607408 0.087572 0.158300
1 0.265774 0.757037 0.079541 0.149851
1 0.394264 0.762595 0.185086 0.159189
1 0.316826 0.907555 0.177055 0.159189
1 0.444933 0.914669 0.084512 0.153853
1 0.088337 0.886211 0.151434 0.144070
1 0.195985 0.894437 0.072275 0.145404
1 0.151243 0.753924 0.157935 0.144515
1 0.040535 0.749255 0.066539 0.136956
1 0.187380 0.611632 0.076482 0.146294
1 0.078585 0.610965 0.147228 0.142292
1 0.145124 0.466006 0.154111 0.146738
1 0.036520 0.471786 0.063862 0.138734
1 0.185086 0.319934 0.071893 0.148962
1 0.079159 0.328827 0.150669 0.148072
1 0.142830 0.182089 0.155641 0.158744
1 0.033078 0.194762 0.065392 0.141402
1 0.524419 0.130611 0.086977 0.160627
1 0.674651 0.115468 0.210698 0.174689
1 0.581628 0.283126 0.204186 0.172526
1 0.729535 0.274743 0.096279 0.168740
1 0.530930 0.448350 0.093488 0.164413
1 0.685116 0.443483 0.213953 0.171985
1 0.589535 0.610059 0.206047 0.163332
1 0.739302 0.608707 0.092558 0.168199
1 0.532558 0.767983 0.090233 0.159005
1 0.684884 0.773121 0.206047 0.164954
1 0.587674 0.921038 0.199535 0.152515
1 0.736395 0.925825 0.092791 0.143699
1 0.887810 0.095681 0.219810 0.185161
1 0.887000 0.265781 0.222000 0.178959
1 0.842095 0.436323 0.097143 0.171872
1 0.942095 0.433666 0.100571 0.175415
1 0.891381 0.604873 0.213238 0.172315
1 0.836190 0.776966 0.095238 0.168328
1 0.939238 0.780952 0.096381 0.175415
1 0.890000 0.928073 0.216000 0.139203
