1 0.279796 0.121935 0.272545 0.077824
1 0.246088 0.284217 0.350426 0.259299
1 0.156738 0.584440 0.299812 0.341680
1 0.494450 0.261765 0.158485 0.092469
1 0.442344 0.363444 0.288688 0.120021
1 0.439496 0.577452 0.360192 0.310130
1 0.194797 0.798824 0.234406 0.147515
1 0.232600 0.920000 0.209200 0.102933
1 0.397942 0.797867 0.218930 0.142933
1 0.612817 0.797304 0.219634 0.153541
1 0.797052 0.580956 0.401896 0.322354
1 0.735079 0.359376 0.327921 0.127285
1 0.706447 0.252766 0.268313 0.099497
1 0.416906 0.915890 0.197811 0.100047
1 0.612340 0.919829 0.197439 0.104307
1 0.828987 0.808227 0.237718 0.138145
1 0.814435 0.923399 0.217462 0.099030
