1 0.495910 0.077109 0.217178 0.152991
1 0.108300 0.343853 0.199400 0.122789
1 0.112600 0.452774 0.178400 0.119940
1 0.124800 0.547226 0.162800 0.101349
1 0.085229 0.639598 0.063540 0.095615
1 0.224619 0.761050 0.221805 0.131118
1 0.220868 0.624395 0.226964 0.207575
1 0.255485 0.467883 0.121941 0.120035
1 0.253270 0.352830 0.107806 0.123356
1 0.240401 0.225283 0.122996 0.138380
1 0.436899 0.233351 0.299536 0.183510
1 0.427949 0.406938 0.273514 0.164459
1 0.438643 0.552600 0.266667 0.156117
1 0.450681 0.679199 0.243570 0.157183
1 0.441150 0.794308 0.222693 0.130646
1 0.686838 0.827763 0.268079 0.160812
1 0.709380 0.713221 0.275038 0.172607
1 0.714826 0.579400 0.288351 0.168524
1 0.739032 0.425846 0.327080 0.182133
1 0.750076 0.248703 0.352194 0.195742
1 0.773071 0.075076 0.357035 0.149698
