1 0.121391 0.039372 0.242783 0.078222
1 0.129043 0.192947 0.257391 0.229972
1 0.138435 0.410664 0.276174 0.217456
1 0.143478 0.613259 0.286957 0.205984
1 0.150609 0.802295 0.301217 0.201812
1 0.154000 0.940291 0.308000 0.116420
1 0.484304 0.932338 0.363391 0.132325
1 0.473217 0.786389 0.369739 0.199726
1 0.464348 0.598396 0.389565 0.209113
1 0.457739 0.393977 0.400696 0.219542
1 0.447304 0.182778 0.409739 0.228408
1 0.444174 0.034418 0.412522 0.067792
1 0.826304 0.028290 0.343391 0.056580
1 0.824913 0.168307 0.346174 0.228668
1 0.827696 0.380875 0.340609 0.216022
1 0.825261 0.581709 0.345478 0.203898
1 0.825957 0.764846 0.344087 0.195359
1 0.826652 0.922821 0.342696 0.151359
