1 0.205707 0.375517 0.150372 0.199173
1 0.205459 0.571050 0.144913 0.198511
1 0.212074 0.766770 0.137461 0.193602
1 0.359133 0.222704 0.138700 0.183695
1 0.352477 0.412639 0.151393 0.200108
1 0.353715 0.606398 0.153251 0.188235
1 0.352322 0.787203 0.142415 0.176677
1 0.479160 0.232484 0.107346 0.141129
1 0.500244 0.396402 0.149513 0.189905
1 0.501649 0.590905 0.148126 0.203098
1 0.493253 0.781809 0.146327 0.184308
1 0.643565 0.393753 0.147130 0.191703
1 0.647584 0.584480 0.146120 0.190532
1 0.636164 0.771889 0.143777 0.187408
1 0.785789 0.362565 0.154593 0.217678
1 0.791508 0.564991 0.147314 0.195494
1 0.788388 0.756095 0.159792 0.189486
1 0.595100 0.217490 0.125800 0.170354
