1 0.036585 0.116667 0.073171 0.233333
1 0.120075 0.133333 0.108818 0.220000
1 0.194184 0.138333 0.065666 0.196667
1 0.068480 0.351667 0.136961 0.236667
1 0.170732 0.338333 0.075047 0.190000
1 0.040338 0.483333 0.076923 0.046667
1 0.109756 0.473333 0.054409 0.053333
1 0.157598 0.456667 0.037523 0.046667
1 0.212946 0.361667 0.043152 0.183333
1 0.115385 0.658333 0.230769 0.390000
1 0.173546 0.683333 0.159475 0.413333
1 0.026266 0.906667 0.052533 0.180000
1 0.140713 0.918333 0.191370 0.163333
1 0.291745 0.076667 0.166979 0.153333
1 0.488743 0.075000 0.219512 0.150000
1 0.800188 0.053333 0.399625 0.106667
1 0.315197 0.286667 0.183865 0.273333
1 0.509381 0.266667 0.219512 0.306667
1 0.393058 0.560000 0.313321 0.280000
1 0.402439 0.810000 0.305816 0.293333
1 0.323640 0.936667 0.174484 0.126667
1 0.507505 0.966667 0.189493 0.060000
1 0.809568 0.258333 0.377111 0.376667
1 0.670732 0.591667 0.242026 0.316667
1 0.674484 0.851667 0.234522 0.296667
1 0.893996 0.620000 0.212008 0.360000
1 0.893996 0.881667 0.212008 0.230000
