1 0.799000 0.518617 0.402000 0.351064
1 0.941000 0.844415 0.118000 0.305851
1 0.750000 0.837766 0.296000 0.324468
1 0.462000 0.833777 0.280000 0.316489
1 0.190000 0.816489 0.292000 0.308511
1 0.339000 0.503989 0.526000 0.353723
1 0.794000 0.127660 0.412000 0.255319
1 0.797000 0.300532 0.406000 0.095745
1 0.385000 0.143617 0.402000 0.202128
1 0.386000 0.291223 0.404000 0.098404
1 0.039000 0.545213 0.078000 0.218085
1 0.090000 0.336436 0.180000 0.199468
1 0.092000 0.139628 0.184000 0.199468
1 0.040000 0.812500 0.080000 0.311170
1 0.174000 0.982713 0.284000 0.034574
