1 0.040000 0.251000 0.080000 0.126000
1 0.149000 0.252000 0.138000 0.128000
1 0.281000 0.253000 0.134000 0.130000
1 0.406000 0.258000 0.120000 0.120000
1 0.529000 0.255000 0.122000 0.118000
1 0.647000 0.256000 0.122000 0.116000
1 0.762000 0.258000 0.112000 0.116000
1 0.871000 0.261000 0.110000 0.118000
1 0.688000 0.378000 0.456000 0.128000
1 0.220000 0.382000 0.440000 0.136000
1 0.036000 0.515000 0.072000 0.130000
1 0.138000 0.514000 0.140000 0.132000
1 0.275000 0.511000 0.130000 0.130000
1 0.404000 0.509000 0.128000 0.126000
1 0.529000 0.504000 0.126000 0.128000
1 0.654000 0.502000 0.136000 0.124000
1 0.773000 0.500000 0.106000 0.124000
1 0.890000 0.499000 0.128000 0.122000
1 0.736000 0.627000 0.460000 0.142000
1 0.490000 0.623000 0.044000 0.114000
1 0.225000 0.643000 0.450000 0.150000
1 0.043000 0.779000 0.086000 0.126000
1 0.155000 0.777000 0.142000 0.138000
1 0.290000 0.764000 0.136000 0.128000
1 0.419000 0.751000 0.130000 0.154000
1 0.539000 0.747000 0.138000 0.138000
1 0.670000 0.753000 0.132000 0.134000
1 0.789000 0.741000 0.118000 0.122000
1 0.905000 0.738000 0.126000 0.128000
1 0.983000 0.701000 0.034000 0.174000
1 0.977000 0.569000 0.046000 0.090000
1 0.976000 0.483000 0.048000 0.090000
1 0.957000 0.397000 0.086000 0.086000
1 0.956000 0.311000 0.088000 0.086000
