1 0.025000 0.145015 0.050000 0.138973
1 0.087000 0.131420 0.094000 0.166163
1 0.214000 0.111782 0.180000 0.187311
1 0.388000 0.098187 0.176000 0.196375
1 0.548000 0.098187 0.152000 0.190332
1 0.778000 0.089124 0.308000 0.178248
1 0.959000 0.093656 0.082000 0.187311
1 0.961000 0.270393 0.078000 0.190332
1 0.970000 0.448640 0.056000 0.178248
1 0.969000 0.613293 0.058000 0.211480
1 0.942000 0.800604 0.088000 0.229607
1 0.912000 0.661631 0.064000 0.241692
1 0.914000 0.472810 0.064000 0.208459
1 0.777000 0.287009 0.298000 0.229607
1 0.719000 0.503021 0.334000 0.238671
1 0.719000 0.712991 0.334000 0.265861
1 0.552000 0.290030 0.152000 0.205438
1 0.392000 0.290030 0.180000 0.181269
1 0.221000 0.276435 0.178000 0.172205
1 0.100000 0.282477 0.084000 0.148036
1 0.034000 0.280967 0.064000 0.145015
1 0.032000 0.412387 0.064000 0.148036
1 0.099000 0.427492 0.086000 0.154079
1 0.222000 0.445619 0.164000 0.166163
1 0.357000 0.453172 0.110000 0.187311
1 0.482000 0.480363 0.144000 0.205438
1 0.484000 0.658610 0.136000 0.205438
1 0.056000 0.551360 0.096000 0.148036
1 0.146000 0.580060 0.088000 0.169184
1 0.245000 0.596677 0.114000 0.178248
1 0.357000 0.622356 0.122000 0.199396
1 0.063000 0.673716 0.098000 0.157100
1 0.153000 0.719033 0.090000 0.169184
1 0.250000 0.752266 0.108000 0.175227
1 0.391000 0.802115 0.178000 0.232628
1 0.547000 0.861027 0.146000 0.235650
1 0.759000 0.885196 0.282000 0.229607
1 0.878000 0.968278 0.036000 0.057402
1 0.937000 0.918429 0.086000 0.157100
1 0.548000 0.959215 0.136000 0.075529
1 0.400000 0.916918 0.180000 0.154079
1 0.256000 0.895770 0.116000 0.184290
1 0.158000 0.859517 0.092000 0.172205
1 0.074000 0.808157 0.096000 0.166163
1 0.059000 0.913897 0.074000 0.172205
1 0.045000 0.981873 0.046000 0.036254
1 0.128000 0.935045 0.084000 0.123867
1 0.237000 0.968278 0.146000 0.063444
