1 0.036162 0.024865 0.072324 0.049730
1 0.037730 0.171892 0.073514 0.307027
1 0.150703 0.117297 0.156757 0.225946
1 0.039351 0.462162 0.076757 0.282162
1 0.153405 0.315135 0.155676 0.247568
1 0.127459 0.541081 0.099459 0.204324
1 0.197189 0.807027 0.327568 0.379459
1 0.024811 0.720351 0.049622 0.355297
1 0.073405 0.924324 0.142703 0.144865
1 0.278811 0.936757 0.162162 0.120000
1 0.333946 0.405405 0.317838 0.268108
1 0.331243 0.655676 0.312432 0.288649
1 0.425297 0.859459 0.137297 0.276757
1 0.463676 0.970892 0.058378 0.054216
1 0.265297 0.109730 0.078919 0.217297
1 0.267459 0.232973 0.078919 0.081081
1 0.384757 0.093514 0.170811 0.184865
1 0.386378 0.230270 0.169730 0.114595
1 0.564757 0.088649 0.191351 0.172973
1 0.563676 0.274595 0.187027 0.222703
1 0.521514 0.489730 0.068108 0.209730
1 0.774486 0.092432 0.232432 0.176216
1 0.770703 0.264324 0.227027 0.243243
1 0.726919 0.491351 0.299459 0.221622
1 0.519892 0.691892 0.077838 0.196757
1 0.723676 0.698378 0.297297 0.244324
1 0.532324 0.887027 0.076757 0.195676
1 0.730703 0.871892 0.313514 0.251892
1 0.532865 0.977297 0.077838 0.038919
1 0.616108 0.988649 0.073514 0.016216
1 0.925838 0.058919 0.076757 0.117838
1 0.980027 0.053514 0.035946 0.100541
1 0.938946 0.219027 0.118108 0.230054
1 0.937865 0.434000 0.120270 0.216000
1 0.936784 0.650000 0.122432 0.220000
1 0.938946 0.854973 0.118108 0.218054
1 0.943811 0.972973 0.108378 0.049730
