1 0.097000 0.266017 0.070000 0.220056
1 0.214000 0.242340 0.176000 0.256267
1 0.116000 0.452646 0.068000 0.147632
1 0.231000 0.448468 0.162000 0.172702
1 0.122000 0.611421 0.068000 0.158774
1 0.236000 0.621170 0.160000 0.178273
1 0.122000 0.724234 0.060000 0.077994
1 0.232000 0.785515 0.160000 0.178273
1 0.124000 0.880223 0.208000 0.239554
1 0.348000 0.279944 0.100000 0.164345
1 0.432000 0.261838 0.064000 0.105850
1 0.354000 0.442897 0.084000 0.161560
1 0.359000 0.591922 0.074000 0.130919
1 0.429000 0.396936 0.062000 0.169916
1 0.430000 0.572423 0.060000 0.169916
1 0.388000 0.753482 0.148000 0.214485
1 0.383000 0.919220 0.138000 0.161560
1 0.275000 0.930362 0.082000 0.139276
1 0.527000 0.232591 0.134000 0.186630
1 0.520000 0.420613 0.124000 0.183844
1 0.485000 0.603064 0.054000 0.181058
1 0.480000 0.777159 0.056000 0.178273
1 0.474000 0.930362 0.052000 0.139276
1 0.680000 0.190808 0.172000 0.231198
1 0.657000 0.406685 0.134000 0.222841
1 0.547000 0.557103 0.078000 0.167131
1 0.544000 0.722841 0.080000 0.169916
1 0.539000 0.888579 0.086000 0.172702
1 0.647000 0.629526 0.130000 0.217270
1 0.644000 0.831476 0.124000 0.220056
1 0.858000 0.171309 0.208000 0.292479
1 0.837000 0.456825 0.242000 0.306407
1 0.822000 0.739554 0.232000 0.309192
1 0.535000 0.979109 0.074000 0.041783
1 0.601000 0.961003 0.062000 0.077994
1 0.676000 0.962396 0.096000 0.075209
