1 0.895872 0.436667 0.200750 0.360000
1 0.895872 0.720000 0.196998 0.346667
1 0.857411 0.908333 0.161351 0.183333
1 0.724203 0.416667 0.157598 0.313333
1 0.723265 0.693333 0.148218 0.266667
1 0.718574 0.896667 0.131332 0.206667
1 0.588180 0.345000 0.166979 0.396667
1 0.589118 0.658333 0.123827 0.256667
1 0.590994 0.878333 0.116323 0.243333
1 0.459662 0.378333 0.161351 0.290000
1 0.459662 0.620000 0.116323 0.213333
1 0.479362 0.821667 0.110694 0.216667
1 0.360225 0.363333 0.153846 0.266667
1 0.360225 0.600000 0.120075 0.213333
1 0.379925 0.788333 0.106942 0.203333
1 0.263602 0.358333 0.151970 0.256667
1 0.266417 0.583333 0.101313 0.193333
1 0.287054 0.753333 0.097561 0.186667
1 0.189493 0.346667 0.142589 0.233333
1 0.188555 0.553333 0.095685 0.200000
1 0.207317 0.720000 0.084428 0.166667
1 0.106942 0.343333 0.120075 0.220000
1 0.108818 0.538333 0.090056 0.170000
1 0.131332 0.696667 0.093809 0.160000
