1 0.894000 0.591644 0.212000 0.175202
1 0.894000 0.774933 0.212000 0.180593
1 0.897000 0.933962 0.206000 0.132075
1 0.672000 0.772237 0.232000 0.180593
1 0.674000 0.933962 0.240000 0.132075
1 0.671000 0.595687 0.230000 0.172507
1 0.434000 0.590296 0.240000 0.177898
1 0.427000 0.776280 0.242000 0.194070
1 0.429000 0.931267 0.250000 0.137466
1 0.837000 0.419137 0.326000 0.180593
1 0.838000 0.245283 0.324000 0.161725
1 0.838000 0.082210 0.324000 0.164420
1 0.565000 0.083558 0.222000 0.167116
1 0.563000 0.245283 0.222000 0.172507
1 0.558000 0.415094 0.228000 0.183288
1 0.338000 0.078167 0.228000 0.156334
1 0.337000 0.238544 0.238000 0.169811
1 0.324000 0.412399 0.240000 0.177898
1 0.109000 0.075472 0.218000 0.150943
1 0.110000 0.233154 0.220000 0.175202
1 0.102000 0.408356 0.204000 0.185984
1 0.159000 0.592992 0.318000 0.188679
1 0.154000 0.789757 0.304000 0.204852
1 0.150000 0.943396 0.300000 0.113208
