1 0.197952 0.131818 0.170648 0.263636
1 0.363481 0.127273 0.180887 0.254545
1 0.539249 0.129545 0.191126 0.259091
1 0.711604 0.127273 0.201365 0.254545
1 0.883959 0.127273 0.204778 0.254545
1 0.976109 0.120455 0.047782 0.240909
1 0.180887 0.427273 0.184300 0.354545
1 0.363481 0.422727 0.194539 0.336364
1 0.554608 0.425000 0.201365 0.331818
1 0.744027 0.415909 0.204778 0.331818
1 0.911263 0.418182 0.177474 0.327273
1 0.186007 0.784091 0.201365 0.377273
1 0.377133 0.777273 0.187713 0.400000
1 0.575085 0.781818 0.215017 0.400000
1 0.773038 0.775000 0.228669 0.395455
1 0.928328 0.790909 0.143345 0.390909
