1 0.915000 0.122189 0.170000 0.169415
1 0.876000 0.280360 0.248000 0.164918
1 0.963000 0.440780 0.074000 0.152924
1 0.888000 0.440780 0.104000 0.152924
1 0.795000 0.440030 0.106000 0.157421
1 0.869000 0.592204 0.262000 0.149925
1 0.950000 0.730885 0.096000 0.139430
1 0.864000 0.733133 0.096000 0.137931
1 0.778000 0.735382 0.100000 0.136432
1 0.849000 0.868066 0.262000 0.143928
1 0.923000 0.963268 0.090000 0.073463
1 0.840000 0.967016 0.084000 0.065967
1 0.757000 0.969265 0.090000 0.061469
1 0.609000 0.119940 0.338000 0.191904
1 0.598000 0.288606 0.328000 0.178411
1 0.591000 0.449025 0.310000 0.154423
1 0.585000 0.601199 0.306000 0.146927
1 0.580000 0.746627 0.304000 0.149925
1 0.575000 0.884558 0.294000 0.146927
1 0.571000 0.971514 0.286000 0.056972
1 0.253000 0.098951 0.362000 0.197901
1 0.257000 0.278861 0.354000 0.179910
1 0.263000 0.446027 0.346000 0.163418
1 0.267000 0.606447 0.334000 0.154423
1 0.269000 0.754873 0.326000 0.154423
1 0.270000 0.895802 0.316000 0.148426
1 0.040000 0.116942 0.080000 0.167916
1 0.044000 0.275112 0.088000 0.151424
1 0.049000 0.437031 0.098000 0.172414
1 0.053000 0.603448 0.106000 0.160420
1 0.056000 0.762369 0.112000 0.157421
1 0.060000 0.911544 0.120000 0.152924
