1 0.223690 0.426511 0.447379 0.298816
1 0.194966 0.191801 0.151724 0.236778
1 0.314966 0.194903 0.126897 0.224371
1 0.423241 0.194903 0.120000 0.222303
1 0.535655 0.199038 0.110345 0.216099
1 0.646000 0.201623 0.118621 0.212997
1 0.749448 0.202657 0.132414 0.217133
1 0.546690 0.429613 0.273103 0.255390
1 0.815103 0.422892 0.365793 0.241948
1 0.114966 0.673629 0.154483 0.201623
1 0.243241 0.666391 0.146207 0.201623
1 0.361172 0.655017 0.125517 0.193352
1 0.475655 0.648297 0.114483 0.188182
1 0.592897 0.640542 0.122759 0.189216
1 0.701172 0.634338 0.124138 0.183012
1 0.806000 0.627617 0.126897 0.181978
1 0.901862 0.621413 0.120000 0.177842
1 0.581172 0.811663 0.104828 0.167502
1 0.477724 0.817350 0.102069 0.168536
1 0.239793 0.839063 0.362759 0.193352
1 0.771517 0.794086 0.303448 0.179910
