1 0.895000 0.184000 0.034000 0.101333
1 0.952000 0.185333 0.096000 0.109333
1 0.982000 0.328000 0.036000 0.176000
1 0.918000 0.506667 0.164000 0.176000
1 0.975000 0.677333 0.050000 0.160000
1 0.980000 0.957333 0.040000 0.085333
1 0.842000 0.669333 0.216000 0.170667
1 0.930000 0.836000 0.140000 0.162667
1 0.724000 0.141333 0.328000 0.192000
1 0.466000 0.033333 0.204000 0.066667
1 0.266000 0.040000 0.200000 0.080000
1 0.086000 0.037333 0.172000 0.074667
1 0.407000 0.156000 0.306000 0.194667
1 0.132000 0.165333 0.264000 0.165333
1 0.857000 0.328000 0.226000 0.181333
1 0.644000 0.320000 0.196000 0.176000
1 0.449000 0.334667 0.190000 0.162667
1 0.258000 0.332000 0.184000 0.168000
1 0.082000 0.326667 0.164000 0.168000
1 0.687000 0.496000 0.294000 0.181333
1 0.638000 0.657333 0.200000 0.168000
1 0.710000 0.833333 0.300000 0.194667
1 0.393000 0.500000 0.290000 0.168000
1 0.442000 0.653333 0.184000 0.154667
1 0.257000 0.645333 0.178000 0.160000
1 0.126000 0.484000 0.252000 0.162667
1 0.085000 0.633333 0.170000 0.157333
1 0.418000 0.804000 0.284000 0.157333
1 0.143000 0.782667 0.270000 0.162667
1 0.864000 0.949333 0.212000 0.101333
1 0.658000 0.942667 0.200000 0.114667
1 0.430000 0.934667 0.184000 0.130667
1 0.250000 0.929333 0.172000 0.141333
1 0.080000 0.920000 0.160000 0.160000
1 0.694000 0.033333 0.240000 0.034667
1 0.907000 0.076000 0.186000 0.114667
