1 0.212242 0.149868 0.423847 0.299735
1 0.214944 0.400636 0.412719 0.256916
1 0.254690 0.568521 0.359936 0.275570
1 0.282989 0.779014 0.314785 0.147112
1 0.315262 0.846211 0.285851 0.244197
1 0.340928 0.936610 0.262143 0.121446
1 0.108000 0.962048 0.216000 0.070571
1 0.096184 0.848119 0.192369 0.209857
1 0.067250 0.668151 0.134499 0.250132
1 0.039269 0.449603 0.077266 0.314149
1 0.647536 0.135029 0.467091 0.266667
1 0.634817 0.403392 0.427027 0.284473
1 0.601908 0.633810 0.342130 0.185692
1 0.607472 0.782830 0.308108 0.184420
1 0.603816 0.917011 0.284897 0.154319
1 0.598321 0.986001 0.252642 0.022665
1 0.860000 0.872382 0.276000 0.249904
1 0.875471 0.664759 0.245059 0.246741
1 0.888605 0.369156 0.218791 0.447047
1 0.927697 0.076135 0.140606 0.152269
