1 0.707447 0.198204 0.359574 0.154491
1 0.920213 0.203593 0.108511 0.114970
1 0.915957 0.322754 0.104255 0.123353
1 0.718085 0.342515 0.346809 0.138922
1 0.384043 0.337725 0.355319 0.150898
1 0.109574 0.333533 0.219149 0.149701
1 0.842553 0.462874 0.314894 0.142515
1 0.844681 0.595210 0.310638 0.126946
1 0.845745 0.708982 0.308511 0.117365
1 0.840426 0.808383 0.314894 0.119760
1 0.522340 0.474251 0.329787 0.129341
1 0.524468 0.599401 0.334043 0.125749
1 0.531915 0.716766 0.319149 0.118563
1 0.536170 0.823353 0.314894 0.106587
1 0.215957 0.823353 0.317021 0.118563
1 0.190426 0.720359 0.325532 0.116168
1 0.187234 0.597605 0.336170 0.131737
1 0.173404 0.471856 0.346809 0.134132
1 0.028723 0.835928 0.057447 0.117365
