1 0.054510 0.134595 0.107753 0.263514
1 0.057997 0.387973 0.114725 0.265766
1 0.075110 0.617703 0.148953 0.236486
1 0.087153 0.823221 0.166700 0.246622
1 0.224063 0.143041 0.271918 0.282658
1 0.233254 0.415563 0.264946 0.307432
1 0.265580 0.668378 0.254805 0.328829
1 0.289349 0.858986 0.244029 0.275360
1 0.400905 0.124459 0.093175 0.243243
1 0.416434 0.362072 0.116627 0.270270
1 0.413899 0.578288 0.097612 0.263514
1 0.439569 0.770293 0.088104 0.291667
1 0.487741 0.118829 0.093175 0.220721
1 0.498200 0.317590 0.058313 0.217342
1 0.495981 0.515225 0.070356 0.243243
1 0.633208 0.140225 0.163531 0.202703
1 0.601833 0.335608 0.113458 0.190315
1 0.638596 0.516914 0.152756 0.183559
1 0.723214 0.349122 0.139445 0.206081
1 0.799909 0.144730 0.177476 0.225225
1 0.864561 0.362635 0.152122 0.217342
1 0.796740 0.546194 0.166067 0.201577
1 0.948139 0.141667 0.099970 0.236667
1 0.963351 0.369257 0.069545 0.214820
1 0.947822 0.572883 0.100603 0.200901
1 0.598981 0.627838 0.169870 0.117117
1 0.536547 0.815901 0.184448 0.360360
1 0.678845 0.835045 0.191420 0.322072
1 0.775189 0.671194 0.181279 0.120495
1 0.837977 0.857860 0.186274 0.277613
1 0.948545 0.712860 0.095710 0.097973
1 0.964936 0.875878 0.066376 0.241577
