1 0.080000 0.027736 0.160000 0.055472
1 0.285000 0.030735 0.254000 0.061469
1 0.538000 0.112444 0.248000 0.224888
1 0.786000 0.029235 0.244000 0.058471
1 0.953000 0.030735 0.094000 0.058471
1 0.090000 0.190405 0.180000 0.272864
1 0.291000 0.188906 0.258000 0.266867
1 0.539000 0.392054 0.242000 0.340330
1 0.784000 0.186657 0.248000 0.262369
1 0.950000 0.190405 0.100000 0.260870
1 0.093000 0.454273 0.186000 0.266867
1 0.296000 0.451274 0.248000 0.263868
1 0.780000 0.449775 0.240000 0.263868
1 0.946000 0.452774 0.108000 0.263868
1 0.083000 0.688906 0.166000 0.211394
1 0.209000 0.688156 0.418000 0.218891
1 0.551000 0.637181 0.322000 0.158921
1 0.831000 0.688156 0.338000 0.218891
1 0.953000 0.629685 0.094000 0.092954
1 0.189000 0.897301 0.374000 0.205397
1 0.594000 0.856822 0.492000 0.286357
1 0.881000 0.895802 0.238000 0.208396
