1 0.230172 0.236000 0.460343 0.226667
1 0.690833 0.225122 0.478442 0.201058
1 0.947431 0.211333 0.112881 0.177333
1 0.228789 0.368031 0.457578 0.084211
1 0.656785 0.348402 0.403943 0.051852
1 0.263403 0.620326 0.441624 0.102714
1 0.649721 0.563746 0.339269 0.071958
1 0.912958 0.520360 0.169356 0.040212
1 0.927927 0.321915 0.139418 0.054512
1 0.918120 0.424914 0.159032 0.163272
1 0.241163 0.503644 0.482327 0.240756
1 0.658914 0.456680 0.414429 0.191093
1 0.270379 0.708367 0.445499 0.216202
1 0.649949 0.641700 0.323058 0.162550
1 0.891766 0.599734 0.211739 0.148738
1 0.292042 0.793625 0.409709 0.101992
1 0.289573 0.825669 0.389701 0.103529
1 0.637438 0.717397 0.291568 0.064276
1 0.634408 0.782470 0.299511 0.157238
1 0.880560 0.728022 0.234151 0.162712
