1 0.500000 0.481333 1.000000 0.962667
1 0.113000 0.729333 0.226000 0.184000
1 0.332000 0.733333 0.232000 0.181333
1 0.558000 0.749333 0.232000 0.192000
1 0.787000 0.753333 0.234000 0.200000
1 0.779000 0.574667 0.226000 0.162667
1 0.558000 0.570667 0.216000 0.170667
1 0.340000 0.560000 0.228000 0.170667
1 0.132000 0.554667 0.224000 0.165333
1 0.149000 0.397333 0.222000 0.154667
1 0.353000 0.404000 0.214000 0.152000
1 0.557000 0.414667 0.210000 0.152000
1 0.772000 0.416000 0.216000 0.149333
1 0.762000 0.268000 0.208000 0.146667
1 0.560000 0.264000 0.204000 0.149333
1 0.360000 0.260000 0.204000 0.146667
1 0.167000 0.258667 0.210000 0.144000
