1 0.180000 0.801333 0.328000 0.253333
1 0.012000 0.784000 0.024000 0.208000
1 0.194000 0.578667 0.320000 0.224000
1 0.019000 0.577333 0.038000 0.200000
1 0.204000 0.360000 0.316000 0.250667
1 0.023000 0.370667 0.046000 0.197333
1 0.130000 0.180000 0.260000 0.200000
1 0.332000 0.230667 0.164000 0.157333
1 0.422000 0.381333 0.160000 0.170667
1 0.481000 0.560000 0.254000 0.197333
1 0.518000 0.434667 0.028000 0.064000
1 0.612000 0.564000 0.008000 0.114667
1 0.585000 0.769333 0.198000 0.242667
1 0.421000 0.769333 0.130000 0.210667
1 0.351000 0.749333 0.014000 0.176000
1 0.865000 0.698667 0.062000 0.144000
1 0.799000 0.700000 0.066000 0.130667
1 0.812000 0.569333 0.076000 0.125333
1 0.722000 0.573333 0.096000 0.117333
1 0.719000 0.694667 0.090000 0.130667
1 0.645000 0.640000 0.054000 0.026667
1 0.645000 0.569333 0.054000 0.109333
1 0.631000 0.456000 0.078000 0.112000
1 0.562000 0.441333 0.056000 0.066667
1 0.733000 0.453333 0.126000 0.117333
1 0.527000 0.356000 0.126000 0.098667
1 0.634000 0.346667 0.084000 0.112000
1 0.738000 0.344000 0.124000 0.138667
1 0.808000 0.477333 0.024000 0.053333
1 0.814000 0.472000 0.036000 0.053333
1 0.938000 0.668000 0.068000 0.061333
1 0.915000 0.576000 0.026000 0.058667
1 0.860000 0.581333 0.020000 0.058667
1 0.882000 0.574667 0.016000 0.056000
1 0.866000 0.517333 0.024000 0.042667
1 0.843000 0.473333 0.018000 0.050667
