1 0.051000 0.248126 0.102000 0.187406
1 0.170000 0.242129 0.156000 0.196402
1 0.318000 0.221889 0.172000 0.203898
1 0.475000 0.205397 0.174000 0.212894
1 0.643000 0.186657 0.186000 0.220390
1 0.826000 0.163418 0.196000 0.224888
1 0.051000 0.427286 0.102000 0.185907
1 0.177000 0.425787 0.150000 0.194903
1 0.326000 0.413043 0.160000 0.202399
1 0.486000 0.404798 0.176000 0.203898
1 0.656000 0.389055 0.196000 0.211394
1 0.838000 0.373313 0.208000 0.224888
1 0.059000 0.622189 0.118000 0.188906
1 0.190000 0.623688 0.152000 0.194903
1 0.344000 0.609445 0.164000 0.196402
1 0.506000 0.620690 0.176000 0.206897
1 0.677000 0.601199 0.186000 0.212894
1 0.868000 0.589955 0.208000 0.217391
1 0.876000 0.828336 0.200000 0.238381
1 0.690000 0.832084 0.188000 0.230885
1 0.515000 0.833583 0.178000 0.218891
1 0.349000 0.823088 0.158000 0.203898
1 0.195000 0.824588 0.162000 0.200900
1 0.061000 0.829085 0.118000 0.203898
