1 0.110000 0.180000 0.220000 0.226667
1 0.115000 0.338667 0.230000 0.186667
1 0.118000 0.516000 0.236000 0.189333
1 0.085000 0.693333 0.170000 0.186667
1 0.089000 0.862667 0.162000 0.178667
1 0.087000 0.970667 0.174000 0.058667
1 0.258000 0.354667 0.064000 0.122667
1 0.311000 0.260000 0.074000 0.066667
1 0.393000 0.260000 0.074000 0.072000
1 0.490000 0.201333 0.116000 0.184000
1 0.270000 0.446667 0.044000 0.066667
1 0.358000 0.394667 0.136000 0.256000
1 0.484000 0.345333 0.140000 0.120000
1 0.509000 0.436000 0.090000 0.077333
1 0.252000 0.604000 0.172000 0.253333
1 0.414000 0.596000 0.156000 0.248000
1 0.292000 0.796000 0.264000 0.242667
1 0.539000 0.552000 0.150000 0.176000
1 0.545000 0.761333 0.242000 0.253333
1 0.250000 0.949333 0.160000 0.101333
1 0.415000 0.941333 0.142000 0.117333
1 0.587000 0.932000 0.154000 0.136000
1 0.768000 0.816000 0.208000 0.213333
1 0.749000 0.929333 0.182000 0.136000
1 0.908000 0.357333 0.184000 0.117333
1 0.797000 0.368000 0.046000 0.085333
1 0.752000 0.372000 0.048000 0.077333
1 0.922000 0.469333 0.156000 0.122667
1 0.809000 0.458667 0.070000 0.101333
1 0.756000 0.452000 0.044000 0.093333
1 0.911000 0.572000 0.178000 0.130667
1 0.803000 0.553333 0.046000 0.109333
1 0.758000 0.537333 0.044000 0.093333
1 0.838000 0.653333 0.108000 0.128000
1 0.762000 0.621333 0.048000 0.106667
1 0.812000 0.208000 0.192000 0.138667
1 0.959000 0.114667 0.082000 0.090667
1 0.700000 0.166667 0.052000 0.082667
1 0.830000 0.116000 0.144000 0.077333
1 0.710000 0.374667 0.052000 0.072000
1 0.713000 0.448000 0.050000 0.085333
1 0.712000 0.521333 0.052000 0.082667
1 0.724000 0.596000 0.044000 0.082667
1 0.922000 0.761333 0.156000 0.274667
1 0.946000 0.922667 0.108000 0.154667
1 0.919000 0.949333 0.082000 0.101333
