1 0.039984 0.059267 0.079968 0.118534
1 0.043585 0.231964 0.085607 0.228999
1 0.050685 0.441166 0.101370 0.212948
1 0.089599 0.638083 0.177635 0.185166
1 0.094949 0.771289 0.186196 0.231140
1 0.097262 0.909857 0.191667 0.165048
1 0.190257 0.068551 0.242955 0.128245
1 0.196208 0.235975 0.229992 0.236208
1 0.199316 0.451204 0.223776 0.200466
1 0.367925 0.643124 0.259518 0.183372
1 0.358554 0.806024 0.254618 0.163052
1 0.355842 0.940667 0.246984 0.105333
1 0.426000 0.074667 0.228000 0.149333
1 0.418657 0.249880 0.227818 0.225420
1 0.410537 0.459630 0.202075 0.199369
1 0.686466 0.087000 0.307068 0.174000
1 0.668821 0.268517 0.294032 0.234967
1 0.630667 0.464667 0.262667 0.196000
1 0.585667 0.641333 0.199333 0.157333
1 0.574333 0.802333 0.190000 0.166000
1 0.562000 0.936667 0.190667 0.113333
1 0.769409 0.638889 0.197609 0.162447
1 0.750070 0.798523 0.182841 0.162447
1 0.731960 0.934737 0.183920 0.117193
1 0.907471 0.085517 0.171724 0.171034
1 0.886333 0.277138 0.214000 0.217724
1 0.870000 0.468667 0.246667 0.177333
1 0.919342 0.637160 0.147984 0.167654
1 0.909465 0.798272 0.167737 0.156543
1 0.902593 0.933292 0.178519 0.120082
