1 0.220974 0.270000 0.235955 0.413333
1 0.244382 0.558333 0.200375 0.236667
1 0.262172 0.738333 0.183521 0.196667
1 0.298689 0.873333 0.155431 0.146667
1 0.227528 0.921667 0.189139 0.156667
1 0.415730 0.893333 0.198502 0.213333
1 0.421348 0.715000 0.164794 0.183333
1 0.494382 0.788333 0.052434 0.216667
1 0.584270 0.770000 0.149813 0.240000
1 0.598315 0.661667 0.170412 0.236667
1 0.609551 0.488333 0.174157 0.236667
1 0.416667 0.526667 0.185393 0.226667
1 0.417603 0.238333 0.202247 0.403333
1 0.594569 0.206667 0.222846 0.393333
1 0.735019 0.761667 0.151685 0.183333
1 0.752809 0.623333 0.153558 0.206667
1 0.773408 0.440000 0.179775 0.240000
1 0.762172 0.175000 0.250936 0.350000
1 0.912921 0.148333 0.170412 0.296667
1 0.916667 0.380000 0.151685 0.213333
1 0.892322 0.541667 0.151685 0.203333
1 0.870787 0.698333 0.131086 0.156667
