1 0.554444 0.880625 0.357778 0.238750
1 0.237778 0.881875 0.284444 0.176250
1 0.353333 0.798125 0.480000 0.138750
1 0.723333 0.817500 0.260000 0.152500
1 0.796667 0.720625 0.406667 0.143750
1 0.348889 0.707500 0.506667 0.127500
1 0.797778 0.620625 0.404444 0.126250
1 0.796667 0.510625 0.406667 0.113750
1 0.354444 0.611250 0.495556 0.107500
1 0.355556 0.512500 0.488889 0.100000
1 0.738889 0.429375 0.304444 0.083750
1 0.951111 0.425625 0.097778 0.068750
1 0.355556 0.420625 0.471111 0.113750
1 0.357778 0.334375 0.484444 0.131250
1 0.377778 0.245625 0.462222 0.141250
1 0.070000 0.811250 0.055556 0.117500
1 0.071111 0.740000 0.093333 0.125000
1 0.064444 0.656250 0.102222 0.092500
1 0.021111 0.690625 0.042222 0.078750
1 0.025556 0.765000 0.051111 0.100000
1 0.071111 0.592500 0.080000 0.085000
1 0.016667 0.580000 0.033333 0.070000
1 0.010000 0.632500 0.020000 0.050000
1 0.080000 0.517500 0.080000 0.077500
1 0.022222 0.517500 0.044444 0.062500
1 0.084444 0.442500 0.071111 0.085000
1 0.025556 0.456250 0.051111 0.067500
1 0.083333 0.373750 0.073333 0.095000
1 0.024444 0.403125 0.048889 0.073750
1 0.107778 0.299375 0.077778 0.101250
1 0.035556 0.340625 0.071111 0.096250
1 0.081111 0.285625 0.162222 0.101250
1 0.853333 0.363750 0.293333 0.077500
1 0.962222 0.216875 0.075556 0.078750
1 0.962222 0.276250 0.075556 0.077500
1 0.962222 0.315000 0.075556 0.032500
1 0.652222 0.375000 0.108889 0.032500
1 0.762222 0.335000 0.328889 0.080000
1 0.764444 0.276875 0.324444 0.081250
1 0.763333 0.221250 0.326667 0.095000
