1 0.193292 0.112500 0.225000 0.187500
1 0.391208 0.146354 0.197917 0.167708
1 0.347979 0.247396 0.294792 0.105208
1 0.100812 0.197083 0.201625 0.114167
1 0.087792 0.331313 0.175583 0.218625
1 0.338083 0.352604 0.372917 0.196875
1 0.065396 0.495896 0.130792 0.147792
1 0.188083 0.514583 0.118750 0.145833
1 0.415167 0.475521 0.354167 0.294792
1 0.711000 0.284375 0.383333 0.287500
1 0.949812 0.318875 0.096375 0.250250
1 0.951375 0.106000 0.093250 0.212000
1 0.711000 0.151563 0.402083 0.301042
1 0.492771 0.156771 0.040625 0.165625
1 0.787042 0.534375 0.418750 0.283333
1 0.388083 0.755729 0.370833 0.309375
1 0.739646 0.802604 0.371875 0.301042
1 0.957625 0.797000 0.080750 0.306000
1 0.947729 0.964625 0.099458 0.066750
1 0.729750 0.964625 0.337500 0.066750
1 0.380271 0.952083 0.373958 0.091667
1 0.101333 0.946000 0.202667 0.104000
1 0.116437 0.731479 0.232875 0.334958
