1 0.067000 0.077327 0.134000 0.100601
1 0.218000 0.073574 0.244000 0.105105
1 0.425000 0.076577 0.234000 0.105105
1 0.643000 0.077327 0.214000 0.106607
1 0.868000 0.075075 0.232000 0.111111
1 0.046000 0.193694 0.092000 0.132132
1 0.179000 0.189940 0.258000 0.130631
1 0.409000 0.188438 0.238000 0.124625
1 0.654000 0.192943 0.252000 0.124625
1 0.878000 0.194444 0.244000 0.133634
1 0.023000 0.315315 0.046000 0.123123
1 0.139000 0.328078 0.278000 0.154655
1 0.389000 0.328829 0.278000 0.162162
1 0.665000 0.334084 0.262000 0.157658
1 0.890000 0.336336 0.220000 0.165165
1 0.497000 0.542042 0.458000 0.564565
1 0.123000 0.502252 0.246000 0.196697
1 0.276000 0.503003 0.116000 0.192192
1 0.769000 0.504505 0.126000 0.195195
1 0.901000 0.512012 0.198000 0.198198
1 0.107000 0.724474 0.214000 0.259760
1 0.338000 0.734234 0.344000 0.279279
1 0.142000 0.924925 0.284000 0.147147
1 0.683000 0.726727 0.346000 0.252252
1 0.913000 0.750751 0.174000 0.282282
1 0.688000 0.932432 0.360000 0.135135
1 0.926000 0.957958 0.144000 0.084084
