1 0.636667 0.440000 0.313333 0.133333
1 0.890000 0.540000 0.220000 0.400000
1 0.636667 0.316667 0.286667 0.126667
1 0.883333 0.286667 0.233333 0.120000
1 0.350000 0.313333 0.286667 0.106667
1 0.333333 0.430000 0.306667 0.126667
1 0.103333 0.430000 0.206667 0.126667
1 0.080000 0.570000 0.160000 0.153333
1 0.300000 0.573333 0.360000 0.160000
1 0.633333 0.583333 0.360000 0.180000
1 0.640000 0.836667 0.386667 0.326667
1 0.276667 0.823333 0.393333 0.340000
1 0.106667 0.816667 0.213333 0.353333
1 0.116667 0.313333 0.233333 0.120000
1 0.130000 0.216667 0.260000 0.113333
1 0.383333 0.213333 0.260000 0.106667
1 0.636667 0.206667 0.260000 0.106667
1 0.873333 0.180000 0.253333 0.106667
