1 0.829688 0.944444 0.321875 0.111111
1 0.575000 0.966667 0.187500 0.066667
1 0.834375 0.811111 0.331250 0.244444
1 0.573438 0.830556 0.190625 0.272222
1 0.371875 0.872222 0.212500 0.233333
1 0.135937 0.877778 0.246875 0.244444
1 0.929688 0.588889 0.140625 0.211111
1 0.768750 0.594444 0.187500 0.211111
1 0.584375 0.602778 0.187500 0.216667
1 0.939063 0.369444 0.121875 0.227778
1 0.790625 0.375000 0.187500 0.238889
1 0.929688 0.141667 0.140625 0.238889
1 0.770312 0.138889 0.184375 0.244444
1 0.582812 0.133333 0.203125 0.266667
1 0.367188 0.130556 0.228125 0.261111
1 0.596875 0.380556 0.200000 0.250000
1 0.365625 0.638889 0.225000 0.266667
1 0.128125 0.658333 0.256250 0.272222
1 0.379688 0.386111 0.215625 0.250000
1 0.132812 0.397222 0.265625 0.283333
1 0.121875 0.127778 0.243750 0.255556
