1 0.274000 0.209333 0.548000 0.205333
1 0.145000 0.414667 0.282000 0.205333
1 0.407000 0.413333 0.254000 0.202667
1 0.772000 0.212000 0.456000 0.189333
1 0.736000 0.065333 0.100000 0.109333
1 0.816000 0.062667 0.060000 0.114667
1 0.874000 0.066667 0.064000 0.106667
1 0.939000 0.060000 0.070000 0.120000
1 0.657000 0.400000 0.258000 0.186667
1 0.889000 0.398667 0.222000 0.184000
1 0.271000 0.593333 0.522000 0.205333
1 0.765000 0.572000 0.470000 0.189333
1 0.156000 0.786667 0.256000 0.197333
1 0.400000 0.772000 0.236000 0.184000
1 0.633000 0.753333 0.234000 0.184000
1 0.858000 0.745333 0.224000 0.184000
1 0.287000 0.917333 0.486000 0.165333
1 0.758000 0.898667 0.452000 0.202667
