1 0.154396 0.164950 0.308793 0.317529
1 0.476074 0.165981 0.347465 0.321653
1 0.820677 0.173888 0.354645 0.338828
1 0.801880 0.480933 0.344700 0.306189
1 0.478839 0.452067 0.310599 0.285570
1 0.783908 0.755678 0.327189 0.292787
1 0.482525 0.702069 0.290323 0.243301
1 0.775074 0.937030 0.306147 0.121465
1 0.489438 0.908257 0.267281 0.177321
1 0.206512 0.885483 0.294977 0.224559
1 0.189438 0.687636 0.316129 0.261858
1 0.263631 0.444850 0.132719 0.273199
1 0.029051 0.741399 0.058101 0.185260
1 0.042876 0.914958 0.085751 0.163919
