1 0.293000 0.206412 0.402000 0.086614
1 0.658000 0.219910 0.400000 0.097863
1 0.235000 0.303712 0.450000 0.121485
1 0.646000 0.314961 0.448000 0.119235
1 0.214000 0.416760 0.424000 0.129359
1 0.639000 0.433633 0.498000 0.127109
1 0.195000 0.553993 0.390000 0.172103
1 0.631000 0.578178 0.582000 0.179978
1 0.161000 0.748594 0.322000 0.264342
1 0.597000 0.787964 0.730000 0.307087
1 0.099000 0.930259 0.198000 0.139483
1 0.556000 0.938695 0.808000 0.122610
1 0.935000 0.224972 0.130000 0.132733
1 0.947000 0.386389 0.106000 0.192351
1 0.961000 0.624297 0.078000 0.292463
1 0.958000 0.885827 0.084000 0.228346
