1 0.089286 0.106667 0.178571 0.186667
1 0.352679 0.100000 0.419643 0.200000
1 0.156250 0.293333 0.312500 0.186667
1 0.455357 0.286667 0.285714 0.213333
1 0.803571 0.290000 0.392857 0.233333
1 0.084821 0.460000 0.169643 0.160000
1 0.285714 0.473333 0.250000 0.173333
1 0.558036 0.483333 0.312500 0.180000
1 0.852679 0.493333 0.294643 0.200000
1 0.156250 0.613333 0.312500 0.173333
1 0.437500 0.640000 0.267857 0.173333
1 0.781250 0.676667 0.437500 0.193333
1 0.116071 0.750000 0.232143 0.153333
1 0.343750 0.773333 0.223214 0.160000
1 0.584821 0.810000 0.276786 0.180000
1 0.857143 0.846667 0.285714 0.186667
1 0.165179 0.893333 0.330357 0.173333
1 0.446429 0.920000 0.267857 0.160000
1 0.781250 0.940000 0.437500 0.120000
1 0.205357 0.956667 0.410714 0.086667
