1 0.745000 0.236132 0.162000 0.148426
1 0.587000 0.244378 0.154000 0.146927
1 0.438000 0.248126 0.148000 0.142429
1 0.294000 0.253373 0.148000 0.137931
1 0.718000 0.375562 0.216000 0.136432
1 0.506000 0.380810 0.204000 0.131934
1 0.306000 0.384558 0.204000 0.127436
1 0.748000 0.503748 0.148000 0.125937
1 0.595000 0.505997 0.142000 0.124438
1 0.449000 0.507496 0.142000 0.121439
1 0.298000 0.510495 0.148000 0.121439
1 0.722000 0.625937 0.204000 0.121439
1 0.522000 0.625937 0.196000 0.118441
1 0.331000 0.627436 0.198000 0.115442
1 0.741000 0.742879 0.138000 0.115442
1 0.603000 0.742879 0.134000 0.115442
1 0.457000 0.742129 0.134000 0.113943
1 0.309000 0.740630 0.134000 0.107946
1 0.720000 0.855322 0.192000 0.109445
1 0.530000 0.853823 0.188000 0.112444
1 0.343000 0.850075 0.186000 0.107946
1 0.973000 0.254123 0.054000 0.124438
1 0.912000 0.268366 0.072000 0.113943
1 0.977000 0.373313 0.046000 0.125937
1 0.938000 0.370315 0.032000 0.107946
1 0.956000 0.484258 0.056000 0.125937
1 0.940000 0.571964 0.080000 0.124438
1 0.898000 0.369565 0.048000 0.097451
1 0.898000 0.466267 0.060000 0.107946
1 0.025000 0.299100 0.050000 0.094453
1 0.068000 0.305847 0.040000 0.083958
1 0.142000 0.314843 0.112000 0.068966
1 0.120000 0.383808 0.076000 0.071964
1 0.172000 0.381559 0.036000 0.064468
1 0.132000 0.452774 0.084000 0.077961
1 0.190000 0.444528 0.040000 0.067466
1 0.055000 0.387556 0.062000 0.082459
1 0.075000 0.463268 0.038000 0.083958
1 0.038000 0.472264 0.044000 0.089955
1 0.148000 0.516492 0.108000 0.085457
1 0.144000 0.582459 0.092000 0.082459
1 0.149000 0.645427 0.086000 0.091454
1 0.060000 0.544978 0.072000 0.097451
1 0.065000 0.622939 0.086000 0.115442
1 0.074000 0.687406 0.068000 0.106447
1 0.014000 0.388306 0.028000 0.089955
1 0.012000 0.478261 0.024000 0.086957
1 0.019000 0.562969 0.038000 0.094453
1 0.015000 0.649925 0.030000 0.094453
1 0.026000 0.742129 0.052000 0.119940
1 0.868000 0.368066 0.024000 0.085457
1 0.868000 0.284108 0.028000 0.091454
