1 0.031000 0.305097 0.062000 0.127436
1 0.124000 0.293853 0.124000 0.146927
1 0.253000 0.281109 0.150000 0.163418
1 0.436000 0.263118 0.220000 0.178411
1 0.340000 0.181409 0.168000 0.053973
1 0.474000 0.157421 0.104000 0.050975
1 0.703000 0.094453 0.378000 0.188906
1 0.701000 0.233133 0.346000 0.226387
1 0.912000 0.116942 0.064000 0.131934
1 0.950000 0.247376 0.100000 0.152924
1 0.469000 0.431034 0.266000 0.166417
1 0.236000 0.426537 0.208000 0.148426
1 0.067000 0.428786 0.134000 0.128936
1 0.857000 0.423538 0.286000 0.211394
1 0.887000 0.631934 0.226000 0.220390
1 0.645000 0.607196 0.246000 0.191904
1 0.417000 0.583958 0.154000 0.166417
1 0.265000 0.568216 0.138000 0.140930
1 0.140000 0.553973 0.116000 0.130435
1 0.041000 0.541979 0.082000 0.121439
1 0.865000 0.823838 0.270000 0.244378
1 0.467000 0.745127 0.266000 0.203898
1 0.238000 0.695652 0.188000 0.170915
1 0.074000 0.658171 0.144000 0.143928
1 0.051000 0.763118 0.098000 0.137931
1 0.149000 0.791604 0.118000 0.146927
1 0.272000 0.832084 0.124000 0.158921
1 0.415000 0.877061 0.150000 0.176912
1 0.636000 0.915292 0.232000 0.169415
1 0.456000 0.964018 0.160000 0.071964
1 0.066000 0.856072 0.132000 0.113943
1 0.169000 0.926537 0.334000 0.146927
1 0.074000 0.968516 0.148000 0.062969
