1 0.201000 0.180233 0.246000 0.197674
1 0.186000 0.292151 0.176000 0.037791
1 0.148000 0.424419 0.272000 0.273256
1 0.169000 0.623547 0.274000 0.183140
1 0.200000 0.765988 0.260000 0.177326
1 0.214000 0.902616 0.228000 0.136628
1 0.408000 0.254360 0.272000 0.264535
1 0.336000 0.104651 0.080000 0.069767
1 0.503000 0.075581 0.262000 0.151163
1 0.696000 0.082849 0.128000 0.066860
1 0.675000 0.245640 0.294000 0.287791
1 0.403000 0.463663 0.262000 0.177326
1 0.668000 0.447674 0.256000 0.197674
1 0.420000 0.619186 0.252000 0.174419
1 0.672000 0.604651 0.244000 0.168605
1 0.440000 0.750000 0.228000 0.156977
1 0.686000 0.843023 0.308000 0.313953
1 0.426000 0.906977 0.256000 0.186047
1 0.672000 0.706395 0.228000 0.063953
