1 0.008000 0.078000 0.016000 0.140000
1 0.064000 0.074000 0.116000 0.148000
1 0.060000 0.211000 0.120000 0.130000
1 0.185000 0.069000 0.130000 0.138000
1 0.180000 0.205000 0.136000 0.146000
1 0.309000 0.066000 0.122000 0.132000
1 0.307000 0.201000 0.126000 0.158000
1 0.013000 0.357000 0.026000 0.162000
1 0.095000 0.363000 0.138000 0.174000
1 0.040000 0.536000 0.080000 0.200000
1 0.141000 0.551000 0.162000 0.218000
1 0.026000 0.723000 0.052000 0.190000
1 0.127000 0.750000 0.162000 0.220000
1 0.265000 0.365000 0.206000 0.174000
1 0.339000 0.772000 0.278000 0.324000
1 0.684000 0.825000 0.420000 0.350000
1 0.361000 0.505000 0.298000 0.294000
1 0.690000 0.528000 0.424000 0.336000
1 0.496000 0.247000 0.256000 0.234000
1 0.494000 0.077000 0.252000 0.154000
1 0.804000 0.074000 0.376000 0.148000
1 0.994000 0.081000 0.012000 0.162000
1 0.809000 0.248000 0.382000 0.276000
1 0.950000 0.524000 0.100000 0.276000
1 0.933000 0.785000 0.082000 0.290000
1 0.987000 0.744000 0.026000 0.240000
