1 0.760000 0.100450 0.236000 0.134933
1 0.469000 0.126687 0.062000 0.043478
1 0.362000 0.092204 0.144000 0.046477
1 0.366000 0.128936 0.140000 0.032984
1 0.250000 0.122939 0.096000 0.038981
1 0.102000 0.097451 0.204000 0.086957
1 0.494000 0.234633 0.140000 0.061469
1 0.639000 0.222639 0.178000 0.091454
1 0.774000 0.236882 0.088000 0.068966
1 0.899000 0.406297 0.198000 0.263868
1 0.712000 0.401799 0.232000 0.263868
1 0.503000 0.395802 0.218000 0.263868
1 0.281000 0.391304 0.218000 0.266867
1 0.093000 0.383058 0.186000 0.271364
1 0.890000 0.650675 0.216000 0.230885
1 0.697000 0.648426 0.218000 0.235382
1 0.499000 0.642429 0.202000 0.235382
1 0.292000 0.640180 0.208000 0.233883
1 0.099000 0.639430 0.198000 0.235382
1 0.874000 0.874063 0.216000 0.215892
1 0.687000 0.868066 0.206000 0.212894
1 0.497000 0.867316 0.194000 0.214393
1 0.305000 0.864318 0.190000 0.214393
1 0.112000 0.863568 0.204000 0.215892
