1 0.176000 0.480000 0.136000 0.100000
1 0.285000 0.483000 0.086000 0.094000
1 0.407000 0.476000 0.170000 0.124000
1 0.436000 0.409000 0.096000 0.030000
1 0.554000 0.407000 0.100000 0.034000
1 0.581000 0.485000 0.178000 0.122000
1 0.627000 0.393000 0.046000 0.070000
1 0.728000 0.381000 0.168000 0.126000
1 0.885000 0.380000 0.146000 0.124000
1 0.749000 0.496000 0.158000 0.132000
1 0.900000 0.493000 0.144000 0.126000
1 0.105000 0.591000 0.174000 0.134000
1 0.267000 0.595000 0.162000 0.130000
1 0.421000 0.598000 0.162000 0.136000
1 0.585000 0.608000 0.174000 0.128000
1 0.078000 0.721000 0.156000 0.138000
1 0.072000 0.861000 0.144000 0.142000
1 0.228000 0.723000 0.168000 0.134000
1 0.385000 0.727000 0.166000 0.134000
1 0.565000 0.732000 0.202000 0.132000
1 0.222000 0.861000 0.176000 0.142000
1 0.389000 0.860000 0.170000 0.144000
1 0.596000 0.857000 0.196000 0.162000
1 0.752000 0.611000 0.164000 0.126000
1 0.910000 0.613000 0.160000 0.130000
1 0.756000 0.738000 0.188000 0.132000
1 0.922000 0.743000 0.152000 0.130000
1 0.767000 0.868000 0.150000 0.140000
1 0.918000 0.873000 0.152000 0.138000
