1 0.041000 0.809309 0.082000 0.198198
1 0.108000 0.774775 0.216000 0.204204
1 0.204000 0.737237 0.236000 0.180180
1 0.043000 0.942192 0.086000 0.115616
1 0.153000 0.918919 0.138000 0.162162
1 0.274000 0.881381 0.120000 0.171171
1 0.190000 0.987988 0.056000 0.024024
1 0.277000 0.962462 0.114000 0.075075
1 0.383000 0.961712 0.106000 0.076577
1 0.527000 0.974474 0.186000 0.051051
1 0.425000 0.882132 0.186000 0.172673
1 0.639000 0.898649 0.262000 0.196697
1 0.389000 0.745495 0.118000 0.142643
1 0.584000 0.764264 0.280000 0.177177
1 0.681000 0.981231 0.058000 0.037538
1 0.747000 0.954204 0.078000 0.088589
1 0.800000 0.930180 0.076000 0.139640
1 0.793000 0.827327 0.090000 0.153153
1 0.748000 0.728979 0.072000 0.160661
1 0.806000 0.703453 0.060000 0.145646
1 0.899287 0.666711 0.142574 0.150061
1 0.889317 0.564676 0.150634 0.122900
1 0.614000 0.617868 0.252000 0.163664
1 0.777000 0.593844 0.090000 0.139640
1 0.843000 0.441441 0.038000 0.045045
1 0.830000 0.377628 0.056000 0.091592
1 0.831000 0.205706 0.062000 0.093093
1 0.830000 0.126126 0.064000 0.090090
1 0.729000 0.471471 0.070000 0.135135
1 0.787000 0.467718 0.054000 0.124625
1 0.560000 0.475225 0.280000 0.154655
1 0.401000 0.617868 0.182000 0.145646
1 0.246000 0.604354 0.140000 0.121622
1 0.368000 0.481231 0.112000 0.133634
1 0.263000 0.482733 0.102000 0.121622
1 0.190000 0.487237 0.056000 0.118619
1 0.762000 0.338589 0.088000 0.136637
1 0.772000 0.222222 0.060000 0.138138
1 0.711000 0.197447 0.078000 0.160661
1 0.598000 0.322823 0.264000 0.168168
1 0.384000 0.343844 0.176000 0.156156
1 0.226000 0.360360 0.140000 0.138138
1 0.536000 0.172673 0.288000 0.198198
1 0.345000 0.211712 0.110000 0.150150
1 0.247000 0.234234 0.110000 0.141141
1 0.173000 0.248498 0.050000 0.127628
1 0.255000 0.114114 0.238000 0.171171
1 0.476000 0.073574 0.216000 0.126126
1 0.692000 0.086336 0.216000 0.172673
1 0.930108 0.195626 0.136918 0.106020
1 0.907527 0.284962 0.182079 0.100638
1 0.929391 0.371339 0.135484 0.091489
1 0.929749 0.460138 0.131900 0.088260
1 0.876515 0.786430 0.085149 0.145690
1 0.945822 0.744061 0.053465 0.121904
1 0.871564 0.902388 0.069307 0.144204
1 0.884487 0.956245 0.091026 0.083738
1 0.941538 0.848445 0.079487 0.153038
1 0.964615 0.926888 0.064103 0.144375
1 0.976154 0.547182 0.041026 0.083738
