1 0.312000 0.368000 0.284000 0.272000
1 0.581000 0.393333 0.270000 0.269333
1 0.563000 0.617333 0.258000 0.216000
1 0.306000 0.601333 0.268000 0.221333
1 0.546000 0.817333 0.252000 0.200000
1 0.303000 0.805333 0.258000 0.197333
1 0.307000 0.069333 0.290000 0.138667
1 0.306000 0.177333 0.280000 0.146667
1 0.590000 0.089333 0.280000 0.178667
1 0.578000 0.221333 0.260000 0.149333
1 0.776000 0.142667 0.124000 0.077333
1 0.785000 0.206667 0.162000 0.072000
1 0.795000 0.329333 0.202000 0.194667
1 0.802000 0.510667 0.232000 0.184000
1 0.936000 0.382667 0.120000 0.285333
1 0.076000 0.485333 0.152000 0.090667
1 0.088000 0.473333 0.164000 0.093333
1 0.076000 0.293333 0.152000 0.272000
