1 0.203030 0.075248 0.406060 0.107374
1 0.215739 0.162962 0.431478 0.091259
1 0.220576 0.258483 0.429431 0.113823
1 0.219237 0.361703 0.438474 0.112265
1 0.238315 0.472538 0.470270 0.124659
1 0.238792 0.585041 0.476948 0.129903
1 0.232341 0.701584 0.464683 0.133564
1 0.240278 0.822208 0.479762 0.127317
1 0.246000 0.935342 0.492000 0.126318
1 0.655583 0.064048 0.433661 0.101099
1 0.658621 0.160850 0.463602 0.115481
1 0.714245 0.284367 0.558890 0.149578
1 0.677802 0.356855 0.484396 0.110714
1 0.734900 0.465067 0.526200 0.109445
1 0.734300 0.581084 0.527400 0.124688
1 0.546786 0.692386 0.172371 0.116107
1 0.543478 0.808835 0.157971 0.127654
1 0.535371 0.934183 0.111142 0.128636
