1 0.806250 0.115625 0.362500 0.218750
1 0.778125 0.303125 0.343750 0.231250
1 0.753125 0.481250 0.318750 0.200000
1 0.706250 0.618750 0.287500 0.225000
1 0.700000 0.800000 0.275000 0.150000
1 0.587500 0.100000 0.087500 0.175000
1 0.571875 0.268750 0.081250 0.162500
1 0.559375 0.425000 0.081250 0.150000
1 0.528125 0.568750 0.056250 0.137500
1 0.462500 0.100000 0.162500 0.175000
1 0.453125 0.271875 0.156250 0.156250
1 0.443750 0.425000 0.150000 0.150000
1 0.437500 0.565625 0.150000 0.143750
1 0.431250 0.700000 0.137500 0.112500
1 0.278125 0.096875 0.168750 0.168750
1 0.275000 0.265625 0.162500 0.156250
1 0.278125 0.421875 0.156250 0.143750
1 0.284375 0.568750 0.143750 0.137500
1 0.287500 0.693750 0.137500 0.112500
1 0.096875 0.096875 0.181250 0.168750
1 0.109375 0.262500 0.156250 0.162500
1 0.115625 0.425000 0.156250 0.150000
1 0.131250 0.565625 0.150000 0.131250
1 0.140625 0.696875 0.143750 0.118750
