1 0.149000 0.170000 0.138000 0.184000
1 0.278000 0.176000 0.132000 0.184000
1 0.406000 0.167000 0.128000 0.190000
1 0.532000 0.168000 0.128000 0.192000
1 0.142000 0.362000 0.140000 0.204000
1 0.277000 0.366000 0.138000 0.200000
1 0.409000 0.359000 0.138000 0.198000
1 0.539000 0.365000 0.134000 0.198000
1 0.125000 0.574000 0.162000 0.220000
1 0.263000 0.573000 0.154000 0.218000
1 0.400000 0.566000 0.148000 0.216000
1 0.538000 0.571000 0.144000 0.218000
1 0.104000 0.803000 0.164000 0.242000
1 0.249000 0.800000 0.154000 0.240000
1 0.395000 0.792000 0.146000 0.240000
1 0.541000 0.797000 0.150000 0.242000
1 0.685000 0.799000 0.154000 0.238000
1 0.831000 0.799000 0.162000 0.242000
1 0.660000 0.178000 0.128000 0.192000
1 0.785000 0.171000 0.130000 0.186000
1 0.672000 0.370000 0.136000 0.196000
1 0.803000 0.359000 0.138000 0.194000
1 0.678000 0.572000 0.140000 0.216000
1 0.815000 0.568000 0.146000 0.228000
1 0.952000 0.305000 0.092000 0.238000
