1 0.130000 0.281899 0.260000 0.178042
1 0.030000 0.129080 0.060000 0.145401
1 0.160000 0.056380 0.212000 0.112760
1 0.168000 0.165430 0.244000 0.200297
1 0.311000 0.039318 0.110000 0.078635
1 0.321000 0.124629 0.122000 0.148368
1 0.447000 0.072700 0.170000 0.142433
1 0.373000 0.175816 0.186000 0.132047
1 0.584000 0.031899 0.136000 0.063798
1 0.673000 0.103858 0.430000 0.207715
1 0.464000 0.271513 0.448000 0.249258
1 0.252000 0.522255 0.504000 0.347181
1 0.278000 0.816766 0.556000 0.366469
1 0.373000 0.987389 0.110000 0.025223
1 0.582000 0.939169 0.368000 0.121662
1 0.593000 0.508160 0.266000 0.253709
1 0.652000 0.762611 0.292000 0.308605
1 0.789000 0.279674 0.286000 0.250742
1 0.841000 0.490356 0.318000 0.238872
1 0.872000 0.727003 0.256000 0.323442
1 0.946000 0.296736 0.108000 0.181009
1 0.912000 0.132047 0.128000 0.210682
1 0.841000 0.025964 0.098000 0.051929
1 0.933000 0.061573 0.102000 0.123145
1 0.974000 0.208457 0.052000 0.182493
1 0.860000 0.922107 0.252000 0.149852
1 0.884000 0.938427 0.232000 0.123145
