1 0.031567 0.281870 0.063134 0.205982
1 0.144000 0.297590 0.189170 0.204898
1 0.326671 0.288375 0.177617 0.184300
1 0.500318 0.307347 0.175451 0.189720
1 0.686960 0.285665 0.202166 0.202730
1 0.019451 0.477011 0.038267 0.199477
1 0.133170 0.480264 0.212274 0.212487
1 0.327394 0.485684 0.186282 0.190805
1 0.510426 0.493815 0.176895 0.183216
1 0.696347 0.484600 0.196390 0.205982
1 0.025069 0.672152 0.050137 0.208150
1 0.132087 0.681367 0.197112 0.207066
1 0.320895 0.687330 0.189170 0.205982
1 0.503928 0.687330 0.187004 0.195141
1 0.699596 0.675947 0.208664 0.207066
1 0.020895 0.881734 0.039711 0.230527
1 0.131209 0.887696 0.210419 0.218601
1 0.327032 0.889518 0.194224 0.213571
1 0.515480 0.889518 0.194224 0.200562
1 0.712953 0.886265 0.203610 0.217907
1 0.903567 0.875966 0.187726 0.212487
1 0.822339 0.396245 0.068592 0.137683
1 0.836419 0.540432 0.083755 0.144188
1 0.846527 0.691666 0.095307 0.156113
1 0.925513 0.320758 0.144975 0.269143
1 0.935621 0.479396 0.124758 0.238072
1 0.943202 0.662395 0.109596 0.214655
