1 0.096000 0.238667 0.140000 0.258667
1 0.232000 0.232000 0.140000 0.266667
1 0.364000 0.229333 0.132000 0.266667
1 0.494000 0.232000 0.128000 0.256000
1 0.623000 0.234667 0.126000 0.256000
1 0.756000 0.237333 0.132000 0.261333
1 0.887000 0.240000 0.130000 0.261333
1 0.078000 0.509333 0.140000 0.277333
1 0.221000 0.510667 0.142000 0.274667
1 0.356000 0.510667 0.136000 0.280000
1 0.493000 0.510667 0.134000 0.280000
1 0.628000 0.504000 0.132000 0.277333
1 0.763000 0.502667 0.138000 0.274667
1 0.895000 0.508000 0.138000 0.274667
1 0.075000 0.802667 0.142000 0.293333
1 0.219000 0.796000 0.138000 0.290667
1 0.357000 0.805333 0.134000 0.304000
1 0.495000 0.801333 0.134000 0.296000
1 0.631000 0.798667 0.134000 0.301333
1 0.766000 0.792000 0.132000 0.293333
1 0.901000 0.792000 0.138000 0.293333
