1 0.862000 0.166667 0.276000 0.246377
1 0.856000 0.397101 0.288000 0.249275
1 0.852000 0.617391 0.296000 0.266667
1 0.849000 0.834783 0.302000 0.237681
1 0.852000 0.976812 0.296000 0.046377
1 0.848000 0.027536 0.304000 0.055072
1 0.523000 0.144928 0.414000 0.260870
1 0.514000 0.395652 0.412000 0.269565
1 0.514000 0.631884 0.396000 0.255072
1 0.507000 0.847826 0.390000 0.240580
1 0.507000 0.971014 0.374000 0.057971
1 0.158000 0.163768 0.316000 0.240580
1 0.157000 0.391304 0.314000 0.266667
1 0.159000 0.620290 0.318000 0.237681
1 0.158000 0.824638 0.316000 0.228986
1 0.159000 0.953623 0.318000 0.092754
