1 0.164000 0.092545 0.328000 0.185090
1 0.166000 0.294344 0.332000 0.213368
1 0.167000 0.507712 0.334000 0.213368
1 0.163000 0.721080 0.326000 0.213368
1 0.162000 0.911311 0.324000 0.172237
1 0.501000 0.904884 0.354000 0.185090
1 0.503000 0.709512 0.358000 0.226221
1 0.506000 0.489717 0.356000 0.213368
1 0.500000 0.278920 0.344000 0.208226
1 0.498000 0.088689 0.344000 0.177378
1 0.842000 0.903599 0.316000 0.187661
1 0.840000 0.703085 0.316000 0.213368
1 0.838000 0.489717 0.320000 0.213368
1 0.835000 0.281491 0.330000 0.218509
1 0.833000 0.092545 0.330000 0.179949
