1 0.259495 0.129971 0.254093 0.195987
1 0.516078 0.109856 0.259075 0.209397
1 0.774085 0.108309 0.262633 0.193924
1 0.783694 0.287276 0.279004 0.217649
1 0.517858 0.314611 0.255516 0.202176
1 0.258427 0.325442 0.256228 0.207334
1 0.254157 0.529682 0.267616 0.223838
1 0.244904 0.739079 0.276157 0.234153
1 0.250598 0.920625 0.283274 0.151632
1 0.055904 0.908577 0.111808 0.177049
1 0.526043 0.737016 0.284698 0.236216
1 0.520349 0.515241 0.274733 0.209397
1 0.794014 0.501831 0.291103 0.244469
1 0.815367 0.718964 0.313879 0.243437
1 0.548107 0.907215 0.303203 0.178452
1 0.831025 0.911857 0.293950 0.169168
