1 0.141246 0.214154 0.276812 0.157530
1 0.453565 0.078895 0.365217 0.156444
1 0.768783 0.084327 0.268116 0.167308
1 0.381826 0.238055 0.230435 0.168394
1 0.703565 0.252178 0.418841 0.198814
1 0.052870 0.301067 0.105739 0.024988
1 0.178203 0.369511 0.208696 0.159703
1 0.052145 0.406297 0.104290 0.191904
1 0.155739 0.470547 0.256522 0.064098
1 0.127507 0.615040 0.255014 0.250961
1 0.104290 0.775829 0.202899 0.133629
1 0.350667 0.619929 0.284058 0.269431
1 0.464435 0.401017 0.360870 0.166221
1 0.405014 0.787780 0.395652 0.172740
1 0.831101 0.484671 0.328986 0.287900
1 0.661536 0.415683 0.059420 0.119505
1 0.590522 0.500424 0.189855 0.032592
1 0.694145 0.634053 0.455072 0.245529
1 0.736174 0.823632 0.275362 0.155357
1 0.959116 0.347098 0.077768 0.121396
1 0.942449 0.670806 0.111101 0.175630
