1 0.042000 0.113333 0.084000 0.226667
1 0.234000 0.114667 0.356000 0.229333
1 0.060000 0.352000 0.120000 0.250667
1 0.006000 0.400000 0.012000 0.101333
1 0.021000 0.548000 0.042000 0.200000
1 0.075000 0.573333 0.130000 0.250667
1 0.172000 0.373333 0.156000 0.288000
1 0.332000 0.388000 0.212000 0.344000
1 0.562000 0.417333 0.268000 0.408000
1 0.191000 0.617333 0.154000 0.285333
1 0.342000 0.676000 0.184000 0.317333
1 0.546000 0.746667 0.252000 0.416000
1 0.840000 0.462667 0.320000 0.514667
1 0.830000 0.810667 0.340000 0.378667
1 0.462000 0.108000 0.112000 0.216000
1 0.593000 0.106667 0.154000 0.213333
1 0.768000 0.105333 0.196000 0.210667
1 0.924000 0.102667 0.152000 0.205333
