1 0.216398 0.511023 0.108367 0.121116
1 0.320781 0.524303 0.114741 0.115803
1 0.216398 0.609296 0.111554 0.111554
1 0.218789 0.703320 0.103586 0.093493
1 0.322773 0.628951 0.113944 0.104117
1 0.319586 0.718725 0.098008 0.100930
1 0.436319 0.644887 0.117928 0.110491
1 0.437514 0.545551 0.118725 0.113679
1 0.372972 0.426029 0.121912 0.129615
1 0.498072 0.440903 0.134661 0.127490
1 0.429546 0.742098 0.120319 0.109429
1 0.559825 0.548738 0.129084 0.139177
1 0.687713 0.575299 0.139442 0.122178
1 0.686518 0.685790 0.135458 0.124303
1 0.557036 0.667198 0.128287 0.118991
1 0.551458 0.764940 0.121912 0.118991
1 0.682534 0.793094 0.133865 0.122178
