1 0.204031 0.212403 0.406977 0.410336
1 0.708295 0.177261 0.314729 0.354522
1 0.908574 0.266667 0.178853 0.080620
1 0.482326 0.271318 0.154264 0.083721
1 0.171085 0.516796 0.336434 0.343152
1 0.447829 0.495090 0.268217 0.367959
1 0.714109 0.511111 0.287597 0.342119
1 0.906248 0.494718 0.183504 0.370770
1 0.884930 0.774677 0.226140 0.187080
1 0.688915 0.776744 0.240310 0.189147
1 0.456357 0.780879 0.232558 0.195349
1 0.218760 0.785530 0.284496 0.200517
1 0.253163 0.937943 0.241674 0.118780
1 0.467984 0.937426 0.204651 0.119814
1 0.672248 0.932817 0.206977 0.127132
1 0.866969 0.933292 0.229938 0.128083
