1 0.858930 0.499225 0.216279 0.179845
1 0.846140 0.650646 0.215504 0.158140
1 0.843426 0.773127 0.202326 0.142636
1 0.838000 0.874935 0.200775 0.114729
1 0.656992 0.359173 0.189147 0.139535
1 0.654279 0.490956 0.183721 0.136434
1 0.645364 0.621705 0.178295 0.149871
1 0.644589 0.751421 0.176744 0.144703
1 0.642651 0.849096 0.174419 0.096124
1 0.456605 0.116279 0.216279 0.176744
1 0.229860 0.135401 0.224806 0.161240
1 0.429860 0.272351 0.221705 0.147804
1 0.427535 0.417054 0.221705 0.151938
1 0.219008 0.282687 0.193798 0.139535
1 0.437225 0.558656 0.217829 0.170543
1 0.446527 0.695607 0.216279 0.179845
1 0.449628 0.813437 0.211628 0.190181
1 0.224822 0.411886 0.186822 0.143669
1 0.238000 0.548320 0.186822 0.133333
1 0.247690 0.681654 0.181395 0.143669
1 0.251953 0.800517 0.189922 0.149871
