1 0.232000 0.164948 0.464000 0.329897
1 0.052000 0.458027 0.104000 0.270987
1 0.352000 0.468336 0.536000 0.303387
1 0.604000 0.187040 0.292000 0.291605
1 0.674000 0.058174 0.108000 0.113402
1 0.829000 0.084683 0.202000 0.169367
1 0.785000 0.242268 0.070000 0.181149
1 0.901000 0.247423 0.178000 0.185567
1 0.941000 0.100147 0.038000 0.153166
1 0.674000 0.438144 0.112000 0.210604
1 0.819000 0.427099 0.186000 0.185567
1 0.927000 0.409426 0.034000 0.144330
1 0.972000 0.407953 0.056000 0.135493
1 0.154000 0.785714 0.308000 0.425626
1 0.385000 0.715758 0.222000 0.270987
1 0.620000 0.653166 0.272000 0.269514
1 0.785000 0.589838 0.058000 0.160530
1 0.895000 0.561119 0.166000 0.179676
1 0.987000 0.539764 0.026000 0.116348
1 0.477000 0.871870 0.338000 0.253314
1 0.681000 0.803387 0.086000 0.184094
1 0.815000 0.740059 0.186000 0.216495
1 0.931000 0.680412 0.046000 0.144330
1 0.977000 0.654639 0.046000 0.139912
1 0.651000 0.921944 0.214000 0.156112
1 0.792000 0.890280 0.072000 0.163476
1 0.896000 0.824742 0.136000 0.200295
1 0.834000 0.941826 0.152000 0.110457
1 0.925000 0.910898 0.050000 0.116348
1 0.974000 0.863770 0.052000 0.145803
