1 0.150000 0.178306 0.148000 0.193165
1 0.052000 0.174591 0.104000 0.200594
1 0.108000 0.354383 0.208000 0.170877
1 0.252000 0.358841 0.172000 0.161961
1 0.393000 0.361070 0.146000 0.157504
1 0.533000 0.362556 0.146000 0.157504
1 0.671000 0.372214 0.150000 0.144131
1 0.804000 0.365527 0.156000 0.157504
1 0.896000 0.246657 0.204000 0.151560
1 0.926000 0.375929 0.144000 0.139673
1 0.650000 0.504458 0.148000 0.123328
1 0.777000 0.504458 0.154000 0.123328
1 0.897000 0.502972 0.166000 0.117385
1 0.975000 0.504458 0.046000 0.117385
1 0.515000 0.499257 0.142000 0.124814
1 0.384000 0.497028 0.136000 0.117385
1 0.245000 0.499257 0.150000 0.115899
1 0.102000 0.501486 0.164000 0.120357
1 0.022000 0.501486 0.044000 0.123328
1 0.750000 0.608470 0.140000 0.111441
1 0.878000 0.609212 0.160000 0.106984
1 0.969000 0.603269 0.062000 0.104012
1 0.951000 0.696880 0.098000 0.092125
1 0.937000 0.780089 0.122000 0.080238
1 0.863000 0.699851 0.138000 0.095097
1 0.743000 0.702080 0.118000 0.093611
1 0.632000 0.708767 0.136000 0.101040
1 0.517000 0.713967 0.130000 0.096582
1 0.393000 0.708767 0.126000 0.098068
1 0.270000 0.704309 0.128000 0.095097
1 0.152000 0.705052 0.156000 0.096582
1 0.044000 0.710253 0.088000 0.083210
1 0.633000 0.614413 0.126000 0.096582
1 0.509000 0.612927 0.134000 0.102526
1 0.385000 0.609212 0.138000 0.109955
1 0.256000 0.606984 0.152000 0.102526
1 0.120000 0.613670 0.156000 0.112927
1 0.056000 0.794948 0.112000 0.086181
1 0.163000 0.796434 0.146000 0.083210
1 0.282000 0.793462 0.112000 0.086181
1 0.399000 0.796434 0.114000 0.086181
1 0.510000 0.801634 0.120000 0.084695
1 0.627000 0.800149 0.122000 0.090639
1 0.736000 0.795691 0.128000 0.093611
1 0.841000 0.791976 0.126000 0.104012
1 0.816000 0.865527 0.108000 0.072808
1 0.916000 0.859584 0.120000 0.081724
1 0.717000 0.873700 0.122000 0.062407
1 0.618000 0.875186 0.124000 0.059435
1 0.508000 0.869985 0.120000 0.066865
1 0.396000 0.869985 0.112000 0.063893
1 0.290000 0.869985 0.108000 0.066865
1 0.178000 0.870728 0.132000 0.068351
1 0.063000 0.872957 0.126000 0.069837
