1 0.102000 0.796000 0.204000 0.408000
1 0.375000 0.793333 0.342000 0.413333
1 0.715000 0.796000 0.350000 0.408000
1 0.903000 0.793333 0.194000 0.408000
1 0.109000 0.432000 0.218000 0.325333
1 0.329000 0.434667 0.286000 0.304000
1 0.608000 0.440000 0.280000 0.304000
1 0.852000 0.444000 0.296000 0.296000
1 0.962000 0.436000 0.076000 0.269333
1 0.931000 0.198667 0.138000 0.210667
1 0.797000 0.192000 0.250000 0.218667
1 0.583000 0.182667 0.238000 0.226667
1 0.343000 0.168000 0.250000 0.234667
1 0.124000 0.158667 0.248000 0.242667
1 0.151000 0.025333 0.234000 0.050667
1 0.367000 0.034667 0.214000 0.069333
1 0.577000 0.041333 0.210000 0.082667
1 0.770000 0.046667 0.204000 0.093333
1 0.924000 0.050667 0.152000 0.101333
