1 0.809000 0.874486 0.334000 0.222222
1 0.482000 0.874486 0.316000 0.230453
1 0.158000 0.848765 0.316000 0.286008
1 0.130000 0.653292 0.260000 0.240741
1 0.395000 0.646091 0.242000 0.242798
1 0.635000 0.644033 0.246000 0.238683
1 0.874000 0.646091 0.248000 0.234568
1 0.832000 0.405350 0.336000 0.251029
1 0.500000 0.406379 0.328000 0.244856
1 0.164000 0.416667 0.328000 0.248971
1 0.118000 0.157407 0.236000 0.277778
1 0.358000 0.146091 0.260000 0.275720
1 0.616000 0.151235 0.256000 0.273663
1 0.863000 0.160494 0.270000 0.263374
