1 0.097000 0.090667 0.194000 0.138667
1 0.232000 0.093333 0.120000 0.154667
1 0.420000 0.081333 0.268000 0.162667
1 0.041000 0.169333 0.082000 0.141333
1 0.122000 0.176000 0.092000 0.128000
1 0.029000 0.269333 0.058000 0.064000
1 0.205000 0.317333 0.310000 0.165333
1 0.298000 0.229333 0.248000 0.149333
1 0.551000 0.230667 0.266000 0.173333
1 0.102000 0.462667 0.204000 0.322667
1 0.248000 0.484000 0.104000 0.194667
1 0.332000 0.462667 0.092000 0.173333
1 0.397000 0.377333 0.074000 0.157333
1 0.556000 0.386667 0.244000 0.165333
1 0.403000 0.533333 0.054000 0.154667
1 0.548000 0.534667 0.240000 0.189333
1 0.112000 0.692000 0.224000 0.264000
1 0.122000 0.856000 0.244000 0.288000
1 0.082000 0.969333 0.096000 0.061333
1 0.190000 0.929333 0.124000 0.141333
1 0.368000 0.793333 0.256000 0.360000
1 0.303000 0.628000 0.166000 0.216000
1 0.403000 0.940000 0.302000 0.120000
1 0.525000 0.901333 0.162000 0.197333
1 0.711000 0.853333 0.210000 0.293333
1 0.556000 0.673333 0.232000 0.226667
1 0.583000 0.764000 0.174000 0.120000
1 0.691000 0.414667 0.046000 0.141333
1 0.690000 0.532000 0.044000 0.136000
1 0.692000 0.641333 0.036000 0.136000
1 0.767000 0.626667 0.110000 0.112000
1 0.746000 0.654667 0.072000 0.050667
1 0.755000 0.750667 0.150000 0.162667
1 0.786000 0.149333 0.124000 0.058667
1 0.786000 0.205333 0.128000 0.069333
1 0.783000 0.264000 0.122000 0.053333
1 0.778000 0.314667 0.120000 0.048000
1 0.754000 0.372000 0.080000 0.072000
1 0.857000 0.373333 0.142000 0.074667
1 0.750000 0.433333 0.072000 0.056000
1 0.853000 0.434667 0.134000 0.064000
1 0.750000 0.485333 0.080000 0.058667
1 0.857000 0.490667 0.134000 0.069333
1 0.750000 0.541333 0.076000 0.064000
1 0.853000 0.550667 0.130000 0.072000
1 0.874000 0.605333 0.104000 0.085333
1 0.830000 0.125333 0.100000 0.053333
1 0.940000 0.118667 0.120000 0.061333
1 0.936000 0.172000 0.120000 0.061333
1 0.925000 0.229333 0.130000 0.053333
1 0.926000 0.282667 0.132000 0.058667
1 0.922000 0.341333 0.132000 0.064000
1 0.952000 0.394667 0.060000 0.069333
1 0.951000 0.449333 0.058000 0.066667
1 0.948000 0.498667 0.060000 0.069333
1 0.939000 0.576000 0.046000 0.085333
1 0.717000 0.152000 0.022000 0.048000
1 0.714000 0.204000 0.016000 0.056000
1 0.714000 0.262667 0.016000 0.056000
1 0.988000 0.469333 0.024000 0.064000
1 0.855000 0.230667 0.022000 0.056000
1 0.850000 0.288000 0.020000 0.053333
1 0.865000 0.174667 0.034000 0.056000
