1 0.051167 0.204410 0.102335 0.232425
1 0.150389 0.188846 0.111673 0.250065
1 0.278794 0.150454 0.166926 0.288457
1 0.449027 0.148119 0.185992 0.295201
1 0.675875 0.138262 0.272374 0.273411
1 0.899584 0.130739 0.196833 0.261479
1 0.058801 0.419218 0.108418 0.215986
1 0.161224 0.426531 0.110714 0.231973
1 0.292602 0.421599 0.173469 0.283333
1 0.462927 0.442499 0.171819 0.304970
1 0.679070 0.449795 0.264843 0.367715
1 0.903651 0.462667 0.188698 0.413333
1 0.070306 0.627430 0.098003 0.208078
1 0.172170 0.649978 0.125965 0.246072
1 0.300932 0.684776 0.159787 0.271638
1 0.462450 0.725788 0.172304 0.305371
1 0.680559 0.774257 0.264980 0.381713
1 0.898000 0.820933 0.200000 0.352800
1 0.090500 0.812667 0.094200 0.210933
1 0.185300 0.862667 0.114600 0.245867
1 0.308100 0.887467 0.151800 0.219733
1 0.463700 0.910933 0.172600 0.172800
1 0.673100 0.944133 0.250600 0.106400
1 0.882000 0.982000 0.172000 0.030667
