1 0.182438 0.156508 0.364876 0.310950
1 0.554442 0.157025 0.381198 0.311983
1 0.864566 0.152273 0.261777 0.304545
1 0.848554 0.484401 0.293802 0.359711
1 0.538430 0.493802 0.353306 0.361570
1 0.184607 0.491219 0.358471 0.356405
1 0.016632 0.539566 0.033264 0.270041
1 0.027479 0.820455 0.054959 0.295455
1 0.199070 0.819215 0.327479 0.297521
1 0.528099 0.823864 0.322314 0.302686
1 0.834607 0.813017 0.321694 0.307851
1 0.826550 0.982231 0.301446 0.026446
1 0.518698 0.985331 0.310124 0.020248
1 0.210434 0.980165 0.302686 0.030579
