1 0.162000 0.845577 0.324000 0.305847
1 0.133000 0.634933 0.266000 0.163418
1 0.141000 0.436282 0.282000 0.242879
1 0.103000 0.245877 0.206000 0.158921
1 0.106000 0.113193 0.212000 0.226387
1 0.490000 0.908546 0.344000 0.182909
1 0.764000 0.893553 0.220000 0.212894
1 0.926000 0.889805 0.148000 0.220390
1 0.925000 0.668666 0.150000 0.245877
1 0.761000 0.681409 0.218000 0.274363
1 0.467000 0.703898 0.406000 0.310345
1 0.387000 0.445277 0.222000 0.209895
1 0.684000 0.416792 0.396000 0.266867
1 0.927000 0.428036 0.146000 0.238381
1 0.827000 0.206897 0.346000 0.236882
1 0.579000 0.248876 0.162000 0.182909
1 0.362000 0.237631 0.292000 0.235382
1 0.823000 0.091454 0.354000 0.179910
1 0.569000 0.089955 0.166000 0.179910
1 0.443000 0.083208 0.126000 0.133433
1 0.506000 0.022489 0.072000 0.035982
1 0.430000 0.023988 0.088000 0.038981
1 0.213000 0.256372 0.038000 0.140930
1 0.289000 0.094453 0.194000 0.188906
