1 0.200000 0.259370 0.400000 0.116942
1 0.602000 0.270615 0.392000 0.139430
1 0.886000 0.458771 0.228000 0.365817
1 0.188000 0.378561 0.376000 0.121439
1 0.573000 0.369565 0.398000 0.118441
1 0.580000 0.485007 0.404000 0.121439
1 0.187000 0.503748 0.374000 0.125937
1 0.585000 0.609445 0.422000 0.130435
1 0.188000 0.631934 0.376000 0.133433
1 0.187000 0.769865 0.374000 0.151424
1 0.594000 0.755622 0.440000 0.164918
1 0.871000 0.721139 0.258000 0.158921
1 0.760000 0.892804 0.480000 0.184408
1 0.260000 0.903298 0.520000 0.142429
