1 0.151498 0.175000 0.302995 0.168182
1 0.473886 0.169913 0.391705 0.164502
1 0.824117 0.172619 0.335637 0.165584
1 0.129416 0.332792 0.258833 0.152597
1 0.378840 0.325216 0.266897 0.146104
1 0.630376 0.320887 0.278418 0.139610
1 0.871160 0.320346 0.241551 0.140693
1 0.174539 0.472944 0.349078 0.149351
1 0.502688 0.463203 0.345622 0.140693
1 0.828149 0.454004 0.324501 0.135281
1 0.188748 0.601190 0.270737 0.128788
1 0.426843 0.591991 0.247696 0.127706
1 0.664939 0.579545 0.220814 0.115801
1 0.874232 0.571970 0.213134 0.113636
1 0.227151 0.716450 0.324501 0.123377
1 0.543011 0.693723 0.307220 0.116883
1 0.837750 0.678030 0.278418 0.104978
