1 0.095448 0.210262 0.188966 0.309620
1 0.120483 0.481050 0.240966 0.236098
1 0.129448 0.681423 0.258897 0.183287
1 0.203034 0.029279 0.222069 0.058559
1 0.298207 0.213886 0.315862 0.302371
1 0.330621 0.474837 0.264828 0.225743
1 0.350621 0.680387 0.230345 0.195713
1 0.532000 0.030082 0.438621 0.059025
1 0.600276 0.216475 0.296552 0.297194
1 0.853276 0.216993 0.289448 0.298229
1 0.583724 0.473801 0.249655 0.219530
1 0.577517 0.669514 0.234483 0.180180
1 0.823724 0.471213 0.280000 0.220565
1 0.793379 0.655017 0.241379 0.182251
1 0.933276 0.600963 0.129448 0.280004
1 0.947069 0.804054 0.101862 0.388889
1 0.119103 0.891995 0.238207 0.213006
1 0.318207 0.890442 0.267586 0.216113
1 0.577931 0.884229 0.260138 0.228539
1 0.808310 0.887336 0.315379 0.222326
