1 0.815000 0.739880 0.270000 0.100450
1 0.844000 0.644678 0.284000 0.092954
1 0.853000 0.544978 0.294000 0.109445
1 0.847000 0.434033 0.306000 0.118441
1 0.802000 0.332084 0.260000 0.097451
1 0.800000 0.237631 0.260000 0.109445
1 0.559000 0.440780 0.282000 0.119940
1 0.560000 0.550975 0.284000 0.106447
1 0.556000 0.651424 0.272000 0.100450
1 0.550000 0.745877 0.268000 0.103448
1 0.254000 0.748876 0.280000 0.118441
1 0.275000 0.661169 0.286000 0.107946
1 0.268000 0.553973 0.288000 0.115442
1 0.251000 0.451274 0.318000 0.119940
1 0.291000 0.350075 0.258000 0.097451
1 0.291000 0.250375 0.262000 0.101949
1 0.312000 0.167166 0.228000 0.073463
1 0.537000 0.152924 0.230000 0.089955
1 0.546000 0.246627 0.252000 0.100450
1 0.544000 0.342579 0.244000 0.097451
