1 0.053312 0.076760 0.105746 0.153520
1 0.054123 0.258065 0.108245 0.405855
1 0.049659 0.645541 0.099319 0.411045
1 0.028373 0.888147 0.056746 0.215144
1 0.076659 0.793548 0.043946 0.142709
1 0.196825 0.890309 0.304878 0.208658
1 0.230128 0.015136 0.241018 0.023785
1 0.230128 0.151898 0.246512 0.282174
1 0.223605 0.408666 0.251318 0.281093
1 0.221201 0.665434 0.247885 0.264876
1 0.489686 0.153520 0.276725 0.307040
1 0.489686 0.460560 0.286338 0.350285
1 0.487283 0.787602 0.282905 0.338393
1 0.488231 0.966355 0.284800 0.060197
1 0.812898 0.152980 0.369699 0.305959
1 0.813928 0.476777 0.367639 0.402180
1 0.813585 0.807062 0.368326 0.375151
