1 0.049000 0.228000 0.098000 0.280000
1 0.157000 0.204000 0.142000 0.317333
1 0.449000 0.161333 0.142000 0.322667
1 0.300000 0.176000 0.164000 0.346667
1 0.622000 0.153333 0.212000 0.306667
1 0.864000 0.142667 0.272000 0.285333
1 0.892000 0.480000 0.216000 0.448000
1 0.674000 0.478667 0.228000 0.397333
1 0.473000 0.477333 0.182000 0.346667
1 0.310000 0.496000 0.164000 0.314667
1 0.168000 0.494667 0.140000 0.285333
1 0.056000 0.492000 0.112000 0.269333
1 0.055000 0.781333 0.110000 0.320000
1 0.177000 0.806667 0.138000 0.354667
1 0.321000 0.821333 0.166000 0.357333
1 0.465000 0.810667 0.142000 0.336000
1 0.635000 0.825333 0.210000 0.349333
1 0.871000 0.838667 0.258000 0.322667
