1 0.106000 0.069069 0.196000 0.138138
1 0.443000 0.075075 0.498000 0.150150
1 0.845000 0.074324 0.310000 0.148649
1 0.230000 0.280781 0.460000 0.270270
1 0.704000 0.264264 0.520000 0.318318
1 0.237000 0.524024 0.470000 0.240240
1 0.722000 0.539039 0.496000 0.243243
1 0.252000 0.756006 0.448000 0.229730
1 0.713000 0.775526 0.466000 0.232733
1 0.260000 0.930180 0.436000 0.136637
1 0.710000 0.939940 0.440000 0.117117
1 0.978000 0.347598 0.044000 0.388889
1 0.965000 0.715465 0.070000 0.349850
1 0.962000 0.930931 0.076000 0.084084
