1 0.101000 0.083922 0.202000 0.164311
1 0.298000 0.083039 0.208000 0.166078
1 0.504000 0.093640 0.196000 0.173145
1 0.708000 0.093640 0.204000 0.183746
1 0.900000 0.088339 0.200000 0.176678
1 0.094000 0.260601 0.188000 0.192580
1 0.282000 0.266784 0.220000 0.208481
1 0.487000 0.278269 0.202000 0.189046
1 0.689000 0.276502 0.206000 0.192580
1 0.888000 0.272085 0.224000 0.190813
1 0.099000 0.465548 0.198000 0.210247
1 0.286000 0.473498 0.220000 0.208481
1 0.488000 0.473498 0.208000 0.212014
1 0.693000 0.475265 0.206000 0.204947
1 0.892000 0.469965 0.216000 0.212014
1 0.103000 0.685512 0.206000 0.236749
1 0.288000 0.704064 0.224000 0.252650
1 0.494000 0.704064 0.208000 0.249117
1 0.706000 0.704064 0.220000 0.252650
1 0.897000 0.702297 0.206000 0.252650
1 0.090000 0.901943 0.176000 0.192580
1 0.280000 0.914311 0.220000 0.171378
1 0.486000 0.911661 0.216000 0.169611
1 0.699000 0.912544 0.214000 0.174912
1 0.896000 0.909011 0.208000 0.181979
