1 0.341628 0.089922 0.302326 0.179845
1 0.321473 0.278036 0.324031 0.202584
1 0.336977 0.474935 0.325581 0.197416
1 0.347054 0.633075 0.319380 0.127132
1 0.598605 0.610853 0.177519 0.165375
1 0.592791 0.442894 0.195349 0.180879
1 0.591240 0.265633 0.195349 0.186047
1 0.777674 0.258915 0.186822 0.180879
1 0.775349 0.442894 0.177519 0.174677
1 0.779225 0.610853 0.186822 0.167442
1 0.596279 0.112145 0.202326 0.218088
1 0.785814 0.091990 0.187597 0.177778
1 0.933767 0.136145 0.128465 0.176289
1 0.931054 0.280114 0.133891 0.192227
1 0.929891 0.459152 0.136217 0.187638
1 0.931054 0.618605 0.133891 0.156072
