1 0.157913 0.107892 0.313043 0.215783
1 0.178928 0.350499 0.337681 0.408491
1 0.453565 0.159833 0.243478 0.029333
1 0.490522 0.359190 0.317391 0.375899
1 0.680377 0.158747 0.239130 0.027160
1 0.728203 0.174500 0.288406 0.032592
1 0.779652 0.358647 0.353623 0.353084
1 0.200667 0.694348 0.300000 0.287900
1 0.496319 0.685657 0.294203 0.290072
1 0.775304 0.681312 0.284058 0.281381
1 0.831101 0.158747 0.065217 0.040197
1 0.884725 0.142994 0.065217 0.058666
1 0.941246 0.148426 0.073913 0.060839
1 0.984725 0.150599 0.024638 0.058666
1 0.481826 0.013711 0.047826 0.026074
1 0.574145 0.013917 0.139710 0.027834
1 0.697043 0.040871 0.107246 0.080395
1 0.740522 0.108228 0.086957 0.082567
1 0.931580 0.104589 0.132841 0.042696
