1 0.069122 0.167480 0.138211 0.139837
1 0.264244 0.114905 0.263415 0.190786
1 0.480911 0.158266 0.168293 0.162602
1 0.608553 0.208130 0.090244 0.091057
1 0.700423 0.211382 0.075610 0.123577
1 0.658146 0.222222 0.012195 0.067209
1 0.821154 0.197290 0.173984 0.145257
1 0.939854 0.223306 0.068293 0.125745
1 0.984780 0.254667 0.026439 0.072000
1 0.027659 0.314905 0.053659 0.161518
1 0.063024 0.319241 0.023577 0.176694
1 0.090667 0.311111 0.041463 0.199458
1 0.245138 0.289431 0.269106 0.234146
1 0.464650 0.308943 0.173171 0.201626
1 0.618309 0.328455 0.140650 0.171274
1 0.028878 0.467209 0.057724 0.149593
1 0.028463 0.620835 0.056927 0.166331
1 0.027650 0.767176 0.055301 0.140314
1 0.065463 0.484553 0.021951 0.177778
1 0.094732 0.504065 0.044715 0.197290
1 0.246358 0.507859 0.263415 0.222222
1 0.716276 0.342005 0.058537 0.142005
1 0.834569 0.339295 0.182927 0.158266
1 0.958553 0.343089 0.071545 0.142005
1 0.994325 0.350678 0.006504 0.128997
1 0.463024 0.501897 0.169919 0.186450
1 0.617496 0.493225 0.137398 0.162602
1 0.712211 0.484553 0.055285 0.136585
1 0.832943 0.494851 0.186179 0.152846
1 0.959772 0.489973 0.065854 0.132249
1 0.994943 0.479675 0.006114 0.128997
1 0.067089 0.634146 0.020325 0.184282
1 0.098797 0.688347 0.046341 0.208130
1 0.247984 0.717073 0.263415 0.241734
1 0.463431 0.679675 0.170732 0.201626
1 0.616276 0.653117 0.136585 0.163686
1 0.710585 0.622222 0.058537 0.143089
1 0.832537 0.643360 0.190244 0.168022
1 0.959772 0.620054 0.067480 0.145257
1 0.994537 0.609127 0.006927 0.130255
1 0.066683 0.786992 0.022764 0.173442
1 0.100423 0.849322 0.049593 0.230894
1 0.252862 0.889995 0.258537 0.214678
1 0.464650 0.855285 0.161789 0.212466
1 0.610179 0.806504 0.126016 0.184282
1 0.706114 0.756098 0.067480 0.152846
1 0.826846 0.786992 0.191870 0.177778
1 0.952862 0.751762 0.068293 0.144173
1 0.989854 0.726287 0.015447 0.110569
