1 0.115000 0.379856 0.230000 0.120863
1 0.351000 0.387050 0.258000 0.123741
1 0.117000 0.494964 0.234000 0.109353
1 0.354000 0.503597 0.252000 0.109353
1 0.130000 0.596403 0.256000 0.113669
1 0.142000 0.692806 0.248000 0.116547
1 0.364000 0.610791 0.252000 0.113669
1 0.454000 0.260432 0.256000 0.129496
1 0.715000 0.259712 0.266000 0.130935
1 0.601000 0.386331 0.250000 0.122302
1 0.851000 0.382734 0.258000 0.120863
1 0.600000 0.498561 0.240000 0.110791
1 0.839000 0.499281 0.254000 0.115108
1 0.605000 0.606475 0.230000 0.107914
1 0.382000 0.710791 0.236000 0.106475
1 0.614000 0.708633 0.232000 0.107914
1 0.838000 0.607194 0.236000 0.109353
1 0.842000 0.705755 0.228000 0.105036
