1 0.132962 0.201446 0.211812 0.175620
1 0.120207 0.380165 0.240414 0.206612
1 0.115955 0.591426 0.230365 0.228306
1 0.113250 0.839360 0.226500 0.259298
1 0.354437 0.848140 0.288343 0.260331
1 0.361781 0.608471 0.262832 0.229339
1 0.623840 0.594008 0.258194 0.216942
1 0.643939 0.840393 0.290662 0.267562
1 0.884431 0.828512 0.224335 0.272727
1 0.867811 0.587293 0.257576 0.209711
1 0.857761 0.295351 0.277675 0.382025
1 0.606447 0.403926 0.235776 0.148760
1 0.369511 0.410124 0.238095 0.165289
1 0.619589 0.168388 0.262059 0.328512
1 0.357143 0.167355 0.265925 0.324380
