1 0.158000 0.150667 0.316000 0.221333
1 0.523000 0.134667 0.414000 0.242667
1 0.838000 0.024000 0.324000 0.048000
1 0.863000 0.156000 0.274000 0.226667
1 0.157000 0.362667 0.314000 0.240000
1 0.514000 0.360000 0.412000 0.240000
1 0.858000 0.369333 0.284000 0.232000
1 0.159000 0.569333 0.318000 0.221333
1 0.514000 0.580000 0.396000 0.242667
1 0.853000 0.573333 0.294000 0.234667
1 0.159000 0.756000 0.318000 0.216000
1 0.505000 0.782667 0.382000 0.216000
1 0.847000 0.777333 0.306000 0.221333
1 0.165000 0.921333 0.330000 0.157333
1 0.511000 0.934667 0.370000 0.130667
1 0.846000 0.930667 0.308000 0.138667
