1 0.534375 0.092949 0.597917 0.185897
1 0.532292 0.339744 0.647917 0.326923
1 0.530208 0.682692 0.693750 0.403846
1 0.151042 0.166667 0.168750 0.089744
1 0.145833 0.262821 0.166667 0.108974
1 0.135417 0.371795 0.175000 0.115385
1 0.127083 0.479167 0.183333 0.112179
1 0.110417 0.584936 0.183333 0.118590
1 0.096875 0.725962 0.181250 0.176282
1 0.160417 0.841346 0.145833 0.073718
1 0.916667 0.578526 0.166667 0.701923
1 0.181250 0.940705 0.208333 0.118590
1 0.370833 0.918269 0.187500 0.163462
1 0.557292 0.921474 0.189583 0.157051
1 0.743750 0.924679 0.183333 0.150641
1 0.897917 0.955128 0.125000 0.089744
