1 0.079070 0.499398 0.156338 0.255506
1 0.300901 0.320438 0.430986 0.207995
1 0.700197 0.311992 0.370423 0.188990
1 0.931845 0.454526 0.132310 0.180544
1 0.826958 0.471419 0.150704 0.182655
1 0.688930 0.485145 0.161972 0.176320
1 0.543859 0.492535 0.161972 0.182655
1 0.384704 0.502038 0.173239 0.191102
1 0.220620 0.516819 0.205634 0.197436
1 0.090592 0.697890 0.181183 0.162595
1 0.245268 0.686804 0.178873 0.161539
1 0.398789 0.666216 0.156338 0.171041
1 0.548789 0.656714 0.140845 0.160483
1 0.686113 0.641933 0.133803 0.154148
1 0.810761 0.629791 0.135211 0.153092
1 0.931183 0.613954 0.130986 0.144646
1 0.912169 0.739595 0.126761 0.138311
1 0.797380 0.759655 0.133803 0.136200
1 0.678366 0.775493 0.123944 0.142534
1 0.551606 0.793441 0.129577 0.140423
1 0.414986 0.812446 0.143662 0.157316
1 0.271324 0.825644 0.157746 0.154148
1 0.113577 0.846760 0.177465 0.162595
1 0.278366 0.944422 0.149296 0.106637
1 0.417803 0.934244 0.140845 0.128513
1 0.553718 0.918027 0.130986 0.140423
1 0.680479 0.900606 0.128169 0.145702
1 0.800901 0.881074 0.132394 0.134088
1 0.908648 0.857318 0.114085 0.126697
1 0.276254 0.944950 0.150704 0.105581
1 0.131183 0.951813 0.170423 0.091855
