1 0.098000 0.285333 0.196000 0.192000
1 0.152000 0.169333 0.088000 0.077333
1 0.093000 0.477333 0.186000 0.229333
1 0.098000 0.714667 0.196000 0.250667
1 0.302000 0.182667 0.204000 0.216000
1 0.301000 0.352000 0.206000 0.186667
1 0.298000 0.540000 0.200000 0.189333
1 0.273000 0.757333 0.250000 0.250667
1 0.072000 0.924000 0.144000 0.152000
1 0.268000 0.920000 0.260000 0.160000
1 0.484000 0.934667 0.180000 0.130667
1 0.620000 0.933333 0.092000 0.133333
1 0.577000 0.798667 0.170000 0.141333
1 0.446000 0.800000 0.088000 0.133333
1 0.617000 0.664000 0.086000 0.133333
1 0.486000 0.665333 0.176000 0.136000
1 0.410000 0.228000 0.016000 0.184000
1 0.444000 0.396000 0.084000 0.136000
1 0.572000 0.390667 0.172000 0.136000
1 0.613000 0.526667 0.094000 0.141333
1 0.485000 0.526667 0.174000 0.136000
1 0.752000 0.897333 0.184000 0.205333
1 0.753000 0.709333 0.186000 0.213333
1 0.747000 0.512000 0.186000 0.197333
1 0.738000 0.314667 0.196000 0.208000
1 0.735000 0.137333 0.190000 0.253333
1 0.613000 0.225333 0.022000 0.157333
1 0.630000 0.194667 0.020000 0.192000
1 0.630000 0.293333 0.024000 0.058667
1 0.922000 0.862667 0.156000 0.210667
1 0.921000 0.713333 0.158000 0.200000
1 0.932000 0.557333 0.092000 0.117333
1 0.904000 0.434667 0.140000 0.133333
1 0.902000 0.178667 0.140000 0.128000
1 0.934000 0.305333 0.084000 0.130667
1 0.986000 0.498667 0.028000 0.192000
1 0.986000 0.316000 0.028000 0.178667
1 0.973000 0.162667 0.054000 0.149333
1 0.923000 0.957333 0.154000 0.085333
1 0.864000 0.557333 0.056000 0.122667
1 0.865000 0.306667 0.062000 0.133333
