1 0.723197 0.355086 0.175703 0.483685
1 0.846225 0.353807 0.191578 0.476008
1 0.829268 0.740243 0.135295 0.308381
1 0.712915 0.733525 0.139264 0.343570
1 0.587902 0.749520 0.120142 0.325656
1 0.574914 0.364363 0.152613 0.504798
1 0.345634 0.135317 0.267704 0.270633
1 0.453509 0.385797 0.134934 0.506718
1 0.472450 0.773512 0.112926 0.304543
1 0.347979 0.791747 0.128801 0.303903
1 0.320198 0.462252 0.149005 0.374280
1 0.176966 0.408189 0.176425 0.529750
1 0.053577 0.397313 0.107154 0.714012
1 0.216015 0.795519 0.152401 0.402295
1 0.067722 0.729441 0.135444 0.534452
