1 0.200699 0.036870 0.374359 0.073739
1 0.115618 0.130879 0.231235 0.165302
1 0.075058 0.288667 0.149184 0.155167
1 0.088578 0.434049 0.176224 0.150973
1 0.139627 0.613679 0.279254 0.232751
1 0.393240 0.619620 0.384615 0.227858
1 0.307925 0.443135 0.274592 0.136295
1 0.308858 0.296355 0.293240 0.171942
1 0.421445 0.140664 0.382284 0.191862
1 0.550117 0.051373 0.329138 0.102047
1 0.768298 0.178058 0.356177 0.162506
1 0.587413 0.303869 0.275058 0.154119
1 0.831469 0.315576 0.251282 0.118822
1 0.681154 0.465633 0.427692 0.226617
1 0.710826 0.646258 0.293447 0.165729
1 0.914994 0.645904 0.166013 0.168461
1 0.861197 0.470629 0.273606 0.198172
