1 0.110589 0.037893 0.039262 0.073621
1 0.066828 0.178098 0.133328 0.351865
1 0.348616 0.573810 0.654370 0.545661
1 0.830355 0.575489 0.335283 0.524982
1 0.369065 0.044930 0.407345 0.087696
1 0.754325 0.067666 0.372991 0.135333
1 0.349434 0.188924 0.408981 0.228442
1 0.738784 0.203540 0.372991 0.236020
1 0.145270 0.916337 0.290540 0.156715
1 0.623001 0.911141 0.749990 0.172414
1 0.973498 0.149922 0.048996 0.241488
1 0.937958 0.194338 0.030265 0.182970
1 0.951863 0.287988 0.058075 0.058464
1 0.989448 0.280572 0.017095 0.062470
1 0.143307 0.196503 0.017995 0.217615
