1 0.215698 0.217989 0.145238 0.292063
1 0.340698 0.215344 0.160317 0.320635
1 0.494667 0.205291 0.187302 0.353439
1 0.697048 0.198942 0.225397 0.395767
1 0.900698 0.210667 0.194603 0.416000
1 0.900698 0.536254 0.194603 0.266159
1 0.704984 0.514286 0.212698 0.241270
1 0.510143 0.486772 0.170635 0.213757
1 0.360937 0.461376 0.142063 0.190476
1 0.235143 0.448677 0.119048 0.173545
1 0.367683 0.637566 0.136508 0.200000
1 0.510143 0.675132 0.162698 0.213757
1 0.690698 0.719048 0.203175 0.244444
1 0.892365 0.777185 0.211270 0.280296
1 0.895460 0.923810 0.203175 0.146032
1 0.692286 0.892317 0.193651 0.210032
1 0.516492 0.851852 0.159524 0.230688
1 0.376810 0.802646 0.134127 0.197884
1 0.255381 0.760847 0.115079 0.177778
1 0.247048 0.611640 0.120635 0.173545
