1 0.183750 0.075075 0.367500 0.150150
1 0.451528 0.092280 0.190278 0.180389
1 0.601528 0.092801 0.112500 0.181431
1 0.210139 0.265766 0.420278 0.246246
1 0.210139 0.507799 0.420278 0.256507
1 0.193472 0.722827 0.386944 0.284076
1 0.114000 0.909034 0.228000 0.178929
1 0.299444 0.880881 0.225000 0.235235
1 0.479306 0.807578 0.193056 0.238780
1 0.643889 0.779425 0.166667 0.199157
1 0.570972 0.919148 0.318056 0.151193
1 0.326222 0.966904 0.196444 0.063188
1 0.548750 0.461399 0.306944 0.194987
1 0.552917 0.628754 0.348611 0.204371
1 0.751528 0.275275 0.095833 0.177261
1 0.743889 0.438459 0.097222 0.155364
1 0.755694 0.600079 0.079167 0.174132
1 0.782778 0.772126 0.113889 0.180389
1 0.780694 0.918106 0.109722 0.157449
1 0.914000 0.834689 0.168000 0.207499
1 0.914000 0.928533 0.168000 0.138680
1 0.871667 0.462442 0.161111 0.220012
1 0.881389 0.662120 0.180556 0.243994
1 0.885556 0.240866 0.186111 0.235652
1 0.826500 0.096972 0.343000 0.193944
1 0.974417 0.466967 0.047167 0.228228
1 0.984139 0.688751 0.027722 0.220095
1 0.984861 0.230439 0.023611 0.243994
1 0.552222 0.272669 0.302778 0.199157
