1 0.437110 0.086218 0.255524 0.171586
1 0.432269 0.298199 0.242952 0.257250
1 0.181828 0.297126 0.277753 0.261048
1 0.221916 0.535057 0.257930 0.229676
1 0.258921 0.742457 0.233260 0.207852
1 0.237115 0.890822 0.224449 0.215357
1 0.454956 0.916167 0.200220 0.164667
1 0.465419 0.745332 0.206167 0.187571
1 0.463085 0.529278 0.225371 0.249490
1 0.701652 0.081815 0.280396 0.163630
1 0.687885 0.291677 0.288546 0.280201
1 0.690308 0.541084 0.232159 0.221255
1 0.675330 0.744094 0.213656 0.190378
1 0.654855 0.918066 0.205709 0.160869
1 0.805476 0.907086 0.074952 0.182829
1 0.911996 0.855983 0.172009 0.285036
1 0.954837 0.786231 0.086326 0.091705
1 0.955828 0.739718 0.084344 0.094776
1 0.962546 0.696316 0.070907 0.079632
1 0.954066 0.648413 0.087868 0.091481
1 0.947458 0.588066 0.101084 0.101229
1 0.990189 0.519120 0.015621 0.047216
1 0.991401 0.473013 0.013198 0.049475
