1 0.088745 0.176407 0.161616 0.311688
1 0.234488 0.162879 0.170274 0.310606
1 0.369408 0.153680 0.151515 0.305195
1 0.511544 0.149892 0.173160 0.299784
1 0.650794 0.142857 0.177489 0.281385
1 0.794372 0.137446 0.184704 0.270563
1 0.919163 0.122835 0.157229 0.241342
1 0.294372 0.510823 0.405483 0.424242
1 0.720058 0.488636 0.419913 0.408009
1 0.047980 0.504297 0.095960 0.361407
1 0.489177 0.492424 0.082251 0.387446
1 0.914834 0.435065 0.165887 0.367965
1 0.749639 0.276515 0.158730 0.022727
1 0.984820 0.290216 0.025916 0.112900
1 0.057720 0.837662 0.113997 0.318182
1 0.200418 0.852522 0.185830 0.291623
1 0.372944 0.844405 0.187446 0.307857
1 0.531025 0.841450 0.203463 0.308442
1 0.691198 0.841991 0.217893 0.311688
1 0.864820 0.842781 0.230361 0.311104
1 0.955238 0.809167 0.085079 0.378333
