1 0.060000 0.136667 0.120000 0.246667
1 0.166667 0.130000 0.120000 0.260000
1 0.313333 0.130000 0.186667 0.260000
1 0.596667 0.143333 0.393333 0.286667
1 0.830000 0.143333 0.126667 0.286667
1 0.906667 0.163333 0.093333 0.273333
1 0.963333 0.183333 0.073333 0.220000
1 0.060000 0.373333 0.120000 0.226667
1 0.196667 0.396667 0.153333 0.273333
1 0.353333 0.413333 0.160000 0.306667
1 0.593333 0.440000 0.360000 0.360000
1 0.816667 0.426667 0.100000 0.280000
1 0.893333 0.416667 0.106667 0.260000
1 0.960000 0.406667 0.080000 0.226667
1 0.060000 0.596667 0.120000 0.233333
1 0.176667 0.636667 0.126667 0.260000
1 0.306667 0.683333 0.146667 0.300000
1 0.550000 0.750000 0.353333 0.366667
1 0.763333 0.703333 0.113333 0.300000
1 0.860000 0.656667 0.093333 0.246667
1 0.946667 0.613333 0.106667 0.226667
1 0.060000 0.796667 0.120000 0.233333
1 0.193333 0.860000 0.146667 0.280000
1 0.330000 0.896667 0.153333 0.206667
1 0.556667 0.926667 0.326667 0.146667
1 0.766667 0.893333 0.106667 0.213333
1 0.846667 0.866667 0.080000 0.266667
1 0.913333 0.816667 0.066667 0.233333
1 0.973333 0.760000 0.053333 0.186667
