1 0.886000 0.095345 0.164000 0.097598
1 0.724000 0.098348 0.160000 0.097598
1 0.562000 0.099850 0.160000 0.097598
1 0.563000 0.192192 0.158000 0.090090
1 0.722000 0.190691 0.160000 0.093093
1 0.886000 0.193694 0.164000 0.096096
1 0.423000 0.092342 0.118000 0.097598
1 0.422000 0.189189 0.120000 0.096096
1 0.306000 0.094595 0.116000 0.090090
1 0.301000 0.187688 0.118000 0.096096
1 0.188000 0.093844 0.116000 0.085586
1 0.179000 0.186186 0.122000 0.099099
1 0.067000 0.094595 0.122000 0.090090
1 0.064000 0.190691 0.124000 0.105105
1 0.407000 0.285285 0.158000 0.096096
1 0.244000 0.284535 0.160000 0.097598
1 0.083000 0.282282 0.162000 0.093093
1 0.545000 0.285285 0.118000 0.096096
1 0.663000 0.286036 0.118000 0.097598
1 0.780000 0.285285 0.116000 0.096096
1 0.901000 0.289039 0.122000 0.094595
1 0.905000 0.382132 0.114000 0.094595
1 0.788000 0.382132 0.120000 0.094595
1 0.665000 0.382132 0.118000 0.094595
1 0.546000 0.382132 0.120000 0.094595
1 0.405000 0.381381 0.162000 0.096096
1 0.244000 0.378378 0.160000 0.096096
1 0.082000 0.363363 0.164000 0.069069
1 0.891000 0.477477 0.158000 0.096096
1 0.729000 0.476727 0.162000 0.094595
1 0.564000 0.475976 0.160000 0.093093
1 0.888000 0.575075 0.164000 0.096096
1 0.726000 0.571321 0.160000 0.094595
1 0.564000 0.571321 0.164000 0.094595
1 0.423000 0.477477 0.118000 0.096096
1 0.422000 0.572823 0.120000 0.091592
1 0.344000 0.478228 0.040000 0.094595
1 0.345000 0.572823 0.038000 0.094595
1 0.269000 0.472222 0.114000 0.106607
1 0.271000 0.581081 0.110000 0.114114
1 0.106000 0.460961 0.212000 0.138138
1 0.108000 0.597598 0.216000 0.141141
1 0.025000 0.737988 0.050000 0.139640
1 0.183000 0.721471 0.262000 0.172673
1 0.400000 0.722973 0.232000 0.163664
1 0.434000 0.630631 0.144000 0.024024
1 0.559000 0.667417 0.118000 0.097598
1 0.678000 0.668168 0.120000 0.096096
1 0.799000 0.668919 0.122000 0.097598
1 0.919000 0.669670 0.118000 0.099099
1 0.924000 0.768018 0.116000 0.097598
1 0.754000 0.845345 0.208000 0.195195
1 0.600000 0.847598 0.168000 0.196697
1 0.604000 0.732733 0.176000 0.030030
1 0.776000 0.789790 0.216000 0.144144
1 0.939000 0.845345 0.122000 0.066066
1 0.857000 0.939940 0.234000 0.120120
1 0.949000 0.939189 0.102000 0.118619
1 0.622000 0.972222 0.236000 0.055556
1 0.399000 0.874625 0.230000 0.139640
1 0.166000 0.878378 0.236000 0.147147
1 0.417000 0.972222 0.174000 0.055556
1 0.243000 0.973724 0.170000 0.052553
1 0.079000 0.974474 0.158000 0.051051
1 0.024000 0.879880 0.048000 0.141141
1 0.342810 0.630042 0.072549 0.020609
1 0.904248 0.853795 0.092157 0.052013
