1 0.053000 0.222222 0.106000 0.196382
1 0.170000 0.213178 0.144000 0.209302
1 0.352000 0.198966 0.232000 0.222222
1 0.470000 0.076227 0.164000 0.054264
1 0.472000 0.197674 0.016000 0.193798
1 0.560000 0.189922 0.164000 0.209302
1 0.533000 0.077519 0.030000 0.031008
1 0.563000 0.077519 0.030000 0.031008
1 0.593000 0.074935 0.026000 0.031008
1 0.620000 0.072351 0.028000 0.031008
1 0.666000 0.068475 0.064000 0.033592
1 0.751000 0.186047 0.226000 0.222222
1 0.882000 0.193798 0.048000 0.201550
1 0.919000 0.200258 0.034000 0.188630
1 0.055000 0.405685 0.110000 0.191214
1 0.173000 0.408269 0.138000 0.196382
1 0.320000 0.405685 0.160000 0.206718
1 0.517000 0.406977 0.242000 0.224806
1 0.748000 0.403101 0.220000 0.217054
1 0.879000 0.395349 0.046000 0.201550
1 0.917000 0.386305 0.038000 0.183463
1 0.057000 0.594315 0.114000 0.186047
1 0.177000 0.603359 0.138000 0.198966
1 0.323000 0.614987 0.166000 0.211886
1 0.521000 0.625323 0.234000 0.237726
1 0.746000 0.614987 0.220000 0.227390
1 0.877000 0.587855 0.042000 0.214470
1 0.916000 0.565891 0.036000 0.191214
1 0.061000 0.776486 0.122000 0.198966
1 0.186000 0.793282 0.144000 0.201550
1 0.331000 0.816537 0.162000 0.217054
1 0.523000 0.837209 0.230000 0.248062
1 0.748000 0.817829 0.228000 0.240310
1 0.877000 0.781654 0.038000 0.209302
1 0.911000 0.746770 0.038000 0.201550
1 0.969000 0.246770 0.062000 0.136951
1 0.968000 0.388889 0.064000 0.142119
1 0.968000 0.529716 0.064000 0.139535
1 0.965000 0.665375 0.070000 0.142119
