1 0.409568 0.134828 0.203086 0.269656
1 0.589429 0.131579 0.195349 0.263158
1 0.582030 0.292367 0.178858 0.066207
1 0.575264 0.382497 0.195772 0.110715
1 0.402748 0.293201 0.177167 0.066763
1 0.382452 0.380550 0.198309 0.105708
1 0.359831 0.509625 0.217336 0.131301
1 0.569133 0.532992 0.217336 0.153555
1 0.560465 0.761378 0.238055 0.343274
1 0.335307 0.738010 0.256237 0.305441
1 0.126638 0.691554 0.252431 0.288194
1 0.202114 0.383053 0.204651 0.130744
1 0.165751 0.502949 0.218182 0.172471
1 0.238055 0.281796 0.184355 0.115166
1 0.237632 0.117392 0.214799 0.234784
1 0.092812 0.118505 0.184778 0.237009
1 0.086892 0.270669 0.173784 0.075108
1 0.070402 0.360521 0.139958 0.112385
1 0.048837 0.478191 0.097674 0.131857
1 0.184778 0.911316 0.236786 0.171359
1 0.372939 0.939877 0.197886 0.114983
1 0.571036 0.942102 0.203383 0.110532
1 0.812262 0.737732 0.274841 0.327139
1 0.793446 0.920218 0.211839 0.082341
1 0.946146 0.897488 0.103708 0.168182
1 0.962579 0.729665 0.070613 0.136308
1 0.803594 0.505452 0.234672 0.154111
1 0.787526 0.365528 0.212685 0.111272
1 0.788161 0.150217 0.218182 0.293758
1 0.933461 0.250470 0.129078 0.274624
1 0.952431 0.595861 0.090909 0.120174
1 0.945455 0.480694 0.104863 0.113497
1 0.774771 0.291526 0.189908 0.029374
1 0.942508 0.410631 0.105810 0.045469
1 0.935780 0.071624 0.124159 0.082891
1 0.037444 0.768302 0.074887 0.106450
1 0.068000 0.902325 0.136000 0.190087
