1 0.126000 0.083707 0.148000 0.068759
1 0.125000 0.151719 0.150000 0.070254
1 0.127000 0.219731 0.150000 0.074738
1 0.129000 0.288490 0.146000 0.068759
1 0.307000 0.380419 0.202000 0.076233
1 0.307000 0.302691 0.210000 0.085202
1 0.305000 0.226457 0.214000 0.088191
1 0.305000 0.145740 0.214000 0.091181
1 0.303000 0.065022 0.210000 0.094170
1 0.281000 0.485052 0.142000 0.079223
1 0.408000 0.483558 0.120000 0.094170
1 0.512000 0.076981 0.192000 0.088191
1 0.508000 0.154709 0.192000 0.085202
1 0.443000 0.230942 0.066000 0.085202
1 0.436000 0.309417 0.052000 0.077728
1 0.440000 0.384155 0.056000 0.077728
1 0.307000 0.585202 0.146000 0.094170
1 0.415000 0.587444 0.094000 0.092676
1 0.292000 0.707025 0.128000 0.092676
1 0.403000 0.705531 0.110000 0.092676
1 0.110000 0.713752 0.220000 0.171898
1 0.106000 0.886398 0.212000 0.179372
1 0.104000 0.983558 0.208000 0.032885
1 0.696000 0.094918 0.184000 0.079223
1 0.648000 0.147982 0.088000 0.035874
1 0.870000 0.037369 0.100000 0.068759
1 0.805000 0.097907 0.050000 0.049327
1 0.875000 0.076981 0.090000 0.091181
1 0.959000 0.056801 0.078000 0.113602
1 0.957000 0.016442 0.082000 0.032885
1 0.948000 0.125561 0.104000 0.095665
1 0.983000 0.213752 0.030000 0.104634
1 0.980000 0.311659 0.036000 0.109118
1 0.599000 0.211510 0.254000 0.106129
1 0.587000 0.310912 0.258000 0.110613
1 0.595000 0.400598 0.262000 0.095665
1 0.596000 0.495516 0.264000 0.100149
1 0.593000 0.589686 0.266000 0.097160
1 0.591000 0.683109 0.270000 0.098655
1 0.582000 0.778027 0.276000 0.118087
1 0.579000 0.881913 0.270000 0.116592
1 0.543000 0.954410 0.218000 0.091181
1 0.829000 0.174141 0.282000 0.112108
1 0.843000 0.269058 0.254000 0.113602
1 0.841000 0.368460 0.250000 0.115097
1 0.845000 0.466368 0.238000 0.104634
1 0.844000 0.565770 0.236000 0.109118
1 0.845000 0.668909 0.238000 0.106129
1 0.841000 0.769058 0.246000 0.097160
1 0.760000 0.845291 0.088000 0.055306
1 0.981000 0.417040 0.038000 0.095665
1 0.983000 0.524664 0.034000 0.122571
