1 0.129456 0.443333 0.258912 0.293333
1 0.154784 0.655000 0.227017 0.130000
1 0.171670 0.793333 0.230769 0.140000
1 0.339587 0.351667 0.285178 0.450000
1 0.365854 0.640000 0.221388 0.180000
1 0.576923 0.551667 0.200750 0.283333
1 0.795497 0.561667 0.266417 0.290000
1 0.939024 0.631667 0.121951 0.210000
1 0.934334 0.356667 0.131332 0.426667
1 0.389306 0.780000 0.208255 0.133333
1 0.587242 0.751667 0.183865 0.183333
1 0.779550 0.770000 0.208255 0.146667
1 0.931520 0.786667 0.136961 0.140000
1 0.930582 0.870000 0.138837 0.040000
1 0.772983 0.905000 0.183865 0.123333
1 0.897749 0.933333 0.204503 0.133333
1 0.590056 0.901667 0.178236 0.130000
1 0.404315 0.891667 0.189493 0.130000
1 0.210131 0.903333 0.206379 0.106667
