1 0.865188 0.243182 0.269625 0.359091
1 0.655290 0.247727 0.238908 0.350000
1 0.430034 0.247727 0.225256 0.350000
1 0.228669 0.243182 0.252560 0.350000
1 0.078498 0.247727 0.156997 0.340909
1 0.820819 0.545455 0.228669 0.236364
1 0.622867 0.536364 0.187713 0.218182
1 0.435154 0.534091 0.180887 0.213636
1 0.252560 0.531818 0.204778 0.218182
1 0.093857 0.531818 0.187713 0.218182
1 0.610922 0.731818 0.170648 0.181818
1 0.443686 0.731818 0.163823 0.172727
1 0.281570 0.729545 0.174061 0.168182
1 0.126280 0.727273 0.184300 0.172727
1 0.605802 0.904545 0.153584 0.154545
1 0.445392 0.895455 0.146758 0.145455
1 0.303754 0.884091 0.156997 0.140909
1 0.168942 0.879545 0.146758 0.131818
1 0.776451 0.734091 0.187713 0.195455
1 0.757679 0.906818 0.163823 0.150000
