1 0.906118 0.085156 0.187764 0.170313
1 0.666667 0.083594 0.308017 0.167187
1 0.364979 0.082031 0.303797 0.164062
1 0.107595 0.087500 0.215190 0.175000
1 0.896624 0.260156 0.206751 0.173437
1 0.649789 0.249219 0.303797 0.167187
1 0.359705 0.246094 0.284810 0.170313
1 0.108650 0.257031 0.217300 0.167187
1 0.890295 0.424219 0.219409 0.157812
1 0.642405 0.414062 0.293249 0.159375
1 0.360759 0.406250 0.274262 0.150000
1 0.106540 0.416406 0.213080 0.151562
1 0.886076 0.572656 0.227848 0.157812
1 0.635021 0.566406 0.286920 0.151562
1 0.357595 0.553125 0.267932 0.143750
1 0.111814 0.561719 0.223629 0.148438
1 0.883966 0.715625 0.232068 0.143750
1 0.633966 0.713281 0.276371 0.151562
1 0.361814 0.693750 0.263713 0.143750
1 0.112869 0.700781 0.225738 0.139063
1 0.317511 0.890625 0.331224 0.218750
1 0.647679 0.889844 0.329114 0.220312
1 0.109705 0.885938 0.219409 0.228125
1 0.886076 0.895312 0.227848 0.209375
