1 0.081818 0.136364 0.163636 0.254545
1 0.322727 0.140909 0.345455 0.272727
1 0.613636 0.140909 0.227273 0.272727
1 0.868182 0.140909 0.263636 0.272727
1 0.088636 0.386364 0.177273 0.236364
1 0.329545 0.395455 0.322727 0.245455
1 0.600000 0.402273 0.209091 0.240909
1 0.861364 0.402273 0.277273 0.240909
1 0.143182 0.618182 0.286364 0.218182
1 0.388636 0.620455 0.195455 0.204545
1 0.661364 0.636364 0.313636 0.227273
1 0.909091 0.636364 0.181818 0.227273
1 0.150000 0.831818 0.290909 0.209091
1 0.129545 0.959091 0.195455 0.072727
1 0.388636 0.825000 0.195455 0.204545
1 0.663636 0.850000 0.290909 0.190909
1 0.909091 0.856818 0.181818 0.204545
1 0.372727 0.965909 0.272727 0.059091
1 0.620455 0.975000 0.204545 0.050000
