1 0.238083 0.168229 0.310417 0.167708
1 0.538604 0.164062 0.298958 0.165625
1 0.839396 0.135937 0.317208 0.228125
1 0.136750 0.356771 0.273500 0.207292
1 0.385479 0.356771 0.280208 0.215625
1 0.665688 0.356250 0.276042 0.214583
1 0.898771 0.366000 0.198458 0.216000
1 0.843562 0.557813 0.308875 0.184375
1 0.522458 0.540625 0.356250 0.195833
1 0.171646 0.544438 0.343292 0.195125
1 0.135187 0.722917 0.270375 0.172917
1 0.398500 0.721354 0.262500 0.167708
1 0.649542 0.720313 0.245833 0.159375
1 0.882104 0.728396 0.231792 0.167208
1 0.854500 0.890083 0.287000 0.171833
1 0.541729 0.874479 0.338542 0.186458
1 0.190688 0.882812 0.363542 0.173958
1 0.155271 0.980250 0.261458 0.035500
1 0.407354 0.967187 0.238542 0.061458
1 0.644333 0.980208 0.235417 0.033333
1 0.876646 0.983896 0.233292 0.028208
