1 0.095000 0.053973 0.190000 0.107946
1 0.276000 0.045727 0.220000 0.088456
1 0.483000 0.036732 0.218000 0.073463
1 0.738000 0.023238 0.264000 0.046477
1 0.894000 0.249625 0.212000 0.475262
1 0.672000 0.262369 0.224000 0.458771
1 0.482000 0.273613 0.244000 0.436282
1 0.307000 0.290105 0.282000 0.415292
1 0.145000 0.293853 0.290000 0.404798
1 0.069000 0.332084 0.138000 0.328336
1 0.063000 0.614693 0.126000 0.236882
1 0.121000 0.616942 0.230000 0.235382
1 0.254000 0.622189 0.224000 0.254873
1 0.397000 0.622189 0.206000 0.263868
1 0.541000 0.625187 0.186000 0.275862
1 0.694000 0.630435 0.176000 0.280360
1 0.878000 0.635682 0.192000 0.284858
1 0.969000 0.636432 0.062000 0.295352
1 0.956000 0.889805 0.088000 0.211394
1 0.955000 0.988756 0.090000 0.022489
1 0.842000 0.981259 0.144000 0.037481
1 0.866000 0.876312 0.172000 0.205397
1 0.709000 0.969265 0.130000 0.061469
1 0.705000 0.866567 0.138000 0.191904
1 0.588000 0.967766 0.116000 0.061469
1 0.574000 0.849325 0.148000 0.196402
1 0.447000 0.841829 0.162000 0.190405
1 0.475000 0.968516 0.122000 0.062969
1 0.371000 0.955772 0.118000 0.079460
1 0.334000 0.838081 0.164000 0.188906
1 0.225000 0.829835 0.182000 0.193403
1 0.108000 0.817841 0.188000 0.169415
1 0.169000 0.949025 0.130000 0.101949
1 0.273000 0.952024 0.130000 0.089955
