1 0.100000 0.122500 0.200000 0.225000
1 0.353333 0.142500 0.306667 0.185000
1 0.623333 0.147500 0.340000 0.165000
1 0.893333 0.145000 0.213333 0.160000
1 0.126667 0.347500 0.253333 0.225000
1 0.540000 0.350000 0.586667 0.250000
1 0.916667 0.317500 0.166667 0.195000
1 0.143333 0.567500 0.286667 0.235000
1 0.560000 0.565000 0.546667 0.230000
1 0.153333 0.777500 0.306667 0.205000
1 0.553333 0.765000 0.546667 0.200000
1 0.156667 0.932500 0.313333 0.135000
1 0.560000 0.930000 0.506667 0.130000
1 0.916667 0.487500 0.166667 0.155000
1 0.910000 0.640000 0.166667 0.160000
1 0.940000 0.720000 0.106667 0.210000
1 0.896667 0.860000 0.193333 0.270000
