1 0.111000 0.270615 0.222000 0.226387
1 0.121000 0.461019 0.242000 0.154423
1 0.121000 0.613193 0.242000 0.179910
1 0.108000 0.766867 0.216000 0.169415
1 0.117000 0.909295 0.234000 0.178411
1 0.304000 0.960270 0.148000 0.076462
1 0.302000 0.851574 0.180000 0.197901
1 0.308000 0.686657 0.184000 0.197901
1 0.320000 0.284858 0.232000 0.224888
1 0.285000 0.097451 0.302000 0.194903
1 0.490000 0.958771 0.224000 0.082459
1 0.492000 0.890555 0.224000 0.158921
1 0.508000 0.759370 0.232000 0.163418
1 0.514000 0.628936 0.228000 0.145427
1 0.526000 0.486507 0.228000 0.160420
1 0.558000 0.356822 0.264000 0.191904
1 0.547000 0.183658 0.226000 0.178411
1 0.557000 0.080210 0.246000 0.160420
1 0.680000 0.885307 0.164000 0.157421
1 0.690000 0.765367 0.168000 0.145427
1 0.704000 0.642429 0.164000 0.142429
1 0.720000 0.511244 0.172000 0.131934
1 0.734000 0.374813 0.168000 0.140930
1 0.742000 0.236882 0.188000 0.152924
1 0.805000 0.098951 0.102000 0.158921
1 0.837000 0.859820 0.170000 0.136432
1 0.849000 0.751874 0.174000 0.133433
1 0.863000 0.639430 0.178000 0.118441
1 0.878000 0.531484 0.184000 0.121439
1 0.894000 0.412294 0.180000 0.125937
1 0.906000 0.285607 0.184000 0.139430
1 0.915000 0.149175 0.170000 0.169415
1 0.912000 0.044228 0.176000 0.088456
1 0.329241 0.497855 0.180690 0.207827
