1 0.031000 0.296547 0.062000 0.157658
1 0.144000 0.288288 0.220000 0.180180
1 0.291000 0.297297 0.198000 0.201201
1 0.505000 0.295796 0.246000 0.237237
1 0.798000 0.304054 0.372000 0.286787
1 0.969000 0.283033 0.062000 0.304805
1 0.945000 0.568318 0.110000 0.259760
1 0.761000 0.555556 0.338000 0.270270
1 0.928000 0.795045 0.144000 0.238739
1 0.908000 0.936186 0.184000 0.127628
1 0.738000 0.755255 0.308000 0.246246
1 0.717000 0.899399 0.278000 0.201201
1 0.654000 0.971471 0.180000 0.057057
1 0.047000 0.447447 0.094000 0.144144
1 0.141000 0.456456 0.154000 0.156156
1 0.296000 0.486486 0.184000 0.183183
1 0.497000 0.506757 0.218000 0.217718
1 0.043000 0.578078 0.086000 0.144144
1 0.142000 0.599099 0.140000 0.156156
1 0.292000 0.646396 0.164000 0.184685
1 0.480000 0.689189 0.224000 0.225225
1 0.487000 0.835586 0.194000 0.175676
1 0.478000 0.929429 0.200000 0.141141
1 0.051000 0.689189 0.102000 0.123123
1 0.154000 0.725976 0.124000 0.139640
1 0.306000 0.776276 0.176000 0.168168
1 0.308000 0.895646 0.140000 0.172673
1 0.174000 0.837838 0.124000 0.147147
1 0.067000 0.794294 0.106000 0.126126
