1 0.242000 0.124260 0.360000 0.177515
1 0.213000 0.309172 0.394000 0.204142
1 0.188000 0.501479 0.376000 0.215976
1 0.187000 0.721893 0.374000 0.260355
1 0.607000 0.105030 0.382000 0.210059
1 0.605000 0.303254 0.406000 0.210059
1 0.594000 0.497041 0.412000 0.224852
1 0.598000 0.720414 0.464000 0.292899
1 0.594000 0.912722 0.496000 0.174556
1 0.911000 0.748521 0.178000 0.289941
1 0.920000 0.943787 0.160000 0.112426
1 0.899000 0.465976 0.202000 0.292899
1 0.880000 0.036982 0.176000 0.068047
1 0.894000 0.190828 0.204000 0.286982
1 0.172000 0.915680 0.344000 0.168639
