1 0.728000 0.241333 0.168000 0.141333
1 0.727000 0.384000 0.170000 0.144000
1 0.725000 0.528000 0.174000 0.149333
1 0.722000 0.672000 0.180000 0.149333
1 0.722000 0.825333 0.180000 0.168000
1 0.571000 0.822667 0.122000 0.162667
1 0.568000 0.668000 0.116000 0.146667
1 0.572000 0.525333 0.116000 0.149333
1 0.585000 0.378667 0.118000 0.149333
1 0.588000 0.186667 0.120000 0.240000
1 0.468000 0.344000 0.108000 0.202667
1 0.435000 0.516000 0.158000 0.146667
1 0.429000 0.665333 0.162000 0.152000
1 0.426000 0.822667 0.164000 0.157333
1 0.262000 0.817333 0.164000 0.157333
1 0.269000 0.662667 0.162000 0.152000
1 0.267000 0.514667 0.158000 0.149333
1 0.374000 0.338667 0.060000 0.208000
1 0.317000 0.337333 0.054000 0.205333
1 0.265000 0.341333 0.054000 0.202667
1 0.214000 0.344000 0.048000 0.197333
1 0.448000 0.158667 0.060000 0.168000
1 0.504000 0.160000 0.060000 0.170667
1 0.387000 0.149333 0.062000 0.170667
1 0.331000 0.148000 0.058000 0.173333
1 0.273000 0.149333 0.058000 0.170667
1 0.220000 0.148000 0.052000 0.168000
