1 0.236602 0.138211 0.468293 0.272087
1 0.722780 0.109485 0.510569 0.212466
1 0.966488 0.224000 0.063024 0.288000
1 0.712211 0.301897 0.486179 0.230894
1 0.233756 0.405420 0.464228 0.266667
1 0.697577 0.504065 0.461789 0.190786
1 0.947382 0.489431 0.101236 0.259079
1 0.231724 0.686179 0.461789 0.303523
1 0.679285 0.686179 0.428455 0.177778
1 0.929902 0.718699 0.136195 0.234146
1 0.228878 0.908965 0.454472 0.176737
1 0.666683 0.841192 0.409756 0.149593
1 0.655707 0.951241 0.391057 0.092184
1 0.916000 0.916553 0.164000 0.161561
