1 0.610000 0.431034 0.080000 0.064468
1 0.611000 0.486507 0.070000 0.052474
1 0.605000 0.525487 0.070000 0.028486
1 0.534000 0.517241 0.076000 0.038981
1 0.588000 0.578711 0.116000 0.077961
1 0.499000 0.556972 0.066000 0.073463
1 0.652000 0.385307 0.032000 0.074963
1 0.886000 0.302099 0.160000 0.091454
1 0.738000 0.303598 0.148000 0.085457
1 0.888000 0.389805 0.160000 0.086957
1 0.740000 0.388306 0.144000 0.083958
1 0.879000 0.473763 0.154000 0.086957
1 0.718000 0.469265 0.140000 0.083958
1 0.866000 0.553223 0.156000 0.089955
1 0.719000 0.547976 0.138000 0.082459
1 0.707000 0.619190 0.134000 0.083958
1 0.850000 0.633433 0.148000 0.088456
1 0.297000 0.170915 0.354000 0.254873
1 0.057000 0.163418 0.114000 0.257871
1 0.061000 0.401799 0.122000 0.227886
1 0.295000 0.393553 0.354000 0.226387
1 0.057000 0.619190 0.114000 0.209895
1 0.064000 0.812594 0.128000 0.227886
1 0.297000 0.606447 0.342000 0.220390
1 0.283000 0.798351 0.330000 0.226387
1 0.060000 0.952774 0.120000 0.094453
1 0.281000 0.928036 0.314000 0.143928
