1 0.236222 0.151852 0.472444 0.295238
1 0.599032 0.168783 0.283333 0.335450
1 0.812921 0.220106 0.193651 0.306878
1 0.802603 0.481481 0.187302 0.270899
1 0.583556 0.477778 0.276190 0.329101
1 0.228683 0.467196 0.457365 0.439153
1 0.224032 0.820635 0.447619 0.352381
1 0.573238 0.793651 0.279365 0.353439
1 0.790698 0.740212 0.184127 0.271958
1 0.781968 0.914286 0.165079 0.162963
1 0.569270 0.935450 0.260317 0.122751
1 0.930460 0.044444 0.135079 0.088889
1 0.917286 0.242328 0.159524 0.287831
1 0.930381 0.444974 0.092063 0.119577
1 0.924032 0.557672 0.098413 0.112169
1 0.933556 0.729630 0.126984 0.244444
