1 0.190529 0.688987 0.282379 0.478120
1 0.427313 0.670778 0.248458 0.488693
1 0.408590 0.224670 0.230396 0.449339
1 0.164097 0.242878 0.295595 0.485756
1 0.061000 0.832294 0.122000 0.330079
1 0.219965 0.948887 0.224070 0.096893
1 0.428414 0.945069 0.203965 0.104529
1 0.630837 0.928928 0.191189 0.135683
1 0.651322 0.654626 0.248018 0.461087
1 0.637004 0.220558 0.225551 0.439941
1 0.832159 0.213803 0.212335 0.418209
1 0.846696 0.630250 0.249339 0.442878
1 0.811744 0.907771 0.191489 0.179125
1 0.938326 0.831131 0.118943 0.331278
1 0.045468 0.624975 0.055287 0.084189
