1 0.527865 0.309957 0.360000 0.210906
1 0.497303 0.489025 0.353708 0.185638
1 0.299551 0.496269 0.055281 0.147567
1 0.482247 0.657649 0.352360 0.187996
1 0.478427 0.840254 0.351910 0.196082
1 0.131236 0.794266 0.259775 0.214612
1 0.125618 0.647878 0.250337 0.174519
1 0.130337 0.466284 0.260674 0.190691
1 0.280000 0.354430 0.136629 0.124657
1 0.277753 0.752826 0.065618 0.127689
1 0.808718 0.493023 0.288205 0.194903
1 0.801795 0.683697 0.298974 0.201053
1 0.793333 0.868796 0.292308 0.233729
1 0.279464 0.625580 0.080357 0.126722
