1 0.372324 0.258919 0.305946 0.280000
1 0.183135 0.327027 0.234595 0.178378
1 0.205838 0.509189 0.247568 0.201081
1 0.235027 0.706486 0.269189 0.223784
1 0.431784 0.480541 0.262703 0.202162
1 0.473405 0.664324 0.274595 0.221622
1 0.666919 0.225946 0.317838 0.222703
1 0.697730 0.442162 0.344865 0.272432
1 0.766378 0.663784 0.380541 0.287568
1 0.717189 0.048108 0.074595 0.094054
1 0.685838 0.059459 0.072432 0.114595
1 0.875703 0.075135 0.244595 0.145946
1 0.754486 0.099459 0.099459 0.177297
1 0.902730 0.170892 0.190541 0.265784
1 0.846919 0.263784 0.122162 0.222703
1 0.973000 0.327000 0.050000 0.194000
1 0.929757 0.378919 0.136486 0.202162
1 0.866919 0.423784 0.101622 0.151351
1 0.956649 0.537297 0.080000 0.185946
1 0.916649 0.563784 0.108108 0.165405
1 0.982189 0.698973 0.031622 0.146054
1 0.949622 0.705946 0.096216 0.136216
