1 0.099610 0.200542 0.195935 0.401084
1 0.277252 0.198916 0.235772 0.397832
1 0.502455 0.200000 0.219512 0.393496
1 0.719528 0.201626 0.243902 0.401084
1 0.897382 0.210840 0.201236 0.419512
1 0.113016 0.507859 0.226033 0.269919
1 0.299610 0.515447 0.210569 0.256911
1 0.491073 0.519783 0.191870 0.243902
1 0.691480 0.528455 0.215447 0.254743
1 0.878878 0.539295 0.222764 0.239566
1 0.147577 0.763686 0.220325 0.304607
1 0.312211 0.766396 0.191870 0.297019
1 0.493106 0.741463 0.173171 0.190786
1 0.489041 0.869377 0.155285 0.091057
1 0.657740 0.733333 0.183740 0.215718
1 0.825220 0.747425 0.201626 0.187534
1 0.638228 0.878591 0.154472 0.074797
1 0.788634 0.876965 0.167480 0.073713
