1 0.039031 0.306036 0.078062 0.299928
1 0.047171 0.599483 0.094341 0.293540
1 0.049767 0.868217 0.098450 0.256331
1 0.126512 0.202584 0.120155 0.330749
1 0.136202 0.512661 0.122481 0.316279
1 0.149380 0.817054 0.117829 0.300775
1 0.267434 0.838202 0.129132 0.318264
1 0.253256 0.512145 0.134884 0.348320
1 0.238140 0.174160 0.131008 0.333850
1 0.364496 0.111111 0.143411 0.220155
1 0.374961 0.386563 0.151938 0.357623
1 0.524186 0.376744 0.168217 0.391731
1 0.516047 0.101809 0.168992 0.197416
1 0.391240 0.736434 0.150388 0.346253
1 0.535814 0.752972 0.162016 0.366925
1 0.698605 0.362791 0.189922 0.419638
1 0.891907 0.069034 0.212186 0.132734
1 0.891907 0.345333 0.212186 0.461333
1 0.897333 0.784000 0.201333 0.416000
1 0.704806 0.775194 0.191473 0.405168
1 0.711008 0.973085 0.182171 0.048496
1 0.542829 0.958098 0.154341 0.078470
1 0.399000 0.946729 0.138000 0.101209
1 0.694729 0.125065 0.172868 0.099225
1 0.689690 0.052713 0.175194 0.103359
1 0.657907 0.010853 0.110078 0.021705
