1 0.930000 0.418667 0.140000 0.293333
1 0.943000 0.732000 0.114000 0.328000
1 0.794000 0.417333 0.152000 0.296000
1 0.819000 0.726667 0.166000 0.328000
1 0.954000 0.949333 0.092000 0.101333
1 0.827000 0.946667 0.158000 0.106667
1 0.649000 0.408000 0.146000 0.298667
1 0.666000 0.725333 0.156000 0.330667
1 0.672000 0.945333 0.156000 0.109333
1 0.504000 0.412000 0.144000 0.296000
1 0.512000 0.724000 0.156000 0.328000
1 0.515000 0.945333 0.162000 0.109333
1 0.357000 0.412000 0.150000 0.301333
1 0.354000 0.732000 0.156000 0.338667
1 0.352000 0.946667 0.160000 0.106667
1 0.205000 0.429333 0.158000 0.309333
1 0.198000 0.748000 0.168000 0.333333
1 0.188000 0.956000 0.164000 0.088000
1 0.068000 0.432000 0.136000 0.314667
1 0.062000 0.756000 0.124000 0.338667
