1 0.222485 0.152910 0.202206 0.172231
1 0.393441 0.161467 0.141176 0.155118
1 0.584985 0.146838 0.246324 0.188792
1 0.830574 0.152634 0.240441 0.172783
1 0.883221 0.330397 0.229559 0.189322
1 0.635721 0.335078 0.272794 0.193208
1 0.364029 0.335078 0.275000 0.191000
1 0.121347 0.333835 0.242694 0.190723
1 0.065639 0.512763 0.131279 0.175676
1 0.244521 0.514898 0.266667 0.172776
1 0.488813 0.524840 0.214612 0.184431
1 0.707078 0.520726 0.220091 0.192658
1 0.903452 0.513106 0.189096 0.176361
1 0.058333 0.683934 0.116667 0.166667
1 0.206164 0.690416 0.215525 0.181003
1 0.402511 0.696244 0.204566 0.188545
1 0.610274 0.701386 0.209132 0.178260
1 0.821233 0.693845 0.227397 0.191973
1 0.955050 0.681994 0.085900 0.171795
1 0.946831 0.841626 0.102338 0.148717
1 0.803881 0.855650 0.198174 0.156321
1 0.607991 0.864220 0.193607 0.146036
1 0.414840 0.861478 0.190868 0.139180
1 0.219863 0.855993 0.206393 0.151521
1 0.067466 0.842785 0.134932 0.155272
