1 0.798000 0.143000 0.356000 0.142000
1 0.804000 0.283000 0.348000 0.134000
1 0.726000 0.411000 0.224000 0.134000
1 0.918000 0.417000 0.164000 0.134000
1 0.784000 0.542000 0.336000 0.136000
1 0.976000 0.548000 0.048000 0.128000
1 0.787000 0.664000 0.330000 0.136000
1 0.975000 0.674000 0.050000 0.124000
1 0.921000 0.795000 0.158000 0.130000
1 0.732000 0.785000 0.216000 0.126000
1 0.732000 0.911000 0.224000 0.146000
1 0.922000 0.920000 0.156000 0.144000
1 0.788000 0.985000 0.332000 0.030000
1 0.499000 0.146000 0.246000 0.152000
1 0.263000 0.156000 0.222000 0.144000
1 0.076000 0.162000 0.152000 0.132000
1 0.167000 0.049000 0.334000 0.098000
1 0.599000 0.059000 0.182000 0.118000
1 0.432000 0.036000 0.152000 0.072000
1 0.314000 0.042000 0.080000 0.044000
1 0.501000 0.283000 0.226000 0.134000
1 0.502000 0.415000 0.216000 0.130000
1 0.283000 0.288000 0.218000 0.132000
1 0.289000 0.415000 0.214000 0.126000
1 0.093000 0.415000 0.186000 0.126000
1 0.089000 0.291000 0.178000 0.126000
1 0.455000 0.538000 0.318000 0.120000
1 0.148000 0.537000 0.296000 0.122000
1 0.463000 0.660000 0.318000 0.120000
1 0.155000 0.658000 0.306000 0.120000
1 0.517000 0.778000 0.210000 0.116000
1 0.303000 0.771000 0.202000 0.102000
1 0.106000 0.766000 0.196000 0.112000
1 0.468000 0.891000 0.308000 0.134000
1 0.466000 0.967000 0.300000 0.066000
1 0.169000 0.875000 0.294000 0.106000
1 0.172000 0.961000 0.288000 0.078000
1 0.018000 0.938000 0.036000 0.124000
