1 0.267000 0.714012 0.258000 0.207294
1 0.297000 0.892514 0.278000 0.188100
1 0.562000 0.889635 0.296000 0.182342
1 0.522000 0.706334 0.296000 0.195777
1 0.830000 0.892514 0.240000 0.184261
1 0.573000 0.507678 0.290000 0.209213
1 0.275000 0.503839 0.314000 0.232246
1 0.512000 0.289827 0.304000 0.245681
1 0.827000 0.284069 0.338000 0.241843
1 0.815000 0.704415 0.298000 0.207294
1 0.850000 0.513436 0.264000 0.216891
1 0.139000 0.261996 0.070000 0.067179
1 0.198000 0.258157 0.068000 0.071017
1 0.258000 0.258157 0.072000 0.074856
1 0.302000 0.255278 0.028000 0.069098
1 0.380000 0.176583 0.128000 0.076775
1 0.453000 0.157390 0.034000 0.030710
1 0.404000 0.102687 0.120000 0.082534
1 0.314000 0.105566 0.068000 0.080614
1 0.252000 0.113244 0.064000 0.072937
1 0.195000 0.113244 0.062000 0.072937
1 0.132000 0.119002 0.076000 0.072937
1 0.156000 0.192898 0.116000 0.078695
1 0.258000 0.186180 0.116000 0.080614
1 0.273000 0.037428 0.074000 0.074856
1 0.249000 0.379079 0.130000 0.032630
