1 0.884000 0.565967 0.232000 0.163418
1 0.892000 0.721889 0.216000 0.163418
1 0.896000 0.886807 0.208000 0.172414
1 0.687000 0.935532 0.254000 0.128936
1 0.638000 0.607946 0.260000 0.106447
1 0.650000 0.708396 0.276000 0.106447
1 0.658000 0.816342 0.280000 0.115442
1 0.608000 0.913043 0.176000 0.107946
1 0.176000 0.790855 0.296000 0.220390
1 0.368000 0.775862 0.104000 0.193403
1 0.467000 0.765367 0.098000 0.172414
1 0.465000 0.598951 0.098000 0.157421
1 0.372000 0.590705 0.088000 0.176912
1 0.188000 0.583208 0.280000 0.200900
1 0.603000 0.500000 0.066000 0.124438
1 0.526000 0.477511 0.084000 0.154423
1 0.452000 0.452024 0.064000 0.157421
1 0.370000 0.425037 0.100000 0.178411
1 0.191000 0.401799 0.258000 0.194903
1 0.626000 0.402549 0.040000 0.115442
1 0.589000 0.384558 0.046000 0.127436
1 0.521000 0.352324 0.094000 0.158921
1 0.450000 0.321589 0.064000 0.151424
1 0.379000 0.278861 0.082000 0.182909
1 0.212000 0.231634 0.248000 0.214393
1 0.046000 0.266117 0.092000 0.175412
1 0.037000 0.425787 0.074000 0.173913
1 0.409000 0.089205 0.186000 0.160420
1 0.530000 0.133433 0.060000 0.146927
1 0.580000 0.170915 0.052000 0.140930
1 0.413000 0.206897 0.194000 0.155922
1 0.533000 0.245127 0.058000 0.145427
1 0.593000 0.279610 0.062000 0.139430
1 0.263000 0.109445 0.106000 0.110945
1 0.694000 0.151424 0.124000 0.092954
1 0.824000 0.116942 0.136000 0.095952
1 0.945000 0.086207 0.110000 0.088456
1 0.944000 0.153673 0.112000 0.091454
1 0.825000 0.182159 0.142000 0.094453
1 0.693000 0.212894 0.122000 0.089955
1 0.949000 0.223388 0.102000 0.089955
1 0.831000 0.250375 0.146000 0.095952
1 0.698000 0.278111 0.124000 0.091454
1 0.953000 0.296102 0.094000 0.088456
1 0.839000 0.317091 0.150000 0.094453
1 0.703000 0.344078 0.126000 0.088456
1 0.958000 0.371814 0.084000 0.089955
1 0.843000 0.387556 0.154000 0.091454
1 0.706000 0.410795 0.128000 0.086957
1 0.962000 0.437781 0.076000 0.056972
1 0.852000 0.459520 0.152000 0.088456
1 0.714000 0.475262 0.132000 0.080960
1 0.031000 0.592204 0.062000 0.185907
1 0.026000 0.784858 0.052000 0.202399
1 0.195000 0.929535 0.390000 0.140930
1 0.436000 0.919790 0.124000 0.160420
1 0.510000 0.903298 0.036000 0.139430
1 0.714000 0.580210 0.132000 0.152924
1 0.908000 0.479760 0.184000 0.044978
1 0.278000 0.044228 0.072000 0.082459
1 0.351000 0.027736 0.078000 0.055472
1 0.468000 0.044978 0.156000 0.089955
1 0.580000 0.030735 0.068000 0.061469
1 0.581000 0.081709 0.074000 0.139430
1 0.638000 0.056222 0.052000 0.112444
