1 0.191000 0.018667 0.294000 0.037333
1 0.343000 0.132000 0.582000 0.264000
1 0.041000 0.109333 0.082000 0.218667
1 0.815000 0.137333 0.370000 0.274667
1 0.060000 0.298667 0.120000 0.176000
1 0.372000 0.356000 0.524000 0.253333
1 0.073000 0.468000 0.146000 0.168000
1 0.376000 0.566667 0.484000 0.242667
1 0.815000 0.393333 0.370000 0.253333
1 0.815000 0.606667 0.370000 0.264000
1 0.087000 0.620000 0.174000 0.168000
1 0.099000 0.748000 0.198000 0.152000
1 0.106000 0.865333 0.212000 0.184000
1 0.117000 0.940000 0.234000 0.120000
1 0.393000 0.722667 0.454000 0.261333
1 0.816000 0.801333 0.368000 0.285333
1 0.814000 0.916000 0.372000 0.168000
1 0.402000 0.852000 0.424000 0.248000
1 0.406000 0.922667 0.404000 0.154667
