1 0.173000 0.128280 0.330000 0.256560
1 0.473000 0.118076 0.274000 0.236152
1 0.728000 0.100583 0.240000 0.201166
1 0.916000 0.099125 0.168000 0.192420
1 0.348000 0.365889 0.588000 0.323615
1 0.753000 0.317784 0.226000 0.256560
1 0.927000 0.301749 0.146000 0.218659
1 0.220000 0.641399 0.300000 0.314869
1 0.490000 0.580175 0.248000 0.274052
1 0.720000 0.542274 0.212000 0.239067
1 0.908000 0.502915 0.184000 0.212828
1 0.916000 0.674927 0.168000 0.218659
1 0.726000 0.730321 0.240000 0.247813
1 0.885000 0.848397 0.230000 0.250729
1 0.686000 0.897959 0.180000 0.204082
1 0.330000 0.820700 0.556000 0.358601
1 0.407000 0.934402 0.382000 0.131195
1 0.884000 0.938776 0.232000 0.122449
