1 0.295732 0.069072 0.215464 0.134021
1 0.559134 0.073196 0.263918 0.146392
1 0.773052 0.069588 0.159794 0.139175
1 0.230268 0.234021 0.455670 0.210309
1 0.129237 0.434536 0.237113 0.188660
1 0.263258 0.602577 0.432990 0.196907
1 0.188515 0.770103 0.219588 0.177320
1 0.305010 0.894845 0.398969 0.202062
1 0.493670 0.949485 0.345361 0.096907
1 0.484907 0.726289 0.371134 0.188660
1 0.460680 0.415979 0.407216 0.192784
1 0.644701 0.227320 0.379381 0.190722
1 0.917742 0.205155 0.160515 0.181443
1 0.827021 0.384237 0.341959 0.196474
1 0.660165 0.557216 0.352577 0.186598
1 0.907072 0.525773 0.163918 0.158763
1 0.826144 0.671134 0.319588 0.183505
1 0.666351 0.831443 0.336082 0.188660
1 0.818928 0.909825 0.292784 0.176351
1 0.899856 0.784536 0.143299 0.146392
