1 0.911000 0.088323 0.178000 0.176647
1 0.644000 0.097305 0.360000 0.194611
1 0.843000 0.299401 0.314000 0.293413
1 0.355000 0.100299 0.234000 0.200599
1 0.171000 0.104790 0.154000 0.191617
1 0.064000 0.109281 0.108000 0.170659
1 0.543000 0.296407 0.290000 0.245509
1 0.885000 0.570359 0.230000 0.308383
1 0.621000 0.525449 0.306000 0.254491
1 0.844000 0.805389 0.312000 0.341317
1 0.586000 0.742515 0.208000 0.245509
1 0.839000 0.923653 0.322000 0.152695
1 0.551000 0.898204 0.254000 0.203593
1 0.411000 0.940120 0.230000 0.119760
1 0.377000 0.848802 0.114000 0.176647
1 0.383000 0.693114 0.222000 0.254491
1 0.369000 0.502994 0.218000 0.227545
1 0.328000 0.305389 0.160000 0.209581
1 0.208000 0.294910 0.104000 0.188623
1 0.182000 0.461078 0.172000 0.203593
1 0.221000 0.630240 0.118000 0.188623
1 0.222000 0.785928 0.200000 0.218563
1 0.248000 0.923653 0.108000 0.152695
1 0.213000 0.983533 0.074000 0.032934
1 0.117000 0.874251 0.170000 0.215569
1 0.082000 0.732036 0.100000 0.170659
1 0.092000 0.585329 0.152000 0.200599
1 0.086000 0.278443 0.152000 0.173653
1 0.007000 0.109281 0.014000 0.152695
1 0.007000 0.258982 0.014000 0.152695
1 0.017000 0.407186 0.034000 0.143713
1 0.017000 0.556886 0.034000 0.167665
1 0.020000 0.691617 0.040000 0.107784
1 0.021000 0.817365 0.042000 0.179641
1 0.032000 0.944611 0.064000 0.110778
1 0.028000 0.980539 0.056000 0.038922
1 0.120000 0.958084 0.112000 0.077844
