1 0.099924 0.862202 0.151890 0.168209
1 0.100955 0.962303 0.149828 0.067077
1 0.105079 0.712052 0.151203 0.146538
1 0.109890 0.575834 0.147079 0.142410
1 0.250440 0.310104 0.124399 0.126931
1 0.103704 0.364798 0.181443 0.112484
1 0.101299 0.462834 0.151890 0.100100
1 0.244942 0.441679 0.136770 0.132091
1 0.252502 0.579445 0.136770 0.145506
1 0.249065 0.714116 0.135395 0.136219
1 0.218481 0.848271 0.092096 0.144474
1 0.220199 0.954563 0.084536 0.084621
1 0.364873 0.770874 0.202062 0.214648
1 0.359375 0.909218 0.210309 0.175557
1 0.469684 0.609372 0.193127 0.182657
1 0.379649 0.439099 0.132646 0.149634
1 0.378275 0.335387 0.120275 0.080493
1 0.348034 0.578413 0.050172 0.131059
1 0.552845 0.786869 0.180756 0.162018
1 0.550440 0.927278 0.177320 0.139438
1 0.455251 0.133123 0.120275 0.115579
1 0.454564 0.233223 0.118900 0.115579
1 0.452158 0.335387 0.114089 0.103196
1 0.474495 0.440131 0.068041 0.104228
1 0.544598 0.266762 0.058419 0.091844
1 0.558344 0.359638 0.095533 0.093908
1 0.554220 0.451482 0.083162 0.085653
1 0.553189 0.522688 0.082474 0.054694
1 0.797863 0.254894 0.087973 0.090812
1 0.728103 0.264182 0.079038 0.084621
1 0.805079 0.346738 0.074914 0.084621
1 0.729821 0.349834 0.075601 0.090812
