1 0.484711 0.043905 0.456612 0.085744
1 0.512603 0.163223 0.485537 0.233471
1 0.558058 0.357438 0.504132 0.245868
1 0.605062 0.558368 0.513430 0.259298
1 0.658781 0.770661 0.517562 0.274793
1 0.708058 0.922831 0.529339 0.145248
1 0.858368 0.183058 0.274174 0.357025
1 0.899174 0.479649 0.192562 0.468388
1 0.940496 0.839153 0.109917 0.312603
1 0.252273 0.841942 0.365702 0.204545
1 0.279442 0.948657 0.368388 0.093595
1 0.226446 0.682851 0.363636 0.196281
1 0.189256 0.532541 0.353306 0.178719
1 0.169008 0.377583 0.338017 0.184917
1 0.152479 0.229649 0.304959 0.167975
1 0.138017 0.092562 0.276033 0.160331
