1 0.850000 0.886000 0.244000 0.028000
1 0.862000 0.818000 0.272000 0.160000
1 0.864000 0.676000 0.272000 0.164000
1 0.869000 0.527000 0.262000 0.170000
1 0.874000 0.364000 0.252000 0.172000
1 0.876000 0.191000 0.248000 0.182000
1 0.886000 0.051000 0.228000 0.102000
1 0.601000 0.879000 0.238000 0.046000
1 0.364000 0.877000 0.236000 0.046000
1 0.139000 0.865000 0.218000 0.070000
1 0.593000 0.800000 0.242000 0.136000
1 0.601000 0.671000 0.246000 0.142000
1 0.606000 0.525000 0.264000 0.150000
1 0.350000 0.526000 0.244000 0.148000
1 0.352000 0.664000 0.240000 0.144000
1 0.353000 0.792000 0.234000 0.132000
1 0.130000 0.773000 0.228000 0.122000
1 0.118000 0.648000 0.232000 0.132000
1 0.114000 0.510000 0.228000 0.148000
1 0.107000 0.363000 0.214000 0.154000
1 0.110000 0.203000 0.220000 0.170000
1 0.106000 0.065000 0.212000 0.130000
1 0.343000 0.064000 0.270000 0.128000
1 0.625000 0.061000 0.294000 0.122000
1 0.609000 0.369000 0.274000 0.170000
1 0.611000 0.199000 0.282000 0.186000
1 0.340000 0.209000 0.260000 0.166000
1 0.341000 0.368000 0.262000 0.156000
