1 0.106000 0.063422 0.208000 0.126844
1 0.319000 0.073009 0.226000 0.146018
1 0.524000 0.092183 0.196000 0.181416
1 0.809000 0.114307 0.382000 0.225664
1 0.284000 0.233038 0.564000 0.241888
1 0.751000 0.276549 0.430000 0.193215
1 0.242000 0.425516 0.484000 0.187316
1 0.705000 0.437316 0.458000 0.169617
1 0.260000 0.608407 0.520000 0.196165
1 0.758000 0.599558 0.484000 0.181416
1 0.264000 0.794985 0.524000 0.206490
1 0.759000 0.776549 0.482000 0.178466
1 0.258000 0.933628 0.516000 0.126844
1 0.767000 0.924779 0.466000 0.147493
