1 0.503391 0.106810 0.536481 0.213619
1 0.505861 0.289300 0.476185 0.226757
1 0.135509 0.230338 0.268772 0.211640
1 0.390596 0.494888 0.561404 0.327804
1 0.313127 0.660353 0.437664 0.113721
1 0.240551 0.794541 0.478627 0.292123
1 0.191569 0.880218 0.381994 0.237297
1 0.055235 0.592413 0.106752 0.223841
1 0.125367 0.470775 0.250733 0.308897
1 0.839385 0.498030 0.317231 0.307794
1 0.768551 0.755131 0.458897 0.297982
1 0.722115 0.915388 0.422436 0.166434
1 0.772531 0.281872 0.111728 0.075236
1 0.889414 0.337467 0.217172 0.052957
1 0.864706 0.304443 0.215686 0.088183
1 0.772144 0.223386 0.085133 0.046487
1 0.855399 0.235718 0.145853 0.059794
1 0.973355 0.301060 0.049291 0.060011
1 0.953389 0.242662 0.089222 0.058738
1 0.954389 0.200120 0.087091 0.032979
1 0.864716 0.194656 0.126678 0.032199
1 0.795009 0.188119 0.109122 0.030442
