1 0.278095 0.201546 0.064762 0.116959
1 0.417143 0.172828 0.213333 0.168129
1 0.646667 0.133145 0.257143 0.191103
1 0.850000 0.102339 0.153333 0.175439
1 0.772857 0.326337 0.313333 0.316416
1 0.478571 0.354010 0.277143 0.267335
1 0.206190 0.379595 0.260000 0.249582
1 0.479048 0.614035 0.280000 0.265246
1 0.774286 0.625000 0.310476 0.295530
1 0.773333 0.877454 0.318095 0.240706
1 0.464762 0.867011 0.293333 0.261591
1 0.197619 0.846387 0.252381 0.262114
1 0.099048 0.601504 0.022857 0.190058
1 0.097143 0.707498 0.022857 0.032373
1 0.224286 0.611947 0.227619 0.240184
