1 0.791745 0.100000 0.247655 0.200000
1 0.752345 0.313333 0.318949 0.246667
1 0.733583 0.528333 0.300188 0.243333
1 0.753283 0.751667 0.193246 0.216667
1 0.564728 0.730000 0.180113 0.253333
1 0.734522 0.926667 0.185741 0.146667
1 0.550657 0.913333 0.174484 0.173333
1 0.376173 0.915000 0.166979 0.170000
1 0.378987 0.725000 0.172608 0.210000
1 0.424953 0.515000 0.279550 0.270000
1 0.451220 0.296667 0.287054 0.253333
1 0.455910 0.100000 0.217636 0.173333
1 0.619137 0.113333 0.105066 0.173333
1 0.226079 0.845000 0.136961 0.310000
1 0.141651 0.921667 0.046904 0.156667
1 0.161351 0.763333 0.093809 0.153333
1 0.178236 0.611667 0.153846 0.156667
1 0.252345 0.451667 0.110694 0.163333
1 0.271107 0.611667 0.043152 0.163333
1 0.146341 0.450000 0.101313 0.166667
1 0.165103 0.285000 0.150094 0.183333
1 0.273921 0.286667 0.078799 0.180000
1 0.466229 0.011667 0.223265 0.023333
