1 0.960000 0.627628 0.080000 0.093093
1 0.968000 0.535285 0.064000 0.097598
1 0.981000 0.417568 0.038000 0.125825
1 0.861000 0.636637 0.138000 0.102102
1 0.877000 0.535285 0.170000 0.103604
1 0.886000 0.423423 0.200000 0.129129
1 0.906452 0.294111 0.182796 0.147997
1 0.719000 0.301051 0.194000 0.151652
1 0.726222 0.146980 0.223556 0.167835
1 0.914000 0.144144 0.172000 0.153153
1 0.907000 0.033033 0.186000 0.066066
1 0.705619 0.421948 0.192762 0.147095
1 0.699000 0.033784 0.214000 0.067568
1 0.525111 0.152152 0.182222 0.176176
1 0.518000 0.308559 0.176000 0.157658
1 0.533203 0.439189 0.185593 0.118619
1 0.482000 0.034535 0.224000 0.069069
1 0.258000 0.171171 0.348000 0.255255
1 0.287000 0.400901 0.314000 0.207207
1 0.317294 0.571412 0.282589 0.205524
1 0.334000 0.738739 0.252000 0.159159
1 0.310000 0.867117 0.236000 0.127628
1 0.104000 0.888889 0.208000 0.126126
1 0.110000 0.757508 0.220000 0.157658
1 0.098000 0.598348 0.196000 0.181682
1 0.081000 0.407658 0.162000 0.208709
1 0.060000 0.177177 0.120000 0.252252
1 0.658294 0.680931 0.399411 0.394895
