1 0.044174 0.315740 0.088348 0.128280
1 0.183275 0.212430 0.178261 0.115333
1 0.177478 0.324498 0.175362 0.110981
1 0.033275 0.403926 0.063768 0.045698
1 0.186899 0.440919 0.257971 0.128389
1 0.042000 0.542553 0.084000 0.227205
1 0.068783 0.723811 0.131884 0.202376
1 0.070957 0.863624 0.139130 0.212169
1 0.057217 0.946490 0.114435 0.095008
1 0.205014 0.568220 0.256522 0.126213
1 0.226029 0.690081 0.211594 0.126213
1 0.236174 0.808678 0.214493 0.124037
1 0.225304 0.931627 0.233333 0.124037
1 0.293420 0.209710 0.056522 0.116421
1 0.461536 0.181965 0.305797 0.132741
1 0.289072 0.323954 0.065217 0.114245
1 0.459362 0.314162 0.307246 0.136006
1 0.476754 0.441463 0.307246 0.129477
1 0.476754 0.564412 0.284058 0.125125
1 0.476754 0.681377 0.284058 0.126213
1 0.483275 0.803782 0.288406 0.129477
1 0.481826 0.885929 0.288406 0.054402
1 0.489072 0.954476 0.300000 0.087044
1 0.696319 0.199917 0.157971 0.112069
1 0.741971 0.297297 0.266667 0.158855
1 0.752116 0.446359 0.266667 0.152326
1 0.746319 0.585085 0.257971 0.168647
1 0.740522 0.715650 0.246377 0.190408
1 0.741246 0.848392 0.239130 0.199112
1 0.749942 0.950668 0.247826 0.092484
1 0.884478 0.137387 0.227043 0.163664
1 0.933029 0.292042 0.129942 0.148649
1 0.936652 0.442943 0.122696 0.150150
1 0.932304 0.592701 0.131391 0.140358
1 0.923609 0.734147 0.148783 0.142534
1 0.926507 0.873656 0.142986 0.137703
1 0.930130 0.969219 0.135739 0.058559
