1 0.126881 0.312565 0.250289 0.265842
1 0.353299 0.310395 0.295139 0.252821
1 0.584780 0.308225 0.358796 0.244141
1 0.820602 0.301714 0.347222 0.233290
1 0.930961 0.292990 0.133912 0.220356
1 0.186921 0.547483 0.373264 0.223524
1 0.484230 0.526324 0.238715 0.198568
1 0.717159 0.510048 0.235822 0.198568
1 0.906684 0.499740 0.180845 0.190972
1 0.141348 0.730317 0.276331 0.183377
1 0.377170 0.704275 0.244502 0.170356
1 0.595631 0.688542 0.215567 0.171441
1 0.798900 0.674436 0.217014 0.169271
1 0.937471 0.660634 0.120891 0.155642
1 0.218027 0.875716 0.337095 0.185547
1 0.484230 0.845877 0.209780 0.156250
1 0.683883 0.822548 0.195312 0.146484
1 0.882089 0.797591 0.227141 0.148655
1 0.196672 0.967187 0.219155 0.062500
1 0.393547 0.954709 0.196238 0.087457
1 0.579340 0.942773 0.182986 0.111328
1 0.753328 0.928885 0.172164 0.124783
1 0.904514 0.909896 0.176505 0.121528
