1 0.502000 0.237265 0.132000 0.184987
1 0.656000 0.210456 0.180000 0.211796
1 0.294000 0.422252 0.056000 0.152815
1 0.360000 0.427614 0.076000 0.168901
1 0.458000 0.424933 0.124000 0.190349
1 0.555000 0.426273 0.122000 0.214477
1 0.714000 0.432976 0.196000 0.243968
1 0.830000 0.420912 0.036000 0.209115
1 0.302000 0.573727 0.072000 0.155496
1 0.371000 0.589812 0.082000 0.171582
1 0.458000 0.612601 0.100000 0.190349
1 0.566000 0.638070 0.120000 0.219839
1 0.728000 0.658177 0.200000 0.265416
1 0.833000 0.608579 0.034000 0.198391
1 0.308000 0.719839 0.072000 0.163539
1 0.382000 0.747989 0.080000 0.182306
1 0.465000 0.785523 0.098000 0.203753
1 0.567000 0.823056 0.118000 0.230563
1 0.721000 0.871314 0.194000 0.257373
1 0.836000 0.786863 0.032000 0.195710
