1 0.044840 0.159973 0.060274 0.079727
1 0.098265 0.158420 0.057534 0.076621
1 0.075434 0.234523 0.110502 0.073515
1 0.091872 0.327193 0.092237 0.078692
1 0.101461 0.401744 0.084018 0.084905
1 0.106027 0.479918 0.078539 0.090082
1 0.937402 0.136790 0.121196 0.101244
1 0.932836 0.236599 0.130329 0.114921
1 0.931142 0.334959 0.123288 0.127357
1 0.920639 0.428147 0.126027 0.123215
1 0.917443 0.519782 0.121461 0.122180
1 0.710137 0.132016 0.254795 0.224687
1 0.268128 0.132016 0.298630 0.199836
1 0.496438 0.130981 0.163470 0.212261
1 0.196438 0.318392 0.138813 0.189482
1 0.335708 0.326158 0.147032 0.190518
1 0.616986 0.340654 0.415525 0.229864
1 0.281826 0.500109 0.280365 0.200872
1 0.497808 0.523406 0.151598 0.197766
1 0.693699 0.521335 0.242009 0.253678
1 0.217443 0.655422 0.131507 0.176022
1 0.348950 0.673542 0.135160 0.183270
1 0.611963 0.694250 0.390868 0.272316
1 0.294612 0.822643 0.265753 0.201907
1 0.496895 0.866130 0.142466 0.193624
1 0.684110 0.858882 0.230137 0.276458
1 0.856712 0.136158 0.049315 0.177057
1 0.843014 0.302861 0.056621 0.183270
1 0.834795 0.456621 0.052968 0.196730
1 0.826575 0.609863 0.047489 0.207084
1 0.822922 0.733596 0.047489 0.206049
