1 0.261000 0.307937 0.366000 0.400000
1 0.246000 0.696825 0.364000 0.384127
1 0.233000 0.900000 0.354000 0.142857
1 0.371000 0.131746 0.314000 0.193651
1 0.606000 0.188889 0.156000 0.244444
1 0.483000 0.349206 0.098000 0.323810
1 0.568000 0.376190 0.076000 0.282540
1 0.478000 0.673016 0.100000 0.323810
1 0.565000 0.657143 0.074000 0.279365
1 0.472000 0.887302 0.120000 0.168254
1 0.568000 0.873016 0.076000 0.190476
1 0.636000 0.400000 0.060000 0.247619
1 0.634000 0.646032 0.060000 0.250794
1 0.630000 0.863492 0.048000 0.209524
1 0.683000 0.853968 0.050000 0.228571
1 0.687000 0.639683 0.046000 0.219048
1 0.688000 0.417460 0.044000 0.219048
1 0.733000 0.431746 0.042000 0.196825
1 0.733000 0.631746 0.042000 0.203175
1 0.725000 0.834921 0.030000 0.203175
1 0.766000 0.806349 0.048000 0.203175
1 0.770000 0.630159 0.032000 0.187302
1 0.772000 0.441270 0.036000 0.184127
1 0.800000 0.620635 0.028000 0.161905
1 0.805000 0.790476 0.026000 0.184127
1 0.806000 0.450794 0.028000 0.171429
1 0.831000 0.617460 0.026000 0.155556
1 0.829000 0.460317 0.026000 0.158730
1 0.834000 0.771429 0.028000 0.171429
1 0.860000 0.757143 0.024000 0.161905
1 0.853000 0.612698 0.022000 0.139683
1 0.856000 0.461905 0.024000 0.149206
1 0.883000 0.747619 0.022000 0.149206
1 0.876000 0.609524 0.024000 0.126984
1 0.879000 0.473016 0.022000 0.139683
1 0.899000 0.477778 0.018000 0.123810
1 0.897000 0.606349 0.022000 0.126984
1 0.900000 0.736508 0.020000 0.139683
1 0.914000 0.480952 0.016000 0.123810
1 0.916000 0.601587 0.016000 0.117460
1 0.918000 0.726984 0.016000 0.133333
1 0.932000 0.720635 0.016000 0.120635
1 0.931000 0.601587 0.014000 0.111111
1 0.931000 0.487302 0.018000 0.111111
1 0.951000 0.490476 0.018000 0.098413
1 0.944000 0.601587 0.016000 0.104762
1 0.959000 0.600000 0.014000 0.107937
1 0.947000 0.714286 0.014000 0.114286
1 0.960000 0.706349 0.012000 0.111111
