1 0.373405 0.082703 0.212973 0.145946
1 0.616108 0.067027 0.276757 0.127568
1 0.118811 0.378378 0.231351 0.105946
1 0.379892 0.222703 0.232432 0.142703
1 0.621514 0.196757 0.276757 0.142703
1 0.877324 0.236676 0.241351 0.229351
1 0.362054 0.363243 0.259459 0.136216
1 0.625297 0.340541 0.267027 0.140541
1 0.876649 0.459459 0.237838 0.222703
1 0.119892 0.497297 0.237838 0.136216
1 0.363135 0.501081 0.252973 0.135135
1 0.622595 0.482162 0.270270 0.140541
1 0.122108 0.633081 0.244216 0.141838
1 0.364757 0.631351 0.249730 0.136216
1 0.623676 0.655135 0.263784 0.216216
1 0.875568 0.636216 0.244324 0.135135
1 0.874622 0.726432 0.246757 0.043135
1 0.125838 0.762703 0.245405 0.122162
1 0.369622 0.763784 0.250811 0.132973
1 0.122108 0.869351 0.244216 0.093297
1 0.368000 0.872973 0.251892 0.089730
1 0.612324 0.837838 0.238919 0.160000
