1 0.919840 0.382263 0.160321 0.324159
1 0.909820 0.567278 0.180361 0.198777
1 0.899800 0.683486 0.200401 0.211009
1 0.890782 0.795107 0.218437 0.220183
1 0.878758 0.892966 0.242485 0.214067
1 0.783567 0.948012 0.068136 0.103976
1 0.151303 0.700306 0.302605 0.207951
1 0.150301 0.816514 0.300601 0.195719
1 0.151303 0.917431 0.290581 0.165138
1 0.628257 0.389908 0.306613 0.192661
1 0.626253 0.518349 0.302605 0.174312
1 0.608216 0.651376 0.302605 0.152905
1 0.597194 0.769113 0.288577 0.143731
1 0.589178 0.876147 0.280561 0.125382
1 0.589178 0.964832 0.272545 0.070336
1 0.398798 0.042813 0.172345 0.085627
1 0.393788 0.136086 0.170341 0.131498
1 0.222445 0.120795 0.172345 0.131498
1 0.216433 0.233945 0.172345 0.125382
1 0.385772 0.249235 0.170341 0.125382
1 0.375752 0.359327 0.170341 0.119266
1 0.210421 0.345566 0.168337 0.122324
1 0.207415 0.455657 0.162325 0.116208
1 0.371743 0.467890 0.166333 0.116208
1 0.368737 0.573394 0.164329 0.107034
1 0.204409 0.558104 0.164329 0.100917
1 0.372745 0.675841 0.144289 0.097859
1 0.369739 0.772171 0.146293 0.094801
1 0.369739 0.868502 0.142285 0.097859
1 0.559118 0.154434 0.168337 0.125382
1 0.567134 0.056575 0.168337 0.113150
1 0.721443 0.177370 0.168337 0.122324
1 0.748497 0.288991 0.082164 0.107034
1 0.730461 0.065749 0.166333 0.131498
1 0.887776 0.091743 0.152305 0.122324
1 0.880762 0.195719 0.154309 0.110092
1 0.822645 0.301223 0.070140 0.107034
1 0.811623 0.408257 0.068136 0.107034
1 0.801603 0.509174 0.056112 0.100917
1 0.225451 0.035168 0.174349 0.070336
1 0.067134 0.218654 0.134269 0.125382
1 0.063126 0.333333 0.126253 0.122324
1 0.062124 0.443425 0.124248 0.110092
1 0.061122 0.544343 0.122244 0.110092
1 0.069138 0.100917 0.138277 0.128440
