1 0.174000 0.110799 0.344000 0.183352
1 0.436000 0.125422 0.184000 0.163105
1 0.713000 0.102362 0.370000 0.204724
1 0.944000 0.048931 0.112000 0.097863
1 0.932000 0.213161 0.136000 0.311586
1 0.913000 0.525872 0.170000 0.318335
1 0.894000 0.806524 0.208000 0.386952
1 0.879000 0.928009 0.190000 0.143982
1 0.741000 0.922947 0.122000 0.154106
1 0.706000 0.779528 0.212000 0.157480
1 0.680000 0.597863 0.320000 0.205849
1 0.694000 0.455006 0.316000 0.187852
1 0.708000 0.264904 0.352000 0.196850
1 0.435000 0.428009 0.214000 0.142857
1 0.426000 0.279528 0.196000 0.158605
1 0.165000 0.276715 0.330000 0.159730
1 0.165000 0.435883 0.330000 0.165354
1 0.122000 0.573678 0.240000 0.116985
1 0.349000 0.555118 0.226000 0.160855
1 0.373000 0.706412 0.430000 0.247469
1 0.089000 0.700787 0.178000 0.143982
1 0.094000 0.834646 0.184000 0.134983
1 0.436000 0.908324 0.500000 0.183352
1 0.496000 0.541620 0.076000 0.088864
