1 0.163000 0.123123 0.326000 0.246246
1 0.522000 0.120871 0.416000 0.241742
1 0.860000 0.125375 0.280000 0.250751
1 0.176000 0.348348 0.352000 0.210210
1 0.527000 0.343093 0.370000 0.205706
1 0.852000 0.349099 0.296000 0.217718
1 0.161000 0.532282 0.322000 0.166667
1 0.165000 0.687688 0.330000 0.165165
1 0.191000 0.821321 0.326000 0.159159
1 0.235000 0.928679 0.302000 0.139640
1 0.507000 0.925676 0.266000 0.112613
1 0.499000 0.812312 0.290000 0.126126
1 0.482000 0.680931 0.308000 0.136637
1 0.487000 0.530030 0.342000 0.183183
1 0.839000 0.536036 0.318000 0.183183
1 0.796000 0.674925 0.320000 0.142643
1 0.789000 0.798799 0.294000 0.126126
1 0.777000 0.922673 0.282000 0.133634
