1 0.977000 0.946753 0.046000 0.106494
1 0.975000 0.828571 0.050000 0.124675
1 0.973000 0.703896 0.054000 0.129870
1 0.971000 0.577922 0.058000 0.132468
1 0.971000 0.453247 0.058000 0.127273
1 0.972000 0.325974 0.056000 0.127273
1 0.965000 0.203896 0.070000 0.127273
1 0.965000 0.079221 0.070000 0.127273
1 0.856000 0.979221 0.192000 0.041558
1 0.850000 0.897403 0.196000 0.137662
1 0.852000 0.764935 0.192000 0.127273
1 0.847000 0.638961 0.194000 0.124675
1 0.843000 0.512987 0.198000 0.127273
1 0.850000 0.389610 0.184000 0.129870
1 0.842000 0.264935 0.180000 0.129870
1 0.836000 0.142857 0.184000 0.135065
1 0.834000 0.041558 0.184000 0.083117
1 0.648000 0.055844 0.192000 0.111688
1 0.638000 0.164935 0.192000 0.132468
1 0.642000 0.283117 0.192000 0.129870
1 0.638000 0.400000 0.192000 0.135065
1 0.645000 0.518182 0.190000 0.127273
1 0.651000 0.640260 0.194000 0.116883
1 0.651000 0.759740 0.198000 0.122078
1 0.647000 0.883117 0.198000 0.129870
1 0.652000 0.971429 0.200000 0.057143
1 0.448000 0.155844 0.192000 0.140260
1 0.452000 0.272727 0.188000 0.129870
1 0.448000 0.394805 0.192000 0.129870
1 0.452000 0.514286 0.188000 0.119481
1 0.451000 0.636364 0.194000 0.119481
1 0.451000 0.758442 0.194000 0.119481
1 0.450000 0.881818 0.192000 0.132468
1 0.448000 0.970130 0.192000 0.059740
1 0.115000 0.754545 0.230000 0.148052
1 0.115000 0.881818 0.230000 0.163636
1 0.116000 0.958442 0.232000 0.083117
1 0.138000 0.274026 0.168000 0.127273
1 0.142000 0.370130 0.184000 0.116883
1 0.140000 0.451948 0.184000 0.109091
1 0.138000 0.542857 0.184000 0.098701
1 0.135000 0.631169 0.190000 0.088312
1 0.025000 0.366234 0.050000 0.109091
1 0.025000 0.464935 0.050000 0.109091
1 0.293000 0.422078 0.122000 0.090909
1 0.294000 0.500000 0.124000 0.070130
1 0.292000 0.564935 0.124000 0.070130
1 0.293000 0.632468 0.126000 0.070130
1 0.293000 0.697403 0.126000 0.075325
1 0.291000 0.775325 0.126000 0.080519
