1 0.203611 0.260287 0.141667 0.152007
1 0.342500 0.259245 0.141667 0.149925
1 0.481389 0.261848 0.136111 0.150966
1 0.622361 0.260807 0.143056 0.150966
1 0.764722 0.259766 0.147222 0.148884
1 0.774444 0.419061 0.163889 0.161378
1 0.627917 0.419061 0.148611 0.163460
1 0.488333 0.415417 0.144444 0.158254
1 0.344583 0.415417 0.143056 0.160336
1 0.198750 0.415938 0.151389 0.159295
1 0.194583 0.582521 0.154167 0.173871
1 0.342500 0.580960 0.152778 0.170748
1 0.489028 0.579918 0.151389 0.166583
1 0.641806 0.582001 0.156944 0.172830
1 0.795972 0.585645 0.159722 0.171789
1 0.800833 0.763160 0.163889 0.191571
1 0.644583 0.761078 0.154167 0.187406
1 0.492500 0.758996 0.155556 0.189489
1 0.340417 0.763160 0.154167 0.187406
1 0.189028 0.759516 0.148611 0.188447
