1 0.799429 0.172487 0.306349 0.209524
1 0.793873 0.380423 0.293651 0.208466
1 0.790302 0.566667 0.280159 0.204233
1 0.787127 0.748148 0.267460 0.196825
1 0.795460 0.911111 0.252381 0.169312
1 0.504984 0.791005 0.301587 0.172487
1 0.534349 0.921418 0.269841 0.151831
1 0.499032 0.639153 0.308730 0.165079
1 0.497444 0.492593 0.311905 0.172487
1 0.492286 0.335979 0.311111 0.174603
1 0.488317 0.147090 0.330159 0.224339
1 0.481571 0.024868 0.324603 0.045503
1 0.165302 0.276720 0.325397 0.178836
1 0.165587 0.468254 0.331175 0.227513
1 0.179587 0.643915 0.325397 0.170370
1 0.203000 0.789947 0.313492 0.166138
1 0.211333 0.921947 0.306349 0.150772
