1 0.889000 0.088028 0.222000 0.176056
1 0.887000 0.252347 0.218000 0.176056
1 0.940000 0.416667 0.100000 0.171362
1 0.841000 0.421362 0.094000 0.166667
1 0.893000 0.585681 0.214000 0.171362
1 0.936000 0.758216 0.096000 0.173709
1 0.837000 0.755869 0.094000 0.164319
1 0.888000 0.917840 0.208000 0.164319
1 0.679000 0.103286 0.206000 0.173709
1 0.733000 0.260563 0.094000 0.164319
1 0.689000 0.426056 0.214000 0.171362
1 0.742000 0.588028 0.088000 0.161972
1 0.688000 0.751174 0.204000 0.164319
1 0.738000 0.909624 0.092000 0.161972
1 0.595000 0.902582 0.194000 0.161972
1 0.541000 0.746479 0.086000 0.154930
1 0.595000 0.588028 0.202000 0.157277
1 0.538000 0.429577 0.092000 0.159624
1 0.589000 0.267606 0.198000 0.164319
1 0.532000 0.115023 0.084000 0.159624
1 0.399000 0.131455 0.178000 0.173709
1 0.448000 0.278169 0.080000 0.161972
1 0.401000 0.434272 0.182000 0.159624
1 0.324000 0.288732 0.172000 0.159624
1 0.275000 0.441315 0.074000 0.150235
1 0.453000 0.586854 0.078000 0.154930
1 0.327000 0.588028 0.174000 0.152582
1 0.407000 0.739437 0.178000 0.154930
1 0.282000 0.734742 0.076000 0.145540
1 0.457000 0.890845 0.082000 0.152582
1 0.333000 0.882629 0.170000 0.150235
1 0.215000 0.869718 0.074000 0.138498
1 0.107000 0.862676 0.150000 0.143192
1 0.169000 0.731221 0.158000 0.143192
1 0.061000 0.726526 0.066000 0.133803
1 0.204000 0.591549 0.072000 0.140845
1 0.098000 0.590376 0.144000 0.138498
1 0.162000 0.448357 0.148000 0.140845
1 0.056000 0.451878 0.068000 0.133803
1 0.204000 0.305164 0.064000 0.145540
1 0.098000 0.313380 0.144000 0.143192
1 0.274000 0.149061 0.076000 0.152582
1 0.159000 0.170188 0.150000 0.152582
1 0.053000 0.181925 0.062000 0.138498
