1 0.220922 0.163542 0.110156 0.125000
1 0.336547 0.161458 0.121094 0.137500
1 0.450609 0.171875 0.110156 0.120833
1 0.564281 0.147396 0.118750 0.134375
1 0.726781 0.162500 0.178125 0.135417
1 0.726391 0.292187 0.188281 0.134375
1 0.566234 0.275521 0.119531 0.136458
1 0.451000 0.293229 0.112500 0.123958
1 0.334594 0.290625 0.123438 0.133333
1 0.216234 0.288021 0.110156 0.126042
1 0.211547 0.415104 0.116406 0.128125
1 0.333813 0.416667 0.129688 0.131250
1 0.452562 0.420833 0.117188 0.127083
1 0.571703 0.413542 0.122656 0.133333
1 0.727953 0.426042 0.191406 0.137500
1 0.728734 0.554167 0.191406 0.133333
1 0.568578 0.545833 0.117969 0.135417
1 0.452562 0.545312 0.114062 0.128125
1 0.332250 0.546354 0.126562 0.136458
1 0.204125 0.548958 0.121875 0.137500
1 0.199828 0.685417 0.130469 0.137500
1 0.327953 0.682292 0.127344 0.139583
1 0.451781 0.681250 0.128125 0.143750
1 0.576000 0.680729 0.121875 0.136458
1 0.731078 0.691146 0.192969 0.134375
1 0.734594 0.827083 0.196875 0.143750
1 0.572484 0.820312 0.124219 0.144792
1 0.445922 0.826562 0.128906 0.146875
1 0.320141 0.825521 0.127344 0.146875
1 0.196313 0.826562 0.126562 0.151042
