1 0.197000 0.180180 0.238000 0.207207
1 0.512000 0.146396 0.408000 0.268769
1 0.770000 0.170420 0.108000 0.160661
1 0.198000 0.385135 0.240000 0.205706
1 0.441000 0.381381 0.246000 0.207207
1 0.199000 0.596096 0.242000 0.213213
1 0.445000 0.590841 0.246000 0.214715
1 0.198000 0.810811 0.248000 0.219219
1 0.447000 0.808559 0.254000 0.217718
1 0.594000 0.343093 0.052000 0.124625
1 0.601000 0.466216 0.062000 0.121622
1 0.599000 0.590841 0.054000 0.127628
1 0.603000 0.720721 0.058000 0.126126
1 0.604000 0.849099 0.060000 0.130631
1 0.697000 0.368619 0.138000 0.238739
1 0.827000 0.360360 0.134000 0.234234
1 0.714000 0.604354 0.156000 0.238739
1 0.853000 0.596096 0.154000 0.243243
1 0.684000 0.806306 0.104000 0.204204
1 0.782000 0.808559 0.100000 0.196697
