1 0.266000 0.214667 0.080000 0.162667
1 0.347000 0.214667 0.086000 0.162667
1 0.423000 0.208000 0.082000 0.160000
1 0.501000 0.204000 0.082000 0.157333
1 0.580000 0.206667 0.088000 0.168000
1 0.662000 0.213333 0.080000 0.165333
1 0.743000 0.204000 0.082000 0.162667
1 0.267000 0.377333 0.082000 0.168000
1 0.356000 0.378667 0.084000 0.170667
1 0.437000 0.370667 0.082000 0.165333
1 0.518000 0.368000 0.084000 0.165333
1 0.601000 0.372000 0.082000 0.173333
1 0.682000 0.377333 0.084000 0.168000
1 0.765000 0.381333 0.086000 0.165333
1 0.262000 0.549333 0.092000 0.186667
1 0.347000 0.549333 0.098000 0.181333
1 0.435000 0.538667 0.090000 0.170667
1 0.512000 0.534667 0.088000 0.178667
1 0.596000 0.544000 0.088000 0.176000
1 0.677000 0.548000 0.082000 0.178667
1 0.757000 0.550667 0.082000 0.173333
1 0.246000 0.737333 0.104000 0.189333
1 0.330000 0.737333 0.100000 0.189333
1 0.417000 0.733333 0.094000 0.192000
1 0.544000 0.709333 0.136000 0.122667
1 0.676000 0.724000 0.132000 0.114667
1 0.549000 0.834667 0.130000 0.117333
1 0.690000 0.833333 0.128000 0.120000
