1 0.833000 0.330667 0.298000 0.277333
1 0.865000 0.574667 0.214000 0.226667
1 0.666000 0.537333 0.184000 0.269333
1 0.470000 0.573333 0.236000 0.197333
1 0.589000 0.336000 0.218000 0.293333
1 0.447000 0.348000 0.258000 0.290667
1 0.380000 0.228000 0.180000 0.024000
1 0.318000 0.248000 0.200000 0.026667
1 0.248000 0.368000 0.240000 0.213333
1 0.107000 0.370667 0.214000 0.224000
1 0.090000 0.258667 0.180000 0.048000
1 0.204000 0.237333 0.228000 0.053333
1 0.248000 0.208000 0.072000 0.042667
1 0.320000 0.204000 0.080000 0.040000
1 0.288000 0.145333 0.052000 0.088000
1 0.625000 0.117333 0.058000 0.042667
1 0.429000 0.132000 0.122000 0.114667
1 0.339000 0.137333 0.066000 0.109333
1 0.245000 0.169333 0.062000 0.045333
1 0.158000 0.184000 0.060000 0.048000
1 0.769000 0.125333 0.042000 0.032000
1 0.801000 0.122667 0.026000 0.032000
1 0.829000 0.121333 0.030000 0.040000
1 0.877000 0.116000 0.054000 0.045333
1 0.930000 0.112000 0.060000 0.042667
1 0.899000 0.148000 0.034000 0.034667
1 0.938000 0.148000 0.052000 0.034667
1 0.821000 0.773333 0.262000 0.202667
1 0.613000 0.762667 0.174000 0.181333
1 0.458000 0.753333 0.164000 0.184000
1 0.511000 0.905333 0.210000 0.146667
1 0.691000 0.921333 0.162000 0.141333
1 0.861000 0.929333 0.178000 0.136000
1 0.285000 0.721333 0.206000 0.152000
1 0.289000 0.561333 0.166000 0.184000
1 0.157000 0.561333 0.150000 0.168000
1 0.053000 0.561333 0.106000 0.162667
1 0.132000 0.717333 0.140000 0.149333
1 0.048000 0.710667 0.096000 0.146667
1 0.084000 0.844000 0.168000 0.136000
1 0.214000 0.853333 0.140000 0.122667
1 0.341000 0.853333 0.154000 0.144000
