1 0.843653 0.536364 0.312693 0.372727
1 0.735294 0.504545 0.300310 0.300000
1 0.639319 0.740909 0.095975 0.263636
1 0.842105 0.809091 0.315789 0.309091
1 0.650155 0.904545 0.111455 0.190909
1 0.851393 0.943182 0.297214 0.113636
1 0.753870 0.079545 0.089783 0.159091
1 0.770898 0.263636 0.105263 0.218182
1 0.633127 0.106818 0.170279 0.213636
1 0.647059 0.304545 0.167183 0.218182
1 0.462848 0.118182 0.182663 0.218182
1 0.473684 0.327273 0.185759 0.227273
1 0.253870 0.352273 0.278638 0.250000
1 0.241486 0.125000 0.278638 0.250000
1 0.535604 0.525000 0.111455 0.231818
1 0.541796 0.725000 0.105263 0.231818
1 0.547988 0.904545 0.099071 0.190909
1 0.315789 0.568182 0.346749 0.272727
1 0.328173 0.772727 0.340557 0.263636
1 0.334365 0.900000 0.334365 0.200000
1 0.069659 0.036364 0.065015 0.072727
1 0.075851 0.147727 0.071207 0.204545
1 0.086687 0.345455 0.074303 0.200000
1 0.088235 0.520455 0.046440 0.177273
1 0.123839 0.547727 0.049536 0.204545
1 0.095975 0.690909 0.043344 0.200000
1 0.137771 0.738636 0.052632 0.250000
1 0.105263 0.861364 0.049536 0.222727
1 0.147059 0.902273 0.046440 0.195455
1 0.128483 0.961364 0.083591 0.077273
1 0.043344 0.836364 0.086687 0.327273
1 0.030960 0.200000 0.043344 0.127273
1 0.041796 0.340909 0.046440 0.190909
1 0.049536 0.513636 0.043344 0.154545
1 0.054180 0.622727 0.040248 0.136364
1 0.021672 0.075000 0.043344 0.150000
1 0.013932 0.347727 0.027864 0.168182
1 0.017028 0.490909 0.034056 0.118182
1 0.020124 0.613636 0.040248 0.136364
1 0.010836 0.206818 0.021672 0.113636
