1 0.837000 0.425333 0.126000 0.200000
1 0.907000 0.176000 0.134000 0.229333
1 0.776000 0.184000 0.128000 0.218667
1 0.646000 0.193333 0.128000 0.221333
1 0.521000 0.197333 0.122000 0.213333
1 0.404000 0.201333 0.116000 0.210667
1 0.288000 0.206667 0.116000 0.210667
1 0.173000 0.212000 0.118000 0.205333
1 0.063000 0.213333 0.110000 0.202667
1 0.457000 0.432000 0.110000 0.186667
1 0.578000 0.430667 0.116000 0.194667
1 0.700000 0.428000 0.116000 0.194667
1 0.343000 0.432000 0.106000 0.181333
1 0.240000 0.434667 0.104000 0.186667
1 0.137000 0.437333 0.106000 0.186667
1 0.044000 0.436000 0.088000 0.184000
1 0.848000 0.646667 0.140000 0.221333
1 0.719000 0.644000 0.130000 0.221333
1 0.584000 0.645333 0.124000 0.218667
1 0.461000 0.642667 0.122000 0.213333
1 0.333000 0.640000 0.118000 0.213333
1 0.213000 0.642667 0.126000 0.213333
1 0.091000 0.641333 0.134000 0.205333
1 0.873000 0.841333 0.142000 0.157333
1 0.737000 0.838667 0.142000 0.162667
1 0.589000 0.838667 0.118000 0.162667
1 0.466000 0.837333 0.128000 0.170667
1 0.338000 0.836000 0.116000 0.168000
1 0.224000 0.834667 0.120000 0.170667
1 0.111000 0.834667 0.114000 0.170667
1 0.032000 0.837333 0.064000 0.170667
