1 0.494000 0.134667 0.228000 0.136000
1 0.116000 0.157333 0.088000 0.096000
1 0.210000 0.073333 0.100000 0.088000
1 0.207000 0.130667 0.094000 0.064000
1 0.211000 0.184000 0.114000 0.053333
1 0.321000 0.122667 0.090000 0.064000
1 0.316000 0.177333 0.084000 0.050667
1 0.418000 0.064000 0.136000 0.090667
1 0.936000 0.158667 0.056000 0.066667
1 0.947000 0.217333 0.062000 0.061333
1 0.618000 0.105333 0.044000 0.082667
1 0.624000 0.174667 0.040000 0.056000
1 0.706000 0.157333 0.108000 0.053333
1 0.855000 0.041333 0.050000 0.082667
1 0.117000 0.593333 0.234000 0.264000
1 0.361000 0.461333 0.262000 0.528000
1 0.619000 0.453333 0.270000 0.522667
1 0.874000 0.578667 0.240000 0.240000
1 0.120000 0.972000 0.240000 0.056000
1 0.362000 0.982667 0.248000 0.034667
1 0.620000 0.977333 0.264000 0.045333
1 0.877000 0.977333 0.246000 0.045333
1 0.906000 0.058667 0.040000 0.117333
1 0.858000 0.214667 0.036000 0.056000
1 0.978000 0.154667 0.028000 0.058667
