1 0.205652 0.382424 0.175689 0.433939
1 0.358870 0.347879 0.168880 0.350303
1 0.281239 0.041818 0.134831 0.077576
1 0.281580 0.110909 0.134150 0.133333
1 0.373170 0.041818 0.053115 0.077576
1 0.374872 0.123636 0.056520 0.090909
1 0.475315 0.163636 0.181137 0.318788
1 0.593463 0.081818 0.127341 0.162424
1 0.615254 0.230909 0.124617 0.176970
1 0.696289 0.115152 0.109636 0.151515
1 0.784814 0.132121 0.109636 0.153939
1 0.717058 0.252727 0.111679 0.147879
1 0.814436 0.264848 0.122574 0.140606
1 0.847804 0.417576 0.133470 0.181818
1 0.747021 0.415152 0.140279 0.184242
1 0.631937 0.414545 0.145727 0.183030
1 0.505277 0.424242 0.156622 0.202424
1 0.528430 0.624242 0.156622 0.216970
1 0.658495 0.611515 0.145727 0.208485
1 0.776643 0.600606 0.140960 0.191515
1 0.883555 0.597576 0.135512 0.187879
1 0.375553 0.643636 0.179094 0.236364
1 0.197821 0.792727 0.195438 0.381818
1 0.388151 0.866667 0.193395 0.258182
1 0.553286 0.860000 0.173647 0.271515
1 0.699013 0.859848 0.175009 0.273636
1 0.813415 0.853788 0.146408 0.285758
1 0.918965 0.852576 0.138236 0.288182
