1 0.263000 0.130435 0.526000 0.254873
1 0.755000 0.129685 0.486000 0.256372
1 0.744000 0.368816 0.512000 0.224888
1 0.245000 0.352324 0.490000 0.224888
1 0.253000 0.535982 0.474000 0.202399
1 0.171000 0.700900 0.318000 0.193403
1 0.479000 0.721889 0.302000 0.193403
1 0.819000 0.753373 0.354000 0.181409
1 0.745000 0.576462 0.510000 0.208396
1 0.803000 0.908546 0.330000 0.164918
1 0.736000 0.917541 0.528000 0.161919
1 0.486000 0.880810 0.308000 0.205397
1 0.194000 0.849325 0.292000 0.166417
1 0.255000 0.946027 0.434000 0.107946
