1 0.150381 0.070619 0.300763 0.141237
1 0.448701 0.080412 0.306186 0.156701
1 0.736330 0.082990 0.281443 0.161856
1 0.928247 0.086515 0.139505 0.170969
1 0.915361 0.260505 0.165278 0.186990
1 0.718804 0.247423 0.273196 0.214433
1 0.447155 0.253093 0.296907 0.213402
1 0.150897 0.230165 0.301794 0.228330
1 0.146258 0.433000 0.292515 0.194000
1 0.432206 0.441237 0.281443 0.189691
1 0.698701 0.432990 0.263918 0.179381
1 0.903505 0.432227 0.188990 0.167546
1 0.891134 0.591237 0.213732 0.153608
1 0.676021 0.596392 0.251546 0.168041
1 0.882371 0.728866 0.231258 0.152577
1 0.658495 0.754639 0.232990 0.148454
1 0.868804 0.871649 0.232990 0.151546
1 0.644577 0.893299 0.229897 0.139175
1 0.419835 0.772680 0.250515 0.159794
1 0.413649 0.911856 0.240206 0.159794
1 0.423443 0.620619 0.259794 0.169072
1 0.151278 0.778866 0.280412 0.163918
1 0.147289 0.622165 0.294577 0.178351
1 0.153340 0.924258 0.272165 0.147485
