1 0.152000 0.037467 0.302800 0.073867
1 0.160339 0.239379 0.320678 0.332090
1 0.170169 0.520904 0.339661 0.288814
1 0.176780 0.760226 0.353559 0.265763
1 0.182000 0.924429 0.364000 0.145808
1 0.535932 0.904316 0.365424 0.186034
1 0.543390 0.735593 0.400678 0.233672
1 0.550000 0.511864 0.445085 0.260791
1 0.565593 0.242034 0.487797 0.311412
1 0.558136 0.050169 0.510847 0.099435
1 0.853700 0.876267 0.288600 0.147200
1 0.858200 0.778667 0.279600 0.144000
1 0.864100 0.668800 0.267800 0.142933
1 0.873100 0.541600 0.249800 0.133867
1 0.880500 0.403733 0.235000 0.146133
1 0.892800 0.242800 0.210400 0.181067
1 0.824000 0.089333 0.042000 0.074133
