1 0.891000 0.634183 0.182000 0.143928
1 0.848000 0.488756 0.264000 0.149925
1 0.835000 0.774363 0.258000 0.142429
1 0.717000 0.631184 0.174000 0.143928
1 0.545000 0.628186 0.170000 0.143928
1 0.617000 0.176162 0.270000 0.166417
1 0.878000 0.175412 0.244000 0.170915
1 0.336000 0.183658 0.284000 0.160420
1 0.098000 0.188156 0.196000 0.157421
1 0.385000 0.071964 0.194000 0.143928
1 0.207000 0.055472 0.170000 0.110945
1 0.062000 0.056972 0.124000 0.113943
1 0.575000 0.047226 0.186000 0.094453
1 0.768000 0.047226 0.188000 0.094453
1 0.930000 0.045727 0.140000 0.091454
1 0.548000 0.335832 0.172000 0.152924
1 0.723000 0.336582 0.182000 0.154423
1 0.904000 0.337331 0.188000 0.155922
1 0.375000 0.341829 0.178000 0.158921
1 0.204000 0.338831 0.172000 0.149925
1 0.062000 0.339580 0.124000 0.148426
1 0.326000 0.486507 0.260000 0.145427
1 0.099000 0.486507 0.198000 0.145427
1 0.373000 0.628186 0.178000 0.152924
1 0.204000 0.628936 0.164000 0.142429
1 0.062000 0.627436 0.124000 0.136432
1 0.336000 0.769865 0.256000 0.145427
1 0.106000 0.767616 0.212000 0.143928
1 0.587000 0.763868 0.246000 0.136432
1 0.593000 0.913793 0.286000 0.172414
1 0.879000 0.953523 0.242000 0.092954
1 0.860000 0.916042 0.280000 0.167916
1 0.381000 0.907046 0.170000 0.155922
1 0.218000 0.907796 0.160000 0.139430
1 0.071000 0.905547 0.142000 0.134933
1 0.340000 0.988756 0.220000 0.022489
1 0.115000 0.983508 0.230000 0.032984
1 0.589476 0.485490 0.254450 0.145215
