1 0.756000 0.688022 0.188000 0.228412
1 0.907000 0.697772 0.134000 0.236769
1 0.595000 0.679666 0.138000 0.228412
1 0.437000 0.678273 0.186000 0.236769
1 0.280000 0.667131 0.144000 0.225627
1 0.120000 0.664345 0.188000 0.231198
1 0.040000 0.791086 0.080000 0.261838
1 0.129000 0.888579 0.146000 0.222841
1 0.033000 0.949861 0.066000 0.100279
1 0.267000 0.889972 0.150000 0.220056
1 0.436000 0.892758 0.192000 0.203343
1 0.599000 0.894150 0.138000 0.200557
1 0.761000 0.895543 0.190000 0.203343
1 0.914000 0.903900 0.132000 0.192201
1 0.903000 0.474930 0.138000 0.225627
1 0.751000 0.462396 0.182000 0.222841
1 0.596000 0.462396 0.132000 0.228412
1 0.444000 0.452646 0.184000 0.220056
1 0.289000 0.451253 0.142000 0.222841
1 0.133000 0.438719 0.194000 0.225627
1 0.027000 0.433148 0.050000 0.236769
1 0.018000 0.604457 0.036000 0.128134
1 0.278000 0.233983 0.180000 0.211699
1 0.124000 0.227019 0.144000 0.214485
1 0.034000 0.220056 0.068000 0.228412
1 0.425000 0.239554 0.134000 0.211699
1 0.576000 0.250696 0.172000 0.217270
1 0.727000 0.254875 0.130000 0.208914
1 0.878000 0.263231 0.176000 0.214485
1 0.872000 0.079387 0.168000 0.158774
1 0.725000 0.077994 0.126000 0.155989
1 0.581000 0.073816 0.170000 0.142061
1 0.434000 0.072423 0.132000 0.139276
1 0.286000 0.068245 0.184000 0.130919
1 0.133000 0.065460 0.134000 0.130919
1 0.038000 0.057103 0.076000 0.114206
1 0.985000 0.604457 0.030000 0.139276
1 0.987000 0.736769 0.026000 0.125348
1 0.987000 0.864903 0.026000 0.136490
1 0.983000 0.483287 0.034000 0.103064
1 0.982000 0.370474 0.036000 0.128134
