1 0.517000 0.283033 0.310000 0.244745
1 0.837000 0.294294 0.326000 0.249249
1 0.814000 0.525526 0.320000 0.231231
1 0.504000 0.513514 0.296000 0.231231
1 0.793000 0.742492 0.310000 0.223724
1 0.497000 0.730480 0.290000 0.220721
1 0.483000 0.914414 0.282000 0.171171
1 0.773000 0.921171 0.282000 0.157658
1 0.128000 0.198949 0.256000 0.397898
1 0.121000 0.539790 0.238000 0.367868
1 0.115000 0.826577 0.230000 0.346847
1 0.263000 0.909159 0.138000 0.181682
1 0.145000 0.954204 0.106000 0.091592
1 0.280000 0.742492 0.116000 0.253754
1 0.291000 0.512012 0.114000 0.252252
1 0.299069 0.267267 0.118138 0.288288
1 0.953000 0.973724 0.094000 0.052553
1 0.955000 0.867868 0.090000 0.168168
1 0.966000 0.694444 0.068000 0.175676
1 0.978000 0.518769 0.044000 0.181682
