1 0.023958 0.008594 0.047917 0.017188
1 0.150000 0.037500 0.200000 0.075000
1 0.322917 0.055469 0.162500 0.110937
1 0.435417 0.071875 0.120833 0.143750
1 0.531250 0.091406 0.091667 0.142187
1 0.022917 0.103125 0.045833 0.203125
1 0.134375 0.121094 0.222917 0.207813
1 0.312500 0.155469 0.166667 0.170313
1 0.441667 0.185156 0.129167 0.139063
1 0.539583 0.201563 0.083333 0.118750
1 0.053125 0.412500 0.106250 0.418750
1 0.165625 0.398438 0.268750 0.381250
1 0.342708 0.382031 0.181250 0.310937
1 0.461458 0.375000 0.114583 0.253125
1 0.551042 0.364844 0.089583 0.220312
1 0.094792 0.793750 0.189583 0.409375
1 0.228125 0.728906 0.243750 0.385937
1 0.386458 0.657031 0.156250 0.310937
1 0.491667 0.604688 0.116667 0.259375
1 0.571875 0.566406 0.089583 0.223438
1 0.140625 0.960156 0.131250 0.076563
1 0.285417 0.906250 0.191667 0.187500
1 0.425000 0.866406 0.145833 0.267188
1 0.518750 0.811719 0.104167 0.270313
1 0.589583 0.749219 0.075000 0.232813
1 0.607292 0.124219 0.064583 0.117188
1 0.661458 0.145313 0.047917 0.100000
1 0.841667 0.149219 0.312500 0.104688
1 0.610417 0.214844 0.062500 0.101562
1 0.664583 0.219531 0.050000 0.076563
1 0.601042 0.357812 0.039583 0.193750
1 0.725000 0.350781 0.225000 0.198437
1 0.621875 0.542188 0.043750 0.184375
1 0.710417 0.534375 0.162500 0.193750
1 0.634375 0.714063 0.031250 0.181250
1 0.712500 0.713281 0.141667 0.179688
1 0.842708 0.218750 0.314583 0.090625
1 0.913542 0.346094 0.168750 0.185938
1 0.881250 0.527344 0.204167 0.226562
1 0.883333 0.691406 0.204167 0.273438
