1 0.005833 0.078333 0.011667 0.156667
1 0.144167 0.118333 0.275000 0.230000
1 0.379167 0.106667 0.135000 0.213333
1 0.526667 0.013333 0.166667 0.020000
1 0.565000 0.105000 0.243333 0.203333
1 0.047500 0.566667 0.095000 0.180000
1 0.191667 0.548333 0.193333 0.250000
1 0.051667 0.751667 0.103333 0.230000
1 0.195000 0.783333 0.183333 0.253333
1 0.380000 0.486667 0.156667 0.173333
1 0.526667 0.381667 0.136667 0.170000
1 0.654167 0.448333 0.138333 0.190000
1 0.521667 0.548333 0.130000 0.163333
1 0.384167 0.765000 0.148333 0.403333
1 0.522500 0.716667 0.131667 0.186667
1 0.520833 0.900000 0.131667 0.200000
1 0.647500 0.618333 0.115000 0.156667
1 0.762500 0.628333 0.118333 0.190000
1 0.644167 0.776667 0.115000 0.166667
1 0.645000 0.923333 0.110000 0.153333
1 0.764167 0.931667 0.128333 0.136667
1 0.764167 0.795000 0.128333 0.203333
1 0.853333 0.093333 0.293333 0.186667
1 0.838333 0.493333 0.090000 0.206667
1 0.941667 0.366667 0.116667 0.193333
1 0.941667 0.550000 0.116667 0.180000
1 0.855000 0.696667 0.066667 0.206667
1 0.941667 0.723333 0.116667 0.220000
1 0.935833 0.873333 0.128333 0.206667
1 0.854167 0.896667 0.048333 0.200000
1 0.937500 0.965000 0.125000 0.070000
