1 0.177674 0.224806 0.175969 0.120930
1 0.152481 0.340568 0.184496 0.120930
1 0.159070 0.463049 0.185271 0.124031
1 0.164109 0.578811 0.179845 0.107494
1 0.172248 0.689406 0.175969 0.115762
1 0.176899 0.797933 0.174419 0.128165
1 0.185426 0.903876 0.168217 0.116796
1 0.367209 0.221705 0.198450 0.120930
1 0.357519 0.352972 0.224031 0.154005
1 0.361783 0.489922 0.224806 0.136434
1 0.360620 0.624289 0.214729 0.132300
1 0.363333 0.747287 0.212403 0.148837
1 0.367597 0.866667 0.206977 0.137468
1 0.374574 0.956548 0.208527 0.081571
1 0.553256 0.860465 0.155039 0.106460
1 0.548605 0.763307 0.156589 0.104393
1 0.550543 0.662532 0.166667 0.113695
1 0.551318 0.560724 0.166667 0.102326
1 0.557907 0.456331 0.168992 0.108527
1 0.556744 0.345736 0.172868 0.110594
1 0.559070 0.231008 0.183721 0.112661
1 0.736202 0.228941 0.182946 0.112661
1 0.730000 0.341085 0.173643 0.117829
1 0.728837 0.451163 0.174419 0.110594
1 0.723023 0.553488 0.170543 0.112661
1 0.717984 0.657364 0.165116 0.103359
1 0.714109 0.751938 0.163566 0.108527
1 0.706744 0.845478 0.151938 0.107494
1 0.858295 0.829974 0.154264 0.097158
1 0.867597 0.740052 0.151163 0.095090
1 0.874961 0.646512 0.151938 0.098191
1 0.880388 0.549354 0.158140 0.098191
1 0.889302 0.447028 0.158915 0.100258
1 0.900543 0.343669 0.167442 0.114729
1 0.905581 0.233592 0.172868 0.115762
