1 0.021250 0.262500 0.042500 0.180000
1 0.027500 0.431250 0.055000 0.162500
1 0.027500 0.580000 0.055000 0.160000
1 0.036250 0.722500 0.072500 0.155000
1 0.045000 0.848750 0.090000 0.157500
1 0.046250 0.943750 0.092500 0.107500
1 0.127500 0.962500 0.085000 0.075000
1 0.193750 0.902500 0.247500 0.195000
1 0.180000 0.801250 0.260000 0.247500
1 0.176250 0.645000 0.277500 0.235000
1 0.163750 0.481250 0.272500 0.222500
1 0.147500 0.300000 0.270000 0.215000
1 0.151250 0.098750 0.302500 0.197500
1 0.441250 0.098750 0.277500 0.197500
1 0.410000 0.315000 0.280000 0.245000
1 0.411250 0.518750 0.237500 0.237500
1 0.415000 0.700000 0.225000 0.255000
1 0.421250 0.870000 0.222500 0.260000
1 0.392500 0.951250 0.160000 0.097500
1 0.725000 0.898750 0.405000 0.202500
1 0.736250 0.790000 0.432500 0.350000
1 0.747500 0.587500 0.440000 0.310000
1 0.771250 0.348750 0.457500 0.297500
1 0.783750 0.108750 0.432500 0.217500
1 0.952500 0.906250 0.095000 0.187500
1 0.957500 0.828750 0.085000 0.202500
1 0.967500 0.672500 0.065000 0.190000
1 0.966250 0.510000 0.067500 0.175000
