1 0.098797 0.158808 0.197561 0.313279
1 0.296358 0.176152 0.244715 0.350136
1 0.104081 0.464499 0.204878 0.300271
1 0.298797 0.472087 0.213821 0.293767
1 0.104081 0.730623 0.203252 0.236314
1 0.010984 0.737398 0.021967 0.258537
1 0.298390 0.730081 0.200000 0.226558
1 0.591073 0.244444 0.362602 0.482385
1 0.848195 0.249322 0.299610 0.487805
1 0.546764 0.589702 0.295122 0.466125
1 0.780911 0.650407 0.283740 0.325203
1 0.514650 0.870461 0.243902 0.251491
1 0.722374 0.897019 0.230081 0.200542
1 0.970553 0.353333 0.054894 0.205333
1 0.927870 0.598916 0.140260 0.293767
1 0.979496 0.654743 0.037008 0.171274
