1 0.022400 0.158919 0.044800 0.194595
1 0.105200 0.151351 0.148000 0.192432
1 0.243200 0.152432 0.139200 0.185946
1 0.367600 0.159459 0.135200 0.180541
1 0.493600 0.162162 0.116800 0.181622
1 0.610000 0.036216 0.183200 0.070270
1 0.617600 0.160000 0.123200 0.181622
1 0.735200 0.157297 0.124800 0.180541
1 0.893400 0.154054 0.209200 0.178378
1 0.897800 0.034595 0.200400 0.064865
1 0.031600 0.340270 0.063200 0.178919
1 0.182000 0.335135 0.266400 0.179459
1 0.442800 0.339459 0.231200 0.179459
1 0.676400 0.330811 0.236000 0.162162
1 0.849600 0.318378 0.120000 0.171892
1 0.947800 0.320000 0.100400 0.157838
1 0.037600 0.480000 0.073600 0.108108
1 0.199600 0.509189 0.266400 0.179459
1 0.444800 0.501081 0.232000 0.167568
1 0.676400 0.490811 0.234400 0.166486
1 0.892200 0.477838 0.211600 0.155676
1 0.107200 0.626486 0.214400 0.206486
1 0.206400 0.677297 0.049600 0.152432
1 0.290400 0.645946 0.123200 0.217297
1 0.405600 0.657838 0.115200 0.156757
1 0.517200 0.636216 0.112800 0.187027
1 0.625600 0.643784 0.116800 0.145946
1 0.735600 0.638378 0.112800 0.148108
1 0.894600 0.626757 0.206800 0.156216
1 0.093600 0.843243 0.182400 0.302703
1 0.174800 0.886757 0.060000 0.221081
1 0.122400 0.932973 0.083200 0.125405
1 0.268000 0.825946 0.153600 0.160000
1 0.459600 0.805405 0.212000 0.179459
1 0.670000 0.783784 0.208800 0.149189
1 0.879600 0.770270 0.221600 0.167568
1 0.216800 0.949189 0.081600 0.092973
1 0.306000 0.942703 0.111200 0.103784
1 0.457600 0.911081 0.252800 0.172432
1 0.631600 0.923243 0.103200 0.144865
1 0.735200 0.915676 0.105600 0.140541
1 0.841200 0.908108 0.104800 0.138378
1 0.942000 0.892973 0.108000 0.147027
1 0.731400 0.988378 0.093200 0.017838
1 0.872000 0.979730 0.176000 0.035135
