1 0.204494 0.362304 0.292860 0.347437
1 0.386123 0.212147 0.124364 0.148588
1 0.508219 0.226687 0.127549 0.142466
1 0.628904 0.235897 0.124942 0.139860
1 0.753686 0.241261 0.128790 0.139082
1 0.879017 0.274012 0.125451 0.188665
1 0.765829 0.384272 0.141347 0.154143
1 0.643346 0.377440 0.136122 0.158682
1 0.515779 0.368568 0.133460 0.162231
1 0.386502 0.357161 0.136502 0.163752
1 0.200541 0.714495 0.293372 0.363550
1 0.439014 0.558795 0.192197 0.245859
1 0.429158 0.798357 0.196304 0.254073
1 0.622587 0.572211 0.193018 0.251882
1 0.617043 0.820808 0.191786 0.256263
1 0.805546 0.582230 0.186404 0.249493
