1 0.558000 0.344708 0.384000 0.190808
1 0.858000 0.348189 0.284000 0.183844
1 0.860000 0.139276 0.280000 0.236769
1 0.588000 0.136490 0.432000 0.236769
1 0.187000 0.134401 0.374000 0.238162
1 0.184000 0.338440 0.368000 0.169916
1 0.249000 0.494429 0.342000 0.144847
1 0.578000 0.493733 0.312000 0.126741
1 0.858000 0.493036 0.284000 0.125348
1 0.817000 0.602368 0.306000 0.126741
1 0.528000 0.613510 0.284000 0.112813
1 0.229000 0.594708 0.298000 0.142061
1 0.712000 0.706825 0.420000 0.098886
1 0.268000 0.667827 0.436000 0.171309
1 0.676000 0.780641 0.392000 0.123955
1 0.282000 0.799443 0.380000 0.097493
