1 0.103000 0.014667 0.078000 0.029333
1 0.177000 0.021333 0.078000 0.042667
1 0.252000 0.022667 0.080000 0.045333
1 0.331000 0.025333 0.090000 0.050667
1 0.421000 0.021333 0.094000 0.042667
1 0.401000 0.056000 0.078000 0.037333
1 0.465000 0.056000 0.050000 0.042667
1 0.147000 0.096000 0.154000 0.138667
1 0.287000 0.110667 0.146000 0.141333
1 0.166000 0.202667 0.160000 0.122667
1 0.291000 0.213333 0.114000 0.106667
1 0.416000 0.138667 0.140000 0.176000
1 0.373000 0.309333 0.210000 0.218667
1 0.585000 0.058667 0.286000 0.117333
1 0.816000 0.045333 0.188000 0.090667
1 0.136000 0.273333 0.156000 0.045333
1 0.233000 0.281333 0.094000 0.045333
1 0.060000 0.376000 0.120000 0.202667
1 0.109000 0.388000 0.158000 0.205333
1 0.193000 0.400000 0.154000 0.208000
1 0.258000 0.412000 0.112000 0.221333
1 0.034000 0.528000 0.068000 0.122667
1 0.100000 0.540000 0.100000 0.125333
1 0.177000 0.546667 0.094000 0.128000
1 0.266000 0.556000 0.108000 0.141333
1 0.070000 0.629333 0.140000 0.101333
1 0.219000 0.650667 0.182000 0.117333
1 0.080000 0.710667 0.144000 0.109333
1 0.229000 0.725333 0.174000 0.133333
1 0.352000 0.466667 0.096000 0.117333
1 0.363000 0.584000 0.090000 0.112000
1 0.398000 0.676000 0.156000 0.114667
1 0.400000 0.774667 0.148000 0.093333
1 0.547000 0.788000 0.158000 0.120000
1 0.556000 0.701333 0.160000 0.112000
1 0.445000 0.481333 0.094000 0.130667
1 0.445000 0.592000 0.094000 0.106667
1 0.544000 0.492000 0.096000 0.136000
1 0.536000 0.609333 0.100000 0.114667
1 0.639000 0.464000 0.106000 0.229333
1 0.534000 0.192000 0.116000 0.197333
1 0.643000 0.200000 0.126000 0.208000
1 0.561000 0.364000 0.202000 0.168000
1 0.761000 0.182667 0.134000 0.184000
1 0.868000 0.184000 0.124000 0.192000
1 0.787000 0.324000 0.210000 0.189333
1 0.796000 0.478667 0.232000 0.232000
1 0.715000 0.617333 0.098000 0.141333
1 0.623000 0.621333 0.106000 0.122667
1 0.817000 0.642667 0.110000 0.112000
1 0.913000 0.610667 0.118000 0.186667
1 0.719000 0.714667 0.170000 0.133333
1 0.885000 0.724000 0.186000 0.136000
1 0.713000 0.817333 0.170000 0.082667
1 0.882000 0.830667 0.156000 0.093333
1 0.920000 0.458667 0.080000 0.117333
1 0.932000 0.308000 0.104000 0.194667
1 0.955000 0.022667 0.090000 0.045333
1 0.935000 0.128000 0.058000 0.160000
1 0.965000 0.146667 0.070000 0.202667
1 0.978000 0.846667 0.044000 0.306667
