1 0.070025 0.298580 0.136248 0.595691
1 0.073333 0.752820 0.146667 0.487693
1 0.194867 0.217465 0.129911 0.301648
1 0.202788 0.513409 0.125475 0.292776
1 0.190833 0.843441 0.091667 0.306451
1 0.203739 0.825196 0.124842 0.325729
1 0.369455 0.024816 0.220532 0.045627
1 0.373257 0.136350 0.225602 0.182510
1 0.334918 0.316324 0.167934 0.179975
1 0.364385 0.495665 0.211660 0.186312
1 0.339670 0.668035 0.160963 0.168568
1 0.366603 0.835970 0.205957 0.167300
1 0.343796 0.957510 0.159075 0.078314
1 0.506778 0.957510 0.163112 0.078314
1 0.503169 0.662966 0.164766 0.176172
1 0.500317 0.313156 0.167934 0.176172
1 0.530418 0.135716 0.095057 0.160963
1 0.527883 0.027985 0.086185 0.049430
1 0.574778 0.488695 0.214195 0.185044
1 0.663498 0.635716 0.162231 0.225602
1 0.574461 0.833435 0.204689 0.167300
1 0.665716 0.897307 0.156527 0.198720
1 0.668251 0.308720 0.164132 0.182510
1 0.649240 0.137617 0.140051 0.154626
1 0.648923 0.028619 0.144487 0.050697
1 0.827947 0.516578 0.226236 0.217997
1 0.848859 0.774499 0.203422 0.320659
1 0.821610 0.354347 0.142586 0.129278
1 0.808302 0.159797 0.167934 0.267427
1 0.948786 0.458910 0.099094 0.335868
1 0.944667 0.151521 0.107332 0.276375
1 0.967798 0.769081 0.061071 0.335171
1 0.850000 0.919487 0.206667 0.154360
