1 0.914000 0.198651 0.172000 0.220390
1 0.905000 0.396552 0.190000 0.196402
1 0.934000 0.559220 0.132000 0.149925
1 0.933000 0.700150 0.134000 0.143928
1 0.878000 0.831334 0.188000 0.139430
1 0.862000 0.938531 0.176000 0.119940
1 0.768000 0.570465 0.220000 0.160420
1 0.703000 0.201649 0.278000 0.232384
1 0.692000 0.413043 0.256000 0.199400
1 0.548000 0.588456 0.216000 0.160420
1 0.559000 0.734633 0.222000 0.167916
1 0.415000 0.200900 0.298000 0.239880
1 0.427000 0.419790 0.274000 0.203898
1 0.342000 0.610945 0.208000 0.184408
1 0.364000 0.773613 0.184000 0.167916
1 0.478000 0.889055 0.216000 0.167916
1 0.693000 0.861319 0.202000 0.154423
1 0.775000 0.715892 0.206000 0.163418
1 0.681000 0.955772 0.194000 0.088456
1 0.473000 0.973763 0.198000 0.052474
1 0.619000 0.030735 0.110000 0.061469
1 0.362000 0.051724 0.300000 0.103448
1 0.108000 0.035982 0.216000 0.071964
1 0.138000 0.200150 0.276000 0.253373
1 0.154000 0.431034 0.308000 0.226387
1 0.103000 0.693403 0.206000 0.304348
1 0.109000 0.913043 0.218000 0.173913
1 0.284000 0.928036 0.132000 0.143928
