1 0.168873 0.671958 0.232540 0.057143
1 0.195857 0.722751 0.218254 0.052910
1 0.216889 0.772487 0.198413 0.050794
1 0.383556 0.680952 0.219048 0.060317
1 0.392683 0.725397 0.205556 0.053968
1 0.401810 0.777249 0.190476 0.045503
1 0.599429 0.686772 0.223810 0.063492
1 0.596651 0.733333 0.203968 0.048677
1 0.591095 0.778836 0.188095 0.046561
1 0.814508 0.690476 0.233333 0.066667
1 0.794270 0.739683 0.219841 0.055026
1 0.780778 0.781481 0.203968 0.039153
1 0.832365 0.515344 0.278571 0.298413
1 0.605381 0.506349 0.243651 0.288889
1 0.364905 0.506878 0.243651 0.287831
1 0.144667 0.497354 0.277778 0.294180
1 0.195460 0.269841 0.233333 0.169312
1 0.235143 0.118519 0.195238 0.137566
1 0.403000 0.122751 0.178571 0.133333
1 0.387127 0.275661 0.205556 0.172487
1 0.586730 0.276190 0.201587 0.173545
1 0.781571 0.276190 0.229365 0.184127
1 0.748238 0.120635 0.192857 0.135450
1 0.576810 0.122222 0.172222 0.128042
1 0.193476 0.723280 0.215079 0.053968
