1 0.080000 0.127796 0.160000 0.255591
1 0.276000 0.129393 0.248000 0.252396
1 0.475000 0.132588 0.170000 0.258786
1 0.644000 0.126198 0.172000 0.246006
1 0.816000 0.135783 0.180000 0.271565
1 0.947000 0.127796 0.106000 0.255591
1 0.092000 0.381789 0.184000 0.271565
1 0.287000 0.365815 0.226000 0.297125
1 0.488000 0.375399 0.164000 0.271565
1 0.645000 0.375399 0.166000 0.258786
1 0.809000 0.389776 0.170000 0.268371
1 0.940000 0.381789 0.120000 0.258786
1 0.103000 0.630990 0.206000 0.252396
1 0.302000 0.616613 0.212000 0.281150
1 0.490000 0.629393 0.156000 0.249201
1 0.646000 0.626198 0.156000 0.242812
1 0.803000 0.635783 0.170000 0.249201
1 0.937000 0.632588 0.122000 0.242812
1 0.113000 0.872204 0.210000 0.223642
1 0.304000 0.859425 0.196000 0.230032
1 0.498000 0.865815 0.152000 0.230032
1 0.644000 0.856230 0.152000 0.223642
1 0.795000 0.869010 0.158000 0.223642
1 0.930000 0.861022 0.140000 0.220447
1 0.131000 0.984026 0.186000 0.031949
1 0.315000 0.984026 0.186000 0.031949
1 0.502000 0.984026 0.140000 0.031949
1 0.645000 0.984026 0.146000 0.031949
1 0.790000 0.985623 0.144000 0.022364
1 0.930000 0.980831 0.140000 0.031949
