1 0.671875 0.809375 0.560417 0.340625
1 0.219792 0.806250 0.356250 0.331250
1 0.309375 0.545312 0.385417 0.193750
1 0.722917 0.531250 0.395833 0.200000
1 0.684375 0.359375 0.360417 0.171875
1 0.313542 0.371875 0.356250 0.165625
1 0.329167 0.217969 0.325000 0.145313
1 0.656250 0.211719 0.333333 0.142187
1 0.619792 0.096094 0.393750 0.098437
1 0.606250 0.024219 0.379167 0.048438
1 0.097917 0.132031 0.195833 0.204687
1 0.308333 0.053125 0.229167 0.056250
1 0.288542 0.134375 0.281250 0.118750
1 0.309375 0.014063 0.222917 0.028125
