1 0.724000 0.318667 0.200000 0.162667
1 0.716000 0.470667 0.200000 0.168000
1 0.716000 0.614667 0.200000 0.178667
1 0.710000 0.753333 0.188000 0.168000
1 0.712000 0.881333 0.184000 0.200000
1 0.653000 0.153333 0.202000 0.168000
1 0.550000 0.312000 0.164000 0.149333
1 0.544000 0.454667 0.156000 0.146667
1 0.541000 0.592000 0.154000 0.149333
1 0.540000 0.726667 0.152000 0.152000
1 0.545000 0.854667 0.154000 0.157333
1 0.395000 0.324000 0.142000 0.141333
1 0.394000 0.453333 0.144000 0.138667
1 0.392000 0.577333 0.140000 0.130667
1 0.394000 0.694667 0.140000 0.146667
1 0.397000 0.820000 0.138000 0.152000
1 0.263000 0.316000 0.122000 0.125333
1 0.260000 0.438667 0.120000 0.125333
1 0.259000 0.560000 0.126000 0.122667
1 0.263000 0.677333 0.118000 0.128000
1 0.269000 0.793333 0.118000 0.136000
