1 0.054582 0.245000 0.109165 0.180000
1 0.065625 0.422096 0.131249 0.189141
1 0.074596 0.614027 0.149193 0.208613
1 0.081498 0.821832 0.162995 0.220497
1 0.308613 0.165000 0.454106 0.273292
1 0.760511 0.123934 0.474534 0.231201
1 0.764651 0.298468 0.466253 0.180269
1 0.774313 0.450098 0.446929 0.166863
1 0.778454 0.590631 0.438647 0.144596
1 0.783975 0.719167 0.427605 0.138333
1 0.790186 0.855476 0.415183 0.136646
1 0.359683 0.839948 0.462388 0.173913
1 0.355542 0.641190 0.443064 0.233954
1 0.330007 0.409824 0.447205 0.255694
1 0.794327 0.959281 0.406901 0.071894
1 0.426625 0.963137 0.331263 0.066253
1 0.130497 0.960549 0.260994 0.065217
