1 0.203000 0.116942 0.406000 0.233883
1 0.629000 0.119190 0.454000 0.238381
1 0.207000 0.360570 0.414000 0.259370
1 0.177000 0.600450 0.286000 0.220390
1 0.466000 0.606447 0.292000 0.232384
1 0.347000 0.813343 0.090000 0.220390
1 0.089000 0.677661 0.178000 0.296852
1 0.225000 0.656672 0.170000 0.278861
1 0.105000 0.898051 0.194000 0.203898
1 0.264000 0.874813 0.160000 0.250375
1 0.017000 0.426537 0.034000 0.205397
1 0.587000 0.826837 0.378000 0.214393
1 0.467000 0.958771 0.186000 0.079460
1 0.690000 0.964018 0.264000 0.068966
1 0.629000 0.368816 0.438000 0.263868
1 0.756000 0.615442 0.316000 0.235382
1 0.918000 0.121439 0.164000 0.242879
1 0.909000 0.373313 0.182000 0.269865
1 0.945000 0.622189 0.110000 0.233883
1 0.887000 0.835082 0.222000 0.212894
1 0.908000 0.969265 0.184000 0.058471
