1 0.130000 0.206349 0.260000 0.142857
1 0.103000 0.331066 0.206000 0.106576
1 0.169000 0.431406 0.338000 0.105442
1 0.167000 0.527778 0.334000 0.089569
1 0.126000 0.611111 0.252000 0.086168
1 0.192000 0.687075 0.328000 0.074830
1 0.118000 0.740363 0.212000 0.102041
1 0.208000 0.818027 0.292000 0.055556
1 0.321000 0.759070 0.214000 0.073696
1 0.495000 0.812358 0.274000 0.057823
1 0.530000 0.752834 0.208000 0.061224
1 0.504000 0.690476 0.304000 0.077098
1 0.354000 0.610544 0.232000 0.082766
1 0.586000 0.574830 0.228000 0.160998
1 0.502000 0.525510 0.336000 0.087302
1 0.511000 0.434240 0.370000 0.104308
1 0.324000 0.329365 0.272000 0.112245
1 0.590000 0.331066 0.264000 0.111111
1 0.328000 0.205215 0.288000 0.140590
1 0.606000 0.205782 0.288000 0.141723
1 0.770000 0.141723 0.172000 0.022676
1 0.867000 0.202948 0.266000 0.149660
1 0.856000 0.323696 0.284000 0.146259
1 0.844000 0.426871 0.308000 0.148526
1 0.841000 0.514172 0.318000 0.159864
1 0.849000 0.608844 0.298000 0.126984
1 0.840000 0.680272 0.320000 0.140590
1 0.829000 0.770975 0.254000 0.092971
1 0.970000 0.783447 0.056000 0.068027
1 0.848000 0.834467 0.300000 0.095238
