1 0.094131 0.246289 0.188263 0.218067
1 0.244601 0.228759 0.161502 0.206939
1 0.415258 0.202188 0.219249 0.246004
1 0.744366 0.156436 0.506573 0.311464
1 0.863554 0.404798 0.268892 0.335832
1 0.623239 0.411766 0.283099 0.298442
1 0.319014 0.437985 0.430516 0.267824
1 0.064554 0.458574 0.129108 0.216793
1 0.057512 0.617473 0.114085 0.110860
1 0.187089 0.679942 0.172300 0.242836
1 0.389671 0.695603 0.281690 0.269232
1 0.745244 0.725120 0.505512 0.345862
1 0.872000 0.930021 0.252000 0.136960
1 0.620099 0.908553 0.292197 0.179896
1 0.282582 0.887964 0.445164 0.221073
1 0.061268 0.831655 0.120657 0.333692
