1 0.165210 0.440624 0.219741 0.190396
1 0.162783 0.606069 0.229126 0.207352
1 0.172330 0.761099 0.221036 0.227700
1 0.178641 0.895040 0.202589 0.203932
1 0.383657 0.841521 0.183495 0.249985
1 0.379450 0.936946 0.184142 0.120119
1 0.276178 0.968382 0.151644 0.057248
1 0.401023 0.131097 0.131287 0.119498
1 0.399561 0.228709 0.130117 0.108117
1 0.400877 0.328729 0.128070 0.100676
1 0.413889 0.404017 0.102632 0.055153
1 0.358041 0.507975 0.126023 0.155391
1 0.360819 0.649359 0.128655 0.161519
1 0.450585 0.499221 0.061988 0.138758
1 0.456287 0.632945 0.064620 0.149701
1 0.537573 0.442536 0.114912 0.105053
1 0.535965 0.534239 0.115205 0.109868
1 0.539474 0.618281 0.119298 0.137882
1 0.546199 0.723553 0.114035 0.140071
1 0.537281 0.856401 0.128947 0.166772
1 0.477576 0.108510 0.113939 0.111776
1 0.500000 0.196516 0.070061 0.101978
1 0.493576 0.280530 0.062061 0.090728
1 0.828190 0.521065 0.084866 0.091508
1 0.750297 0.540388 0.072107 0.070630
1 0.768991 0.474422 0.102967 0.073740
1 0.768398 0.406013 0.092878 0.076405
1 0.770326 0.338714 0.090801 0.070630
1 0.766617 0.269195 0.096439 0.071074
1 0.696142 0.128600 0.086053 0.083068
1 0.683234 0.196343 0.078635 0.078182
1 0.649258 0.260532 0.094955 0.082180
1 0.622107 0.355817 0.100000 0.111054
1 0.626855 0.113497 0.054896 0.084845
1 0.621958 0.182128 0.047478 0.076405
1 0.550890 0.101059 0.097033 0.096395
1 0.566469 0.177464 0.064688 0.086622
1 0.545994 0.300734 0.044510 0.090620
1 0.549110 0.236100 0.048961 0.047531
1 0.585312 0.240543 0.029377 0.043977
1 0.584718 0.283187 0.031751 0.039535
1 0.619139 0.471535 0.056677 0.131932
1 0.614540 0.585698 0.042136 0.130155
1 0.688279 0.350264 0.031751 0.099060
1 0.707270 0.266529 0.022255 0.076405
1 0.664540 0.458208 0.041246 0.123936
1 0.658277 0.567233 0.045805 0.121526
1 0.658503 0.650060 0.050794 0.082149
1 0.617687 0.671107 0.035374 0.083506
1 0.701814 0.448762 0.035828 0.111342
1 0.698413 0.562141 0.033560 0.131709
1 0.560498 0.036759 0.098221 0.072453
1 0.713969 0.347531 0.020843 0.091613
1 0.518583 0.377454 0.106684 0.102469
1 0.314371 0.748325 0.066746 0.084273
1 0.465061 0.737306 0.048156 0.111969
