1 0.023140 0.185013 0.046279 0.250129
1 0.153643 0.165891 0.245736 0.296641
1 0.383101 0.170543 0.234884 0.299742
1 0.621085 0.175194 0.241085 0.290439
1 0.858682 0.181912 0.251163 0.291473
1 0.978341 0.185333 0.039318 0.290667
1 0.860899 0.498708 0.274202 0.333850
1 0.564496 0.493023 0.334109 0.349354
1 0.233488 0.484238 0.332558 0.337984
1 0.046395 0.480248 0.092791 0.341829
1 0.198992 0.806202 0.215504 0.310078
1 0.398992 0.805168 0.210853 0.305943
1 0.608295 0.812920 0.206202 0.290439
1 0.814109 0.766408 0.222481 0.400000
1 0.926899 0.816537 0.058915 0.303876
1 0.047946 0.966667 0.095891 0.034667
1 0.054922 0.798718 0.109845 0.296103
1 0.245891 0.968475 0.290698 0.035142
1 0.538915 0.972610 0.292248 0.033075
