1 0.007000 0.037333 0.014000 0.074667
1 0.030000 0.145333 0.060000 0.152000
1 0.118000 0.146667 0.188000 0.208000
1 0.110000 0.036000 0.192000 0.072000
1 0.024000 0.300000 0.048000 0.173333
1 0.033000 0.457333 0.066000 0.173333
1 0.041000 0.602667 0.082000 0.165333
1 0.049000 0.758667 0.098000 0.162667
1 0.060000 0.913333 0.120000 0.152000
1 0.134000 0.306667 0.192000 0.197333
1 0.144000 0.465333 0.180000 0.189333
1 0.159000 0.630667 0.174000 0.178667
1 0.173000 0.800000 0.178000 0.181333
1 0.195000 0.934667 0.170000 0.125333
1 0.349000 0.108000 0.302000 0.216000
1 0.233000 0.026667 0.058000 0.053333
1 0.292000 0.014667 0.060000 0.029333
1 0.611000 0.113333 0.234000 0.152000
1 0.300000 0.277333 0.164000 0.192000
1 0.538000 0.249333 0.332000 0.232000
1 0.739000 0.138667 0.026000 0.085333
1 0.812000 0.253333 0.224000 0.165333
1 0.847000 0.124000 0.162000 0.109333
1 0.760000 0.145333 0.016000 0.066667
1 0.321000 0.458667 0.186000 0.186667
1 0.340000 0.645333 0.204000 0.192000
1 0.351000 0.825333 0.198000 0.205333
1 0.364000 0.946667 0.180000 0.106667
1 0.529000 0.450667 0.250000 0.213333
1 0.542000 0.650667 0.216000 0.202667
1 0.552000 0.845333 0.216000 0.208000
1 0.565000 0.958667 0.226000 0.082667
1 0.766000 0.445333 0.272000 0.229333
1 0.913000 0.410667 0.038000 0.176000
1 0.792000 0.636000 0.292000 0.280000
1 0.936000 0.269333 0.032000 0.128000
1 0.954000 0.282667 0.012000 0.090667
1 0.947000 0.212000 0.050000 0.072000
1 0.936000 0.538667 0.024000 0.149333
1 0.801000 0.832000 0.294000 0.314667
1 0.819000 0.914667 0.278000 0.170667
1 0.940000 0.394667 0.024000 0.128000
1 0.950000 0.516000 0.024000 0.141333
1 0.958000 0.644000 0.032000 0.168000
1 0.955000 0.798667 0.026000 0.125333
1 0.970000 0.765333 0.020000 0.165333
1 0.973000 0.484000 0.018000 0.077333
1 0.971000 0.589333 0.018000 0.138667
1 0.961000 0.390667 0.018000 0.104000
