1 0.100760 0.827273 0.171103 0.281818
1 0.256654 0.822727 0.163498 0.281818
1 0.161597 0.120455 0.133080 0.204545
1 0.285171 0.120455 0.136882 0.204545
1 0.418251 0.109091 0.136882 0.200000
1 0.551331 0.106818 0.136882 0.195455
1 0.686312 0.115909 0.133080 0.195455
1 0.809886 0.113636 0.136882 0.200000
1 0.140684 0.329545 0.152091 0.213636
1 0.277567 0.325000 0.152091 0.222727
1 0.422053 0.320455 0.144487 0.231818
1 0.558935 0.313636 0.144487 0.227273
1 0.697719 0.322727 0.148289 0.218182
1 0.830798 0.322727 0.148289 0.218182
1 0.121673 0.565909 0.159696 0.259091
1 0.268061 0.563636 0.155894 0.254545
1 0.416350 0.559091 0.148289 0.254545
1 0.566540 0.552273 0.152091 0.259091
1 0.709125 0.550000 0.155894 0.245455
1 0.855513 0.554545 0.159696 0.236364
1 0.414449 0.820455 0.159696 0.286364
1 0.570342 0.806818 0.159696 0.277273
1 0.728137 0.811364 0.163498 0.277273
1 0.882129 0.809091 0.167300 0.281818
