1 0.337719 0.119407 0.319298 0.178708
1 0.654386 0.131394 0.324561 0.180887
1 0.210526 0.301929 0.307018 0.212488
1 0.513158 0.310646 0.312281 0.210308
1 0.801754 0.320998 0.300000 0.202681
1 0.219298 0.500795 0.310526 0.193963
1 0.510526 0.505154 0.289474 0.191784
1 0.785088 0.510603 0.291228 0.189604
1 0.208772 0.684407 0.292982 0.173259
1 0.499123 0.688765 0.277193 0.171080
1 0.774561 0.690400 0.284211 0.172170
1 0.210526 0.847859 0.292982 0.155824
1 0.491228 0.847859 0.271930 0.151466
1 0.761404 0.848404 0.271930 0.143838
