1 0.060764 0.035370 0.121528 0.070739
1 0.191625 0.023035 0.152694 0.045550
1 0.128654 0.109239 0.256506 0.175005
1 0.309763 0.008199 0.083416 0.015357
1 0.424332 0.083031 0.351442 0.166063
1 0.798306 0.064551 0.399389 0.129102
1 0.074101 0.245264 0.148201 0.128210
1 0.214494 0.232715 0.163710 0.139030
1 0.379416 0.218597 0.187305 0.151400
1 0.577432 0.202763 0.216670 0.165542
1 0.839420 0.181259 0.317034 0.188001
1 0.104790 0.425153 0.156686 0.122099
1 0.255725 0.429590 0.164051 0.127677
1 0.416324 0.429907 0.183417 0.141492
1 0.622490 0.433005 0.232129 0.157574
1 0.862651 0.439615 0.269880 0.171892
1 0.166615 0.541770 0.262754 0.122483
1 0.451722 0.564422 0.315751 0.145819
1 0.815886 0.595073 0.364227 0.174171
1 0.626007 0.554116 0.039553 0.096588
1 0.105397 0.646514 0.141013 0.124938
1 0.245487 0.654084 0.152017 0.150915
1 0.411885 0.689465 0.186822 0.144607
1 0.616265 0.694683 0.228514 0.196588
1 0.857653 0.745544 0.280694 0.174746
1 0.168040 0.755276 0.248530 0.136541
1 0.442306 0.806628 0.309722 0.160857
1 0.614181 0.798998 0.035417 0.043954
1 0.811056 0.880408 0.373611 0.196538
1 0.125324 0.853075 0.132575 0.130432
1 0.253069 0.871439 0.139583 0.165542
1 0.408841 0.918843 0.171096 0.152986
1 0.591556 0.905550 0.209658 0.185094
1 0.808159 0.960294 0.229973 0.073921
