1 0.523868 0.150430 0.143736 0.204029
1 0.743917 0.150207 0.162887 0.200510
1 0.192795 0.316234 0.174640 0.182133
1 0.290499 0.145524 0.161402 0.201903
1 0.407700 0.318441 0.143000 0.177682
1 0.636938 0.319104 0.152137 0.179710
1 0.829842 0.321739 0.171146 0.180764
1 0.093874 0.492227 0.184585 0.181291
1 0.289254 0.492228 0.163488 0.173910
1 0.520092 0.507876 0.161922 0.203196
1 0.737527 0.498726 0.167591 0.180394
1 0.893729 0.498088 0.152412 0.178551
1 0.874183 0.676340 0.113072 0.177952
1 0.762551 0.699645 0.184702 0.224023
1 0.048039 0.667538 0.093464 0.174292
1 0.148693 0.657108 0.116993 0.193518
1 0.249673 0.692375 0.188235 0.222222
1 0.395532 0.657627 0.102003 0.192707
1 0.525361 0.704346 0.161787 0.201746
1 0.637896 0.666567 0.072750 0.186866
1 0.047550 0.840653 0.094374 0.172293
1 0.142650 0.874289 0.193103 0.244404
1 0.265524 0.863158 0.056248 0.122444
1 0.373000 0.874800 0.162000 0.245067
1 0.502937 0.866800 0.102274 0.124000
1 0.634900 0.877867 0.162200 0.238933
1 0.746900 0.871200 0.061800 0.130133
1 0.873305 0.880975 0.194490 0.232716
1 0.961817 0.851962 0.072366 0.173258
