1 0.338762 0.224091 0.103175 0.160351
1 0.446416 0.201827 0.123244 0.178357
1 0.571963 0.178941 0.130093 0.190405
1 0.713645 0.151526 0.158505 0.216324
1 0.877383 0.120125 0.171963 0.239252
1 0.222991 0.420685 0.109533 0.227290
1 0.342005 0.411215 0.129991 0.244237
1 0.481121 0.406231 0.159252 0.274143
1 0.654393 0.399751 0.191776 0.309034
1 0.854766 0.390530 0.213458 0.351402
1 0.822303 0.777575 0.266179 0.438757
1 0.611883 0.770667 0.322852 0.453333
1 0.491773 0.731993 0.169653 0.397319
1 0.242342 0.775200 0.412613 0.444267
