1 0.262000 0.206840 0.480000 0.224756
1 0.325000 0.082248 0.410000 0.050489
1 0.291000 0.066775 0.354000 0.055375
1 0.313000 0.026873 0.326000 0.027687
1 0.667000 0.033388 0.326000 0.027687
1 0.723000 0.062704 0.362000 0.027687
1 0.624000 0.207655 0.264000 0.271987
1 0.862000 0.213355 0.268000 0.273616
1 0.756000 0.407980 0.440000 0.144951
1 0.410000 0.392508 0.208000 0.146580
1 0.190000 0.389251 0.236000 0.149837
1 0.309000 0.518730 0.378000 0.112378
1 0.618000 0.523616 0.200000 0.118893
1 0.822000 0.529316 0.204000 0.104235
1 0.707000 0.634365 0.358000 0.102606
1 0.587000 0.715798 0.170000 0.086319
1 0.752000 0.720684 0.176000 0.083062
1 0.431000 0.624593 0.178000 0.096091
1 0.252000 0.629479 0.188000 0.099349
1 0.339000 0.718241 0.326000 0.097720
1 0.654000 0.799674 0.308000 0.081433
1 0.259000 0.801303 0.158000 0.084691
1 0.255000 0.877850 0.090000 0.065147
