1 0.026694 0.583846 0.053388 0.223077
1 0.015400 0.740000 0.030801 0.200000
1 0.144764 0.792308 0.203285 0.138462
1 0.329569 0.781538 0.182752 0.141538
1 0.544148 0.845385 0.238193 0.213846
1 0.433265 0.765385 0.024641 0.106154
1 0.766940 0.843846 0.211499 0.149231
1 0.933265 0.830769 0.133470 0.144615
1 0.586242 0.438462 0.162218 0.033846
1 0.798768 0.443077 0.193018 0.040000
1 0.660164 0.420769 0.129363 0.007692
1 0.532854 0.523846 0.211499 0.152308
1 0.448665 0.433846 0.039014 0.036923
1 0.493840 0.432308 0.030801 0.021538
1 0.342916 0.394615 0.184805 0.130769
1 0.757700 0.545385 0.258727 0.167692
1 0.671458 0.455385 0.184805 0.027692
1 0.911704 0.542308 0.176591 0.167692
1 0.434292 0.640000 0.030801 0.147692
1 0.332649 0.513846 0.184805 0.150769
1 0.138604 0.530769 0.190965 0.150769
1 0.145791 0.446923 0.172485 0.020000
1 0.146817 0.666923 0.195072 0.143077
1 0.336756 0.656154 0.176591 0.146154
1 0.552361 0.701538 0.246407 0.206154
1 0.753593 0.690000 0.254620 0.183077
1 0.936345 0.695385 0.127310 0.150769
