1 0.692833 0.511364 0.170648 0.177273
1 0.860068 0.504545 0.163823 0.181818
1 0.880546 0.677273 0.177474 0.209091
1 0.899317 0.875000 0.194539 0.195455
1 0.713311 0.890909 0.197952 0.200000
1 0.513652 0.886364 0.208191 0.209091
1 0.284983 0.890909 0.194539 0.200000
1 0.093857 0.890909 0.187713 0.209091
1 0.319113 0.686364 0.187713 0.200000
1 0.105802 0.697727 0.211604 0.213636
1 0.523891 0.690909 0.187713 0.190909
1 0.706485 0.693182 0.184300 0.195455
1 0.520478 0.506818 0.167235 0.177273
1 0.694539 0.340909 0.167235 0.190909
1 0.863481 0.338636 0.163823 0.177273
1 0.841297 0.184091 0.160410 0.159091
1 0.680887 0.172727 0.167235 0.163636
1 0.522184 0.320455 0.177474 0.159091
1 0.517065 0.168182 0.160410 0.154545
1 0.339590 0.322727 0.187713 0.190909
1 0.334471 0.495455 0.191126 0.181818
1 0.131399 0.506818 0.215017 0.195455
1 0.155290 0.336364 0.194539 0.181818
1 0.177474 0.165909 0.191126 0.195455
1 0.353242 0.168182 0.167235 0.172727
