1 0.046000 0.770889 0.092000 0.285714
1 0.161000 0.770889 0.210000 0.285714
1 0.342000 0.778976 0.180000 0.274933
1 0.540000 0.778976 0.164000 0.264151
1 0.706000 0.780323 0.176000 0.266846
1 0.883000 0.778976 0.194000 0.253369
1 0.845000 0.518868 0.210000 0.272237
1 0.676000 0.526954 0.172000 0.245283
1 0.527000 0.530997 0.150000 0.253369
1 0.376000 0.509434 0.168000 0.269542
1 0.209000 0.490566 0.202000 0.280323
1 0.072000 0.491914 0.144000 0.277628
1 0.072000 0.254717 0.140000 0.212938
1 0.246000 0.269542 0.268000 0.156334
1 0.443000 0.295148 0.134000 0.212938
1 0.576000 0.297844 0.132000 0.207547
1 0.696000 0.309973 0.132000 0.188679
1 0.822000 0.308625 0.152000 0.180593
1 0.938000 0.332884 0.124000 0.196765
