1 0.234345 0.327767 0.468690 0.395516
1 0.226069 0.576835 0.452138 0.172932
1 0.251448 0.700062 0.398621 0.133582
1 0.305241 0.751838 0.365517 0.224707
1 0.332828 0.888009 0.324138 0.107694
1 0.351448 0.952729 0.286897 0.088019
1 0.639724 0.930465 0.281379 0.080770
1 0.654207 0.868334 0.321379 0.082841
1 0.665241 0.794294 0.373793 0.102516
1 0.679724 0.702133 0.419310 0.135653
1 0.688690 0.572693 0.489655 0.172932
1 0.725069 0.309672 0.545862 0.421456
1 0.511448 0.132598 0.631724 0.259915
1 0.904379 0.691001 0.187241 0.333955
1 0.886448 0.888941 0.223103 0.087191
1 0.960931 0.439888 0.074138 0.132029
1 0.948690 0.520400 0.049655 0.028995
