1 0.971000 0.629380 0.058000 0.331536
1 0.842000 0.831536 0.212000 0.309973
1 0.820000 0.509434 0.284000 0.366577
1 0.632000 0.797844 0.236000 0.404313
1 0.588000 0.469003 0.172000 0.274933
1 0.839000 0.214286 0.294000 0.374663
1 0.567000 0.172507 0.230000 0.328841
1 0.379000 0.246631 0.250000 0.374663
1 0.151000 0.181941 0.210000 0.347709
1 0.157000 0.551213 0.234000 0.390836
1 0.395000 0.580863 0.242000 0.326146
1 0.394000 0.866577 0.232000 0.266846
1 0.162000 0.814016 0.316000 0.371968
1 0.025000 0.425876 0.050000 0.339623
