1 0.146000 0.134933 0.240000 0.128936
1 0.365000 0.179160 0.222000 0.091454
1 0.550000 0.207646 0.156000 0.082459
1 0.727000 0.226387 0.202000 0.074963
1 0.876000 0.237631 0.108000 0.058471
1 0.962000 0.249625 0.076000 0.049475
1 0.985000 0.308846 0.030000 0.080960
1 0.760000 0.293853 0.208000 0.101949
1 0.915000 0.303598 0.118000 0.082459
1 0.578000 0.280360 0.172000 0.104948
1 0.378000 0.254123 0.232000 0.118441
1 0.131000 0.215142 0.262000 0.145427
1 0.105000 0.320840 0.210000 0.116942
1 0.296000 0.338081 0.180000 0.103448
1 0.458000 0.353073 0.152000 0.094453
1 0.597000 0.365817 0.138000 0.092954
1 0.783000 0.368816 0.242000 0.089955
1 0.950000 0.380060 0.100000 0.085457
1 0.141000 0.424288 0.282000 0.116942
1 0.383000 0.436282 0.214000 0.107946
1 0.575000 0.445277 0.178000 0.089955
1 0.769000 0.450525 0.214000 0.085457
1 0.930000 0.456522 0.108000 0.079460
1 0.990000 0.459520 0.020000 0.073463
1 0.952000 0.530735 0.096000 0.074963
1 0.787000 0.529985 0.238000 0.082459
1 0.766000 0.605697 0.208000 0.083958
1 0.923000 0.606447 0.114000 0.079460
1 0.987000 0.601949 0.026000 0.073463
1 0.576000 0.612444 0.168000 0.088456
1 0.599000 0.528486 0.130000 0.082459
1 0.464000 0.531484 0.152000 0.088456
1 0.304000 0.527736 0.168000 0.095952
1 0.120000 0.525487 0.212000 0.103448
1 0.139000 0.628936 0.250000 0.112444
1 0.375000 0.619190 0.230000 0.098951
1 0.577000 0.614693 0.170000 0.089955
1 0.114000 0.732384 0.212000 0.118441
1 0.306000 0.716642 0.180000 0.104948
1 0.469000 0.702399 0.158000 0.097451
1 0.605000 0.688906 0.126000 0.094453
1 0.781000 0.685157 0.230000 0.089955
1 0.946000 0.676162 0.108000 0.080960
1 0.146000 0.829835 0.260000 0.130435
1 0.392000 0.795352 0.240000 0.109445
1 0.420000 0.829835 0.064000 0.025487
1 0.592000 0.769865 0.160000 0.100450
1 0.766000 0.765367 0.196000 0.094453
1 0.916000 0.752624 0.112000 0.086957
1 0.983000 0.743628 0.034000 0.074963
1 0.944000 0.819340 0.112000 0.088456
1 0.782000 0.843328 0.216000 0.106447
1 0.610000 0.850075 0.132000 0.101949
1 0.122000 0.932534 0.216000 0.134933
1 0.286000 0.908546 0.132000 0.116942
1 0.385000 0.904798 0.034000 0.058471
1 0.429000 0.877061 0.050000 0.086957
1 0.519000 0.888306 0.066000 0.043478
1 0.506000 0.860570 0.084000 0.071964
1 0.144000 0.980510 0.248000 0.038981
1 0.312000 0.967016 0.088000 0.065967
1 0.411000 0.962519 0.082000 0.071964
1 0.586000 0.927286 0.188000 0.106447
1 0.507000 0.958021 0.062000 0.068966
1 0.621000 0.974513 0.126000 0.050975
1 0.770000 0.921289 0.180000 0.097451
1 0.909000 0.898051 0.110000 0.089955
1 0.980000 0.883808 0.040000 0.073463
1 0.784000 0.968516 0.212000 0.062969
1 0.943000 0.958021 0.114000 0.083958
