1 0.397043 0.283141 0.321739 0.249875
1 0.715884 0.280425 0.342029 0.261826
1 0.402841 0.430350 0.289855 0.068444
1 0.703565 0.434696 0.271014 0.064098
1 0.402116 0.490646 0.276812 0.056493
1 0.419507 0.621559 0.271014 0.192295
1 0.401391 0.755188 0.266667 0.081481
1 0.416609 0.843730 0.218841 0.104296
1 0.684000 0.492819 0.292754 0.071703
1 0.700667 0.625904 0.276812 0.196641
1 0.681101 0.763336 0.286957 0.102123
1 0.642696 0.839928 0.230435 0.144493
1 0.899942 0.298351 0.098551 0.173826
1 0.889072 0.427091 0.117391 0.098864
1 0.907667 0.542066 0.180667 0.133259
