1 0.879000 0.894358 0.234000 0.163265
1 0.642000 0.888956 0.240000 0.174070
1 0.402000 0.891957 0.236000 0.172869
1 0.162000 0.906963 0.244000 0.157263
1 0.294000 0.788715 0.412000 0.139256
1 0.764000 0.782713 0.400000 0.134454
1 0.883000 0.634454 0.234000 0.157263
1 0.642000 0.633854 0.248000 0.160864
1 0.397000 0.639256 0.242000 0.162065
1 0.157000 0.644658 0.242000 0.156062
1 0.756000 0.501200 0.424000 0.154862
1 0.711000 0.354142 0.362000 0.127251
1 0.267000 0.515606 0.418000 0.140456
1 0.384000 0.370948 0.264000 0.151261
1 0.131000 0.376351 0.258000 0.150060
1 0.231000 0.236495 0.442000 0.141657
1 0.350000 0.088235 0.268000 0.157263
1 0.114000 0.085834 0.228000 0.166867
