1 0.194000 0.902700 0.272000 0.079865
1 0.460000 0.862205 0.272000 0.061867
1 0.744000 0.878515 0.264000 0.029246
1 0.259000 0.814398 0.394000 0.119235
1 0.701000 0.814961 0.382000 0.106862
1 0.235000 0.717098 0.290000 0.106862
1 0.527000 0.707537 0.266000 0.123735
1 0.796000 0.716535 0.268000 0.096738
1 0.312000 0.617548 0.400000 0.101237
1 0.732000 0.619235 0.400000 0.102362
1 0.236000 0.515186 0.280000 0.105737
1 0.538000 0.517998 0.280000 0.100112
1 0.806000 0.523060 0.268000 0.098988
1 0.805784 0.421017 0.271568 0.105098
1 0.537730 0.418372 0.271459 0.105889
1 0.244027 0.411258 0.288054 0.111118
1 0.230216 0.304320 0.291892 0.120998
1 0.530216 0.310096 0.286486 0.108230
1 0.802108 0.317697 0.276757 0.106406
1 0.722649 0.239869 0.234595 0.060195
1 0.489676 0.241997 0.242162 0.093637
1 0.240486 0.219500 0.245405 0.071748
1 0.335081 0.203083 0.268108 0.052291
1 0.526432 0.193354 0.097297 0.020673
1 0.693459 0.172377 0.254054 0.080868
1 0.662108 0.138023 0.228108 0.094853
