1 0.535417 0.145809 0.604167 0.220779
1 0.928125 0.201299 0.143750 0.046045
1 0.905208 0.387839 0.189583 0.327037
1 0.643750 0.368949 0.379167 0.322314
1 0.278125 0.384888 0.418750 0.311688
1 0.890625 0.650531 0.218750 0.200708
1 0.613542 0.631051 0.335417 0.213695
1 0.276042 0.616883 0.339583 0.208973
1 0.887500 0.832940 0.225000 0.178276
1 0.622917 0.823495 0.308333 0.194805
1 0.862500 0.952184 0.275000 0.093270
1 0.578125 0.940968 0.289583 0.115702
1 0.301042 0.809327 0.314583 0.187721
1 0.298958 0.931523 0.260417 0.132231
