1 0.154486 0.107568 0.151351 0.158919
1 0.097730 0.186486 0.193514 0.141622
1 0.312324 0.203784 0.196757 0.145946
1 0.511784 0.171892 0.115676 0.101622
1 0.470703 0.227027 0.104865 0.116757
1 0.589081 0.232432 0.105946 0.114595
1 0.696108 0.240000 0.110270 0.114595
1 0.762054 0.276757 0.032432 0.060541
1 0.060973 0.318919 0.120000 0.140541
1 0.188541 0.320541 0.139459 0.130811
1 0.315568 0.328649 0.118919 0.125405
1 0.498270 0.343243 0.170811 0.113514
1 0.667459 0.351351 0.161081 0.121081
1 0.817189 0.358378 0.144865 0.111351
1 0.931784 0.355676 0.090811 0.101622
1 0.983811 0.366000 0.028378 0.096000
1 0.108541 0.447568 0.206486 0.134054
1 0.318811 0.450270 0.192432 0.124324
1 0.488541 0.450811 0.140541 0.108108
1 0.609081 0.455676 0.104865 0.117838
1 0.711784 0.461622 0.107027 0.116757
1 0.847459 0.464324 0.170811 0.107027
1 0.964351 0.462162 0.067297 0.109189
1 0.073946 0.583784 0.145946 0.136216
1 0.212324 0.578378 0.132973 0.125405
1 0.348000 0.574595 0.129730 0.128649
1 0.520432 0.563784 0.195676 0.120000
1 0.690162 0.572973 0.163243 0.123243
1 0.831243 0.567027 0.116757 0.107027
1 0.937189 0.566486 0.105946 0.099459
1 0.990162 0.566486 0.015135 0.103784
1 0.110162 0.711892 0.216216 0.137297
1 0.317730 0.700000 0.194595 0.130811
1 0.488000 0.678378 0.143784 0.135135
1 0.618270 0.677838 0.121081 0.110270
1 0.726919 0.682703 0.096216 0.111351
1 0.855568 0.667027 0.176216 0.112432
1 0.967595 0.669000 0.060811 0.102000
1 0.075568 0.842703 0.147027 0.141622
1 0.221514 0.831351 0.138378 0.136216
1 0.362054 0.817838 0.125405 0.128649
1 0.518270 0.797838 0.187027 0.134054
1 0.695568 0.794054 0.171892 0.113514
1 0.832865 0.775135 0.109189 0.108108
1 0.942054 0.773514 0.111351 0.104865
1 0.116649 0.947568 0.222703 0.100541
1 0.324757 0.935135 0.200000 0.121081
1 0.491784 0.925405 0.131892 0.136216
1 0.606919 0.915135 0.109189 0.128649
1 0.715568 0.905946 0.112432 0.114595
1 0.860432 0.878919 0.175135 0.114595
1 0.971919 0.874243 0.052162 0.104486
