1 0.313931 0.096335 0.338916 0.186421
1 0.083074 0.135468 0.166148 0.173039
1 0.089478 0.293885 0.178956 0.169102
1 0.090463 0.456009 0.180926 0.174663
1 0.088493 0.595460 0.176985 0.149460
1 0.104256 0.670419 0.208512 0.274383
1 0.109675 0.857825 0.219350 0.165957
1 0.397182 0.300461 0.454187 0.278070
1 0.410483 0.510316 0.455172 0.268697
1 0.424768 0.718087 0.406897 0.248909
1 0.411468 0.860767 0.415764 0.271821
1 0.790286 0.848270 0.343842 0.221831
1 0.812946 0.666014 0.343842 0.219748
1 0.817872 0.482196 0.357635 0.229121
1 0.812123 0.283470 0.371754 0.232902
1 0.749069 0.098954 0.497862 0.193680
