1 0.267187 0.214827 0.175524 0.254329
1 0.411019 0.247835 0.139769 0.229437
1 0.530067 0.281926 0.121079 0.211039
1 0.603202 0.120130 0.173086 0.209957
1 0.721843 0.065476 0.174712 0.126623
1 0.740533 0.192100 0.114578 0.202381
1 0.849017 0.116883 0.079636 0.132035
1 0.920120 0.126623 0.059321 0.110390
1 0.820169 0.164502 0.060946 0.123377
1 0.810011 0.278139 0.063384 0.142857
1 0.858362 0.235390 0.049569 0.122294
1 0.914432 0.245671 0.067447 0.136364
1 0.857143 0.350649 0.048757 0.129870
1 0.909556 0.366883 0.069072 0.132035
1 0.729969 0.351732 0.106452 0.173160
1 0.635300 0.301948 0.100764 0.188312
1 0.251747 0.430195 0.162522 0.219697
1 0.239152 0.621212 0.163335 0.238095
1 0.226556 0.823593 0.170648 0.277056
1 0.393142 0.446429 0.131643 0.217532
1 0.382578 0.647186 0.141394 0.194805
1 0.367544 0.849026 0.138957 0.204545
1 0.514627 0.469156 0.119454 0.200216
1 0.501219 0.651515 0.118641 0.173160
1 0.491468 0.833874 0.121892 0.195887
1 0.613766 0.481061 0.104827 0.176407
1 0.604014 0.650974 0.103202 0.167749
1 0.595888 0.827381 0.106452 0.185065
1 0.702340 0.503247 0.098326 0.170996
1 0.695027 0.658550 0.093450 0.156926
1 0.684463 0.817641 0.090200 0.167749
1 0.801885 0.404221 0.071510 0.141775
1 0.781570 0.541667 0.086137 0.143939
1 0.770600 0.681818 0.088575 0.145022
1 0.765318 0.823052 0.079636 0.146104
1 0.847798 0.468615 0.060946 0.136364
1 0.898586 0.474567 0.050382 0.122294
1 0.839672 0.610931 0.056070 0.154762
1 0.881928 0.615260 0.064196 0.156926
1 0.825045 0.779762 0.046319 0.189394
1 0.870145 0.779221 0.058508 0.177489
