1 0.238000 0.766667 0.476000 0.466667
1 0.238000 0.304000 0.476000 0.608000
1 0.560000 0.060000 0.172000 0.120000
1 0.552000 0.301333 0.156000 0.448000
1 0.554000 0.710667 0.156000 0.461333
1 0.547000 0.908000 0.162000 0.184000
1 0.695000 0.106667 0.130000 0.213333
1 0.688000 0.358667 0.112000 0.349333
1 0.683000 0.677333 0.110000 0.362667
1 0.684000 0.884000 0.112000 0.232000
1 0.792000 0.110667 0.092000 0.221333
1 0.790000 0.358667 0.120000 0.290667
1 0.781000 0.636000 0.094000 0.274667
1 0.779000 0.861333 0.090000 0.277333
1 0.873000 0.140000 0.098000 0.189333
1 0.871000 0.301333 0.086000 0.165333
1 0.865000 0.466667 0.070000 0.165333
1 0.841000 0.630667 0.046000 0.173333
1 0.880000 0.034667 0.084000 0.069333
