1 0.226000 0.934783 0.240000 0.130435
1 0.449000 0.935532 0.226000 0.128936
1 0.621000 0.956522 0.198000 0.086957
1 0.755000 0.988006 0.082000 0.023988
1 0.838000 0.940780 0.216000 0.118441
1 0.954000 0.947526 0.092000 0.104948
1 0.673000 0.914543 0.190000 0.098951
1 0.540000 0.891304 0.104000 0.034483
1 0.792000 0.769865 0.300000 0.220390
1 0.483000 0.760120 0.310000 0.224888
1 0.178000 0.754123 0.320000 0.221889
1 0.773000 0.560720 0.294000 0.209895
1 0.474000 0.550975 0.288000 0.208396
1 0.173000 0.539730 0.314000 0.212894
1 0.217000 0.344828 0.302000 0.200900
1 0.498000 0.353073 0.292000 0.196402
1 0.776000 0.364318 0.272000 0.191904
1 0.971000 0.786357 0.058000 0.142429
1 0.961000 0.651424 0.078000 0.154423
1 0.959000 0.538231 0.082000 0.131934
1 0.956000 0.403298 0.088000 0.125937
1 0.324000 0.145427 0.164000 0.107946
1 0.268000 0.199400 0.140000 0.068966
1 0.386000 0.228636 0.136000 0.055472
1 0.430000 0.178411 0.176000 0.116942
1 0.542000 0.208396 0.172000 0.113943
1 0.482000 0.250375 0.084000 0.026987
1 0.662000 0.233133 0.172000 0.082459
1 0.851000 0.248876 0.162000 0.077961
1 0.953000 0.296102 0.094000 0.118441
1 0.889000 0.183658 0.158000 0.109445
1 0.968000 0.206147 0.064000 0.097451
1 0.767000 0.128936 0.170000 0.104948
1 0.658000 0.092954 0.172000 0.095952
1 0.528000 0.059220 0.156000 0.091454
1 0.822000 0.059970 0.160000 0.095952
1 0.930000 0.097451 0.140000 0.107946
