1 0.735303 0.258394 0.488289 0.143380
1 0.251152 0.252205 0.496565 0.128939
1 0.247014 0.382691 0.480013 0.132034
1 0.730475 0.394038 0.489669 0.144412
1 0.727717 0.519882 0.473116 0.132034
1 0.263566 0.511115 0.460702 0.126876
1 0.724268 0.639538 0.463461 0.127908
1 0.263566 0.642632 0.446909 0.134097
1 0.266325 0.751973 0.438633 0.117592
1 0.711854 0.760741 0.457944 0.116561
1 0.758124 0.108964 0.475999 0.170478
1 0.254545 0.103817 0.509090 0.155459
1 0.252476 0.019083 0.504952 0.036103
1 0.758124 0.026603 0.475999 0.051142
