1 0.186973 0.202135 0.373946 0.263730
1 0.572324 0.195135 0.407568 0.269189
1 0.881649 0.180541 0.232703 0.281081
1 0.377730 0.036216 0.331892 0.070270
1 0.724757 0.031892 0.362162 0.063784
1 0.035027 0.038919 0.068108 0.075676
1 0.107459 0.037297 0.089730 0.074595
1 0.189081 0.446486 0.376216 0.244324
1 0.572324 0.444865 0.394595 0.238919
1 0.875027 0.435676 0.245405 0.242162
1 0.193946 0.682703 0.379459 0.223784
1 0.562595 0.669189 0.362162 0.224865
1 0.866514 0.668000 0.262973 0.220000
1 0.206378 0.883243 0.358919 0.194595
1 0.556649 0.879459 0.350270 0.200000
1 0.862189 0.877270 0.271622 0.193459
