1 0.181905 0.094697 0.260952 0.180736
1 0.374286 0.058442 0.135238 0.101732
1 0.533333 0.040584 0.190476 0.081169
1 0.724762 0.034091 0.196190 0.068182
1 0.199048 0.286797 0.249524 0.209957
1 0.455238 0.293290 0.266667 0.183983
1 0.704762 0.284091 0.278095 0.185065
1 0.910286 0.277273 0.163429 0.190909
1 0.244762 0.465368 0.264762 0.160173
1 0.241905 0.623377 0.247619 0.166667
1 0.413333 0.468615 0.140952 0.175325
1 0.433333 0.626623 0.146667 0.151515
1 0.679048 0.483766 0.386667 0.225108
1 0.916000 0.476190 0.152000 0.218615
1 0.689524 0.685065 0.388571 0.179654
1 0.938857 0.679545 0.106286 0.204545
