1 0.396000 0.194903 0.112000 0.173913
1 0.530000 0.192654 0.064000 0.172414
1 0.179000 0.368816 0.346000 0.299850
1 0.464000 0.389805 0.248000 0.224888
1 0.693000 0.381559 0.270000 0.208396
1 0.620000 0.278861 0.112000 0.011994
1 0.208000 0.658171 0.324000 0.305847
1 0.494000 0.636432 0.284000 0.289355
1 0.765000 0.625187 0.342000 0.272864
1 0.706000 0.488006 0.216000 0.019490
1 0.205000 0.872564 0.302000 0.212894
1 0.491000 0.857571 0.274000 0.200900
1 0.752000 0.847076 0.252000 0.191904
1 0.032000 0.659670 0.064000 0.233883
1 0.041000 0.812594 0.082000 0.230885
1 0.039000 0.925037 0.078000 0.149925
