1 0.052000 0.258621 0.060000 0.103448
1 0.099000 0.252624 0.054000 0.112444
1 0.072000 0.514993 0.144000 0.406297
1 0.210000 0.116192 0.212000 0.208396
1 0.222000 0.297601 0.208000 0.184408
1 0.227000 0.473763 0.198000 0.170915
1 0.226000 0.631934 0.208000 0.175412
1 0.228000 0.769865 0.176000 0.139430
1 0.429000 0.103448 0.258000 0.206897
1 0.435000 0.284858 0.242000 0.203898
1 0.432000 0.480510 0.224000 0.187406
1 0.432000 0.653673 0.228000 0.188906
1 0.346000 0.859820 0.356000 0.280360
1 0.605000 0.873313 0.350000 0.253373
1 0.684000 0.671664 0.284000 0.215892
1 0.689000 0.489505 0.290000 0.211394
1 0.701000 0.275112 0.314000 0.223388
1 0.715000 0.092204 0.330000 0.184408
1 0.939000 0.082459 0.122000 0.164918
1 0.926000 0.235382 0.148000 0.149925
1 0.918000 0.401799 0.164000 0.197901
1 0.923000 0.589955 0.154000 0.181409
1 0.897000 0.721889 0.190000 0.256372
1 0.898000 0.914543 0.172000 0.170915
