1 0.522000 0.302849 0.248000 0.119940
1 0.776000 0.297601 0.272000 0.121439
1 0.722000 0.408546 0.176000 0.130435
1 0.893000 0.411544 0.174000 0.124438
1 0.571000 0.416042 0.162000 0.115442
1 0.692000 0.173913 0.172000 0.146927
1 0.861000 0.169415 0.190000 0.134933
1 0.556000 0.084708 0.156000 0.073463
1 0.524000 0.176912 0.156000 0.137931
1 0.404000 0.078711 0.156000 0.085457
1 0.370000 0.180660 0.160000 0.133433
1 0.284000 0.303598 0.256000 0.127436
1 0.224000 0.185157 0.144000 0.124438
1 0.421000 0.414543 0.166000 0.115442
1 0.267000 0.416792 0.174000 0.110945
1 0.143000 0.398801 0.106000 0.089955
1 0.054000 0.392054 0.108000 0.097451
1 0.103000 0.200900 0.114000 0.107946
1 0.082000 0.119190 0.164000 0.064468
1 0.039000 0.200900 0.078000 0.101949
1 0.091000 0.303598 0.170000 0.097451
1 0.108000 0.485757 0.204000 0.089955
1 0.326000 0.515742 0.260000 0.101949
1 0.570000 0.524738 0.232000 0.101949
1 0.806000 0.528486 0.248000 0.109445
1 0.698000 0.624438 0.168000 0.097451
1 0.850000 0.630435 0.160000 0.106447
1 0.549000 0.623688 0.142000 0.098951
1 0.414000 0.620690 0.136000 0.101949
1 0.282000 0.615442 0.144000 0.103448
1 0.146000 0.580960 0.136000 0.091454
1 0.044000 0.572714 0.088000 0.086957
1 0.113000 0.661169 0.214000 0.089955
1 0.348000 0.706147 0.252000 0.092954
1 0.584000 0.718891 0.216000 0.097451
1 0.831000 0.716642 0.238000 0.128936
