1 0.152116 0.318514 0.266667 0.175175
1 0.362261 0.326130 0.185507 0.151238
1 0.076029 0.487705 0.123188 0.165383
1 0.268783 0.498586 0.291304 0.195848
1 0.426754 0.485529 0.195652 0.174087
1 0.081826 0.638943 0.097101 0.178439
1 0.244870 0.673217 0.281159 0.205640
1 0.420232 0.644928 0.089855 0.166471
1 0.106464 0.783109 0.079710 0.146886
1 0.273130 0.833159 0.276812 0.205640
1 0.415159 0.791814 0.068116 0.144710
1 0.676754 0.477369 0.402899 0.159943
1 0.854768 0.495865 0.286464 0.196936
1 0.531826 0.607934 0.156522 0.157766
1 0.802594 0.655808 0.390812 0.212169
1 0.567333 0.746660 0.230435 0.193672
1 0.836652 0.811181 0.322696 0.216956
1 0.505014 0.848936 0.123188 0.161031
1 0.734725 0.906853 0.356522 0.183292
1 0.952594 0.906211 0.090812 0.148757
