1 0.247000 0.138667 0.118000 0.208000
1 0.354000 0.138667 0.104000 0.208000
1 0.458000 0.138667 0.104000 0.202667
1 0.560000 0.130667 0.104000 0.202667
1 0.665000 0.125333 0.106000 0.202667
1 0.769000 0.126667 0.114000 0.200000
1 0.876000 0.138667 0.108000 0.208000
1 0.236000 0.350667 0.112000 0.221333
1 0.348000 0.353333 0.112000 0.221333
1 0.456000 0.350667 0.108000 0.216000
1 0.564000 0.337333 0.108000 0.216000
1 0.671000 0.332000 0.110000 0.210667
1 0.779000 0.334667 0.106000 0.221333
1 0.884000 0.345333 0.112000 0.216000
1 0.899000 0.568000 0.118000 0.234667
1 0.789000 0.562667 0.118000 0.224000
1 0.679000 0.552000 0.114000 0.229333
1 0.567000 0.560000 0.110000 0.229333
1 0.461000 0.576000 0.110000 0.234667
1 0.349000 0.580000 0.114000 0.232000
1 0.233000 0.581333 0.122000 0.234667
1 0.233000 0.822667 0.122000 0.248000
1 0.351000 0.820000 0.118000 0.253333
1 0.468000 0.817333 0.112000 0.248000
1 0.578000 0.798667 0.116000 0.242667
1 0.692000 0.792000 0.124000 0.245333
1 0.804000 0.801333 0.128000 0.242667
1 0.919000 0.814667 0.126000 0.248000
