1 0.198000 0.128936 0.184000 0.131934
1 0.370000 0.132684 0.184000 0.136432
1 0.543000 0.136432 0.182000 0.134933
1 0.717000 0.145427 0.186000 0.137931
1 0.896000 0.146927 0.180000 0.134933
1 0.887000 0.283358 0.194000 0.137931
1 0.705000 0.277361 0.194000 0.137931
1 0.526000 0.269115 0.184000 0.136432
1 0.353000 0.266117 0.186000 0.136432
1 0.182000 0.257121 0.180000 0.139430
1 0.518000 0.412294 0.184000 0.161919
1 0.339000 0.397301 0.190000 0.134933
1 0.164000 0.389055 0.188000 0.136432
1 0.337000 0.529235 0.214000 0.140930
1 0.149000 0.517241 0.182000 0.140930
1 0.321000 0.661919 0.218000 0.142429
1 0.130000 0.649925 0.192000 0.142429
1 0.123000 0.790855 0.190000 0.145427
1 0.306000 0.805847 0.188000 0.151424
1 0.488000 0.794603 0.196000 0.191904
1 0.673000 0.829835 0.198000 0.157421
1 0.863000 0.862069 0.198000 0.122939
1 0.836000 0.581709 0.328000 0.467766
1 0.651000 0.546477 0.138000 0.136432
1 0.668000 0.688156 0.172000 0.149925
1 0.527000 0.550975 0.126000 0.100450
1 0.520000 0.648426 0.136000 0.100450
