1 0.168275 0.166138 0.295238 0.228571
1 0.458222 0.177249 0.286772 0.223280
1 0.751873 0.185714 0.289947 0.227513
1 0.944249 0.186772 0.107503 0.227513
1 0.937899 0.409259 0.120201 0.218519
1 0.743937 0.410053 0.284656 0.219048
1 0.460248 0.398942 0.282722 0.222222
1 0.165630 0.383069 0.294180 0.234921
1 0.169333 0.607407 0.286772 0.220106
1 0.457693 0.612698 0.279365 0.211640
1 0.735471 0.620635 0.280423 0.212698
1 0.730180 0.827513 0.278307 0.213757
1 0.168275 0.822751 0.295238 0.221164
1 0.454519 0.824868 0.283598 0.208466
1 0.729000 0.963550 0.274000 0.068899
1 0.445524 0.960905 0.284656 0.074190
1 0.156635 0.957730 0.297354 0.080540
1 0.933138 0.664995 0.129725 0.305989
1 0.933138 0.887360 0.129725 0.221280
