1 0.225509 0.145582 0.250287 0.138900
1 0.455331 0.154908 0.228240 0.134289
1 0.679541 0.155762 0.223139 0.140595
1 0.201958 0.278738 0.173629 0.128588
1 0.367310 0.279161 0.165952 0.128650
1 0.523554 0.281281 0.156441 0.126126
1 0.706548 0.283117 0.213618 0.123623
1 0.255945 0.404791 0.230206 0.126442
1 0.483083 0.403035 0.226002 0.122930
1 0.699917 0.402432 0.222222 0.122304
1 0.234147 0.527109 0.167896 0.123462
1 0.391339 0.525383 0.158656 0.122408
1 0.552566 0.522081 0.163798 0.120431
1 0.721667 0.520938 0.193333 0.119286
1 0.279771 0.644215 0.225066 0.122120
1 0.502742 0.638641 0.225326 0.124692
1 0.715666 0.634708 0.205744 0.115651
1 0.262259 0.756019 0.159505 0.108881
1 0.416952 0.752181 0.162667 0.112684
1 0.576430 0.748358 0.165082 0.113666
1 0.736244 0.746693 0.154711 0.112005
1 0.301076 0.865778 0.215205 0.115905
1 0.517351 0.858002 0.220081 0.110889
1 0.722192 0.851994 0.198958 0.111535
1 0.271251 0.956952 0.150877 0.083092
1 0.421687 0.954968 0.158778 0.087061
1 0.568625 0.953212 0.145604 0.090573
1 0.716841 0.950886 0.161097 0.094873
1 0.548980 0.057158 0.217445 0.087974
1 0.296653 0.056355 0.189984 0.069195
1 0.797222 0.185657 0.030000 0.083307
1 0.904833 0.176319 0.186333 0.151130
1 0.901828 0.291773 0.192167 0.120943
1 0.900305 0.408134 0.195389 0.126675
1 0.907467 0.523323 0.180800 0.120120
1 0.906733 0.636537 0.182533 0.113914
1 0.895367 0.743546 0.180734 0.108305
1 0.990738 0.743354 0.014525 0.108330
1 0.906500 0.848788 0.183000 0.106329
1 0.886716 0.947686 0.189433 0.101625
1 0.988667 0.946774 0.018667 0.100755
1 0.094372 0.193554 0.040693 0.060092
1 0.053247 0.205187 0.042857 0.041679
1 0.096970 0.258549 0.046320 0.074403
1 0.078782 0.328557 0.127306 0.073136
1 0.111527 0.399469 0.070673 0.070936
1 0.091328 0.469150 0.121402 0.070089
1 0.122325 0.537772 0.065314 0.067156
1 0.107565 0.604744 0.127306 0.068738
1 0.140580 0.668982 0.066441 0.061037
1 0.063284 0.670921 0.094834 0.064916
1 0.116188 0.734174 0.133675 0.073779
1 0.100945 0.788131 0.164576 0.044840
1 0.024784 0.736776 0.049567 0.068900
1 0.008615 0.671367 0.016535 0.062671
1 0.023826 0.605562 0.046957 0.068416
1 0.046087 0.537538 0.091478 0.067633
1 0.017217 0.469121 0.033043 0.069200
1 0.038435 0.398616 0.076174 0.070766
1 0.008174 0.326544 0.015652 0.072855
1 0.038586 0.257160 0.075872 0.074269
1 0.125325 0.753026 0.115152 0.033800
1 0.098895 0.880991 0.197053 0.147661
