1 0.878000 0.301318 0.244000 0.331450
1 0.884000 0.572505 0.232000 0.248588
1 0.883000 0.786252 0.234000 0.193974
1 0.892000 0.940678 0.216000 0.118644
1 0.601000 0.944444 0.362000 0.111111
1 0.566000 0.806968 0.404000 0.201507
1 0.541000 0.606403 0.450000 0.252354
1 0.505000 0.341808 0.518000 0.340866
1 0.208000 0.828625 0.408000 0.195857
1 0.259000 0.955744 0.362000 0.088512
1 0.181000 0.633710 0.362000 0.239171
1 0.153000 0.388889 0.306000 0.295669
1 0.482000 0.115819 0.564000 0.231638
1 0.882000 0.081921 0.236000 0.163842
1 0.127000 0.133710 0.254000 0.267420
