1 0.101280 0.136434 0.202560 0.149705
1 0.336377 0.115730 0.269565 0.182619
1 0.615604 0.095026 0.290821 0.190051
1 0.877092 0.093407 0.241816 0.186813
1 0.858734 0.346101 0.278531 0.318575
1 0.607874 0.347189 0.263768 0.310028
1 0.343623 0.354090 0.274396 0.287732
1 0.118188 0.361119 0.236377 0.297542
1 0.128816 0.622711 0.257633 0.236768
1 0.357633 0.616340 0.246377 0.228274
1 0.602077 0.617402 0.230918 0.234645
1 0.831546 0.622180 0.264734 0.239953
1 0.806425 0.836120 0.226087 0.200669
1 0.595314 0.782503 0.205797 0.118915
1 0.386618 0.829750 0.215459 0.213410
1 0.176473 0.835590 0.251208 0.195360
1 0.951488 0.774157 0.093024 0.227510
1 0.941343 0.884902 0.113314 0.107119
1 0.965981 0.600085 0.064039 0.267962
1 0.984821 0.413187 0.026357 0.167033
