1 0.379663 0.273019 0.225994 0.206876
1 0.380811 0.463578 0.226978 0.194056
1 0.382287 0.657343 0.227306 0.199301
1 0.382779 0.849359 0.226322 0.199883
1 0.547491 0.218080 0.240282 0.209064
1 0.576861 0.426947 0.169606 0.204772
1 0.577486 0.630222 0.166354 0.203556
1 0.579862 0.834889 0.169606 0.204889
1 0.746904 0.225851 0.158205 0.200713
1 0.743004 0.426366 0.162438 0.205067
1 0.744695 0.630850 0.167559 0.201944
1 0.746417 0.833153 0.166951 0.202664
1 0.913929 0.833049 0.168389 0.202158
1 0.913321 0.639167 0.169606 0.202333
1 0.911069 0.444500 0.174109 0.191000
1 0.910976 0.267833 0.174296 0.179000
1 0.912195 0.096167 0.171857 0.192333
