1 0.040000 0.064356 0.080000 0.120792
1 0.163000 0.029703 0.170000 0.051485
1 0.350000 0.040594 0.184000 0.081188
1 0.132000 0.144554 0.200000 0.190099
1 0.318000 0.168317 0.212000 0.237624
1 0.024000 0.238614 0.048000 0.223762
1 0.101000 0.344554 0.202000 0.201980
1 0.292000 0.367327 0.220000 0.243564
1 0.085000 0.549505 0.166000 0.231683
1 0.253000 0.572277 0.226000 0.249505
1 0.050000 0.784158 0.100000 0.253465
1 0.201000 0.795050 0.226000 0.251485
1 0.439000 0.114851 0.042000 0.118812
1 0.429000 0.241584 0.050000 0.134653
1 0.420000 0.360396 0.052000 0.130693
1 0.399000 0.489109 0.062000 0.122772
1 0.386000 0.600000 0.068000 0.110891
1 0.481000 0.031683 0.038000 0.059406
1 0.468000 0.143564 0.064000 0.219802
1 0.462000 0.362376 0.076000 0.233663
1 0.448000 0.592079 0.104000 0.241584
1 0.403000 0.796040 0.194000 0.289109
1 0.572000 0.153465 0.140000 0.302970
1 0.763000 0.146535 0.298000 0.289109
1 0.593000 0.386139 0.182000 0.217822
1 0.791000 0.357426 0.222000 0.219802
1 0.641000 0.486139 0.078000 0.021782
1 0.807000 0.437624 0.234000 0.114851
1 0.952000 0.066337 0.096000 0.128713
1 0.954000 0.179208 0.092000 0.120792
1 0.922000 0.218812 0.052000 0.172277
1 0.965000 0.275248 0.066000 0.091089
1 0.920000 0.352475 0.060000 0.134653
1 0.521000 0.572277 0.042000 0.122772
1 0.597000 0.535644 0.130000 0.077228
1 0.733000 0.538614 0.130000 0.083168
1 0.865000 0.541584 0.122000 0.089109
1 0.963000 0.544554 0.070000 0.095050
1 0.608000 0.639604 0.132000 0.126733
1 0.528000 0.657426 0.044000 0.083168
1 0.736000 0.645545 0.124000 0.138614
1 0.865000 0.647525 0.134000 0.126733
1 0.965000 0.650495 0.070000 0.116832
1 0.958000 0.775248 0.084000 0.124752
1 0.851000 0.770297 0.130000 0.130693
1 0.719000 0.768317 0.126000 0.126733
1 0.582000 0.762376 0.148000 0.134653
1 0.565000 0.896040 0.130000 0.156436
1 0.697000 0.896040 0.134000 0.128713
1 0.827000 0.896040 0.130000 0.136634
1 0.945000 0.900990 0.110000 0.130693
1 0.940000 0.982178 0.116000 0.023762
1 0.813000 0.976238 0.134000 0.031683
1 0.672000 0.973267 0.136000 0.037624
1 0.550000 0.982178 0.100000 0.015842
