1 0.892000 0.486486 0.132000 0.066066
1 0.890000 0.534535 0.132000 0.060060
1 0.897000 0.587087 0.114000 0.051051
1 0.895000 0.630631 0.110000 0.054054
1 0.894000 0.672673 0.112000 0.060060
1 0.888000 0.716216 0.116000 0.057057
1 0.887000 0.761261 0.114000 0.063063
1 0.885000 0.804805 0.114000 0.054054
1 0.884000 0.848348 0.116000 0.063063
1 0.765000 0.393393 0.106000 0.084084
1 0.763000 0.477477 0.110000 0.090090
1 0.658000 0.393393 0.108000 0.090090
1 0.653000 0.480480 0.114000 0.090090
1 0.775000 0.573574 0.130000 0.108108
1 0.662000 0.578078 0.132000 0.111111
1 0.780000 0.668168 0.120000 0.099099
1 0.657000 0.675676 0.126000 0.096096
1 0.775000 0.756757 0.122000 0.090090
1 0.652000 0.765766 0.120000 0.096096
1 0.774000 0.842342 0.112000 0.087087
1 0.656000 0.852853 0.120000 0.096096
1 0.541000 0.540541 0.110000 0.114114
1 0.540000 0.651652 0.108000 0.108108
1 0.541000 0.752252 0.106000 0.099099
1 0.539000 0.851351 0.106000 0.099099
1 0.432000 0.855856 0.104000 0.096096
1 0.433000 0.756757 0.110000 0.102102
1 0.432000 0.651652 0.112000 0.108108
1 0.432000 0.543544 0.112000 0.120120
1 0.311000 0.390390 0.102000 0.066066
1 0.312000 0.457958 0.104000 0.069069
1 0.318000 0.521021 0.116000 0.075075
1 0.319000 0.585586 0.110000 0.078078
1 0.320000 0.645646 0.108000 0.048048
1 0.310000 0.723724 0.124000 0.120120
1 0.308000 0.822823 0.128000 0.084084
1 0.309000 0.900901 0.126000 0.072072
1 0.184000 0.824324 0.120000 0.087087
1 0.185000 0.902402 0.122000 0.069069
1 0.208000 0.644144 0.112000 0.051051
1 0.211000 0.587087 0.114000 0.063063
1 0.209000 0.521021 0.106000 0.069069
1 0.208000 0.454955 0.100000 0.063063
1 0.206000 0.391892 0.108000 0.069069
1 0.102000 0.405405 0.100000 0.096096
1 0.106000 0.493994 0.104000 0.087087
1 0.112000 0.579580 0.104000 0.084084
1 0.108000 0.665165 0.092000 0.099099
1 0.201000 0.729730 0.118000 0.120120
1 0.079000 0.777778 0.126000 0.126126
1 0.074000 0.887387 0.108000 0.093093
1 0.872000 0.436937 0.108000 0.045045
1 0.873000 0.390390 0.110000 0.048048
