1 0.044444 0.168284 0.088889 0.197299
1 0.192547 0.161449 0.218634 0.193768
1 0.219255 0.033108 0.154037 0.064350
1 0.372812 0.158020 0.153754 0.187863
1 0.540838 0.159306 0.197124 0.185551
1 0.436700 0.034507 0.281400 0.069013
1 0.701000 0.158105 0.132800 0.178072
1 0.860559 0.152218 0.185714 0.186117
1 0.874534 0.327628 0.122981 0.177778
1 0.715543 0.335850 0.197486 0.182812
1 0.554969 0.341005 0.134783 0.189593
1 0.389558 0.345998 0.210315 0.190252
1 0.214468 0.352060 0.143735 0.202376
1 0.074845 0.357800 0.149689 0.202087
1 0.039441 0.549159 0.078882 0.188090
1 0.181200 0.537496 0.210000 0.192711
1 0.354775 0.529422 0.138408 0.179765
1 0.522544 0.519655 0.198513 0.193064
1 0.683000 0.513063 0.126000 0.185285
1 0.778807 0.507601 0.066815 0.179765
1 0.071500 0.724421 0.143000 0.188782
1 0.210100 0.716066 0.151000 0.191291
1 0.388700 0.706907 0.206200 0.186186
1 0.557990 0.697748 0.131979 0.182883
1 0.715861 0.686846 0.191322 0.182882
1 0.040000 0.905706 0.080000 0.182583
1 0.183516 0.897898 0.211031 0.198198
1 0.352860 0.888678 0.135319 0.189610
1 0.518443 0.876482 0.197232 0.190156
1 0.677266 0.862462 0.127336 0.179580
1 0.772300 0.857037 0.069800 0.172933
1 0.872123 0.516216 0.125354 0.202402
1 0.834299 0.699246 0.052598 0.209302
1 0.932385 0.534201 0.131231 0.237417
1 0.903211 0.735496 0.095578 0.241563
1 0.829719 0.883073 0.052209 0.224845
1 0.892332 0.901502 0.082536 0.190991
1 0.960985 0.922714 0.074029 0.145424
1 0.974052 0.773739 0.047897 0.242311
1 0.974400 0.567568 0.047200 0.234234
