1 0.207361 0.110945 0.414722 0.221889
1 0.574444 0.110361 0.347222 0.214476
1 0.869556 0.106197 0.256889 0.208229
1 0.808444 0.314572 0.379111 0.218349
1 0.458472 0.325358 0.318056 0.219682
1 0.155278 0.330564 0.310556 0.219682
1 0.156667 0.531505 0.313333 0.184283
1 0.516806 0.519011 0.404167 0.190530
1 0.858444 0.511661 0.279111 0.192737
1 0.795278 0.693924 0.386111 0.171789
1 0.457778 0.698609 0.275000 0.168666
1 0.175833 0.707979 0.291667 0.170748
1 0.227222 0.868316 0.350000 0.164501
1 0.535556 0.865192 0.266667 0.166583
1 0.810556 0.860507 0.286111 0.165542
