1 0.320432 0.094054 0.221622 0.155676
1 0.567459 0.035135 0.283243 0.050811
1 0.498811 0.123243 0.329730 0.211892
1 0.786919 0.093514 0.274595 0.165405
1 0.298811 0.212432 0.117838 0.130811
1 0.489622 0.285946 0.354595 0.206486
1 0.807459 0.247027 0.285405 0.206486
1 0.500432 0.447027 0.350270 0.187027
1 0.835027 0.430270 0.264865 0.194595
1 0.540432 0.590811 0.348108 0.195676
1 0.839351 0.602162 0.251892 0.181622
1 0.555027 0.765405 0.325405 0.162162
1 0.840973 0.758378 0.246486 0.178378
1 0.282054 0.334595 0.097297 0.124324
1 0.295027 0.460000 0.108108 0.124324
1 0.314486 0.575676 0.127568 0.117838
1 0.333946 0.691892 0.129730 0.112432
1 0.345838 0.798919 0.112432 0.108108
1 0.497189 0.872432 0.291892 0.192432
1 0.805838 0.900000 0.323243 0.193514
1 0.218270 0.189189 0.060541 0.097297
1 0.211784 0.274054 0.064865 0.096216
1 0.215568 0.361622 0.061622 0.094054
1 0.224216 0.446486 0.065946 0.084324
1 0.238811 0.516216 0.045405 0.046486
1 0.176649 0.632432 0.191351 0.190270
1 0.225297 0.721081 0.143784 0.170811
