1 0.332612 0.071429 0.194805 0.142857
1 0.099567 0.231602 0.196248 0.160173
1 0.313853 0.224567 0.261183 0.169913
1 0.566378 0.211039 0.252525 0.162338
1 0.830447 0.207251 0.281385 0.167749
1 0.981097 0.204113 0.025685 0.171861
1 0.067821 0.388312 0.135642 0.159740
1 0.215007 0.382035 0.199134 0.160173
1 0.399711 0.373377 0.199134 0.160173
1 0.585859 0.367965 0.199134 0.162338
1 0.781385 0.366883 0.194805 0.158009
1 0.936364 0.370455 0.115152 0.159091
1 0.077201 0.530844 0.151515 0.139610
1 0.238095 0.528680 0.187590 0.133117
1 0.414141 0.523810 0.190476 0.136364
1 0.601010 0.518939 0.191919 0.148268
1 0.784993 0.520022 0.202020 0.152597
1 0.937085 0.520563 0.113709 0.145022
1 0.093074 0.670455 0.174603 0.146104
1 0.252525 0.662879 0.178932 0.137446
1 0.425685 0.662879 0.176046 0.143939
1 0.598846 0.662338 0.184704 0.142857
1 0.781385 0.661797 0.180375 0.139610
1 0.930592 0.657900 0.126696 0.143074
1 0.116162 0.791667 0.220779 0.115801
1 0.336941 0.793290 0.223665 0.123377
1 0.565657 0.793290 0.248196 0.125541
1 0.804473 0.799242 0.235209 0.130952
1 0.952237 0.800000 0.083405 0.154545
1 0.118326 0.910714 0.225108 0.124459
1 0.325397 0.915584 0.223665 0.132035
1 0.554113 0.919913 0.230880 0.121212
1 0.779221 0.922078 0.242424 0.132035
1 0.946465 0.932251 0.094949 0.126407
1 0.125541 0.983117 0.216450 0.024675
1 0.339827 0.984848 0.212121 0.017316
1 0.552958 0.986364 0.233189 0.018182
1 0.782107 0.990693 0.230880 0.009524
