1 0.087523 0.094860 0.175047 0.189720
1 0.254469 0.107870 0.166065 0.211403
1 0.412592 0.020056 0.099639 0.035776
1 0.397791 0.114916 0.126354 0.229833
1 0.131004 0.291085 0.261372 0.287291
1 0.360245 0.318188 0.204332 0.235253
1 0.533170 0.336618 0.154513 0.200562
1 0.089848 0.574582 0.179061 0.284039
1 0.253747 0.557778 0.163177 0.246094
1 0.397069 0.542058 0.126354 0.218992
1 0.508982 0.529591 0.103249 0.189720
1 0.129921 0.833491 0.259206 0.327013
1 0.359884 0.764844 0.206498 0.269945
1 0.532087 0.712807 0.143682 0.215739
1 0.093819 0.965753 0.181227 0.062488
1 0.265495 0.933229 0.165011 0.127535
1 0.404834 0.911547 0.130332 0.170900
1 0.514036 0.892770 0.106137 0.207066
1 0.554108 0.966490 0.108303 0.057458
1 0.481906 0.105701 0.044765 0.131178
1 0.480101 0.201104 0.048375 0.079141
1 0.549776 0.087271 0.098195 0.144188
1 0.549776 0.205982 0.096751 0.110580
1 0.695986 0.084019 0.197112 0.168038
1 0.831004 0.114374 0.074368 0.157197
1 0.889487 0.144188 0.051264 0.134430
1 0.936780 0.170206 0.047653 0.125758
1 0.695986 0.217365 0.192780 0.161533
1 0.824866 0.240674 0.080866 0.140935
1 0.892014 0.256936 0.051986 0.132262
1 0.940029 0.273739 0.042599 0.113832
1 0.701040 0.358301 0.178339 0.142019
1 0.602845 0.520376 0.088809 0.173459
1 0.681906 0.514413 0.067870 0.159365
1 0.828116 0.365347 0.072924 0.132262
1 0.889848 0.372394 0.060650 0.126842
1 0.941112 0.377815 0.043321 0.109496
1 0.753025 0.502488 0.081588 0.155029
1 0.826310 0.497067 0.067870 0.133346
1 0.894542 0.489479 0.074368 0.113832
1 0.946527 0.480806 0.033935 0.100823
1 0.656635 0.678115 0.118412 0.185384
1 0.755191 0.645591 0.087365 0.168038
1 0.827394 0.617946 0.067148 0.138767
1 0.887321 0.595722 0.054152 0.122505
1 0.934975 0.585965 0.046931 0.113832
1 0.608260 0.855910 0.083755 0.196225
1 0.681184 0.819050 0.070758 0.178879
1 0.742556 0.788695 0.059206 0.161533
1 0.795625 0.761592 0.049819 0.152860
1 0.840390 0.733405 0.045487 0.144188
1 0.877574 0.713891 0.034657 0.131178
1 0.913675 0.697087 0.036101 0.119253
1 0.946166 0.679741 0.030325 0.117085
1 0.662047 0.934313 0.111906 0.125367
1 0.753386 0.909379 0.083755 0.175237
1 0.828477 0.863499 0.067870 0.168038
1 0.886238 0.822302 0.050542 0.148524
1 0.932809 0.788695 0.045487 0.131178
1 0.749801 0.979846 0.047603 0.034301
1 0.796079 0.964669 0.047841 0.064657
1 0.841834 0.945892 0.042599 0.100823
1 0.878657 0.932882 0.035379 0.124673
1 0.911870 0.907406 0.032491 0.121421
1 0.941473 0.888976 0.029603 0.117085
1 0.892736 0.976789 0.044765 0.039028
1 0.937863 0.963585 0.046931 0.066825
1 0.979303 0.234234 0.037394 0.078078
1 0.978942 0.315153 0.038116 0.090415
1 0.978942 0.395703 0.038116 0.082393
1 0.981108 0.474474 0.033783 0.084084
1 0.978581 0.553984 0.038838 0.084561
1 0.978581 0.639087 0.038838 0.085645
1 0.976776 0.712525 0.042448 0.079704
1 0.976776 0.798430 0.042448 0.107371
1 0.968910 0.884639 0.025271 0.099739
1 0.989773 0.867407 0.016455 0.095175
1 0.977137 0.950104 0.041726 0.092399
