1 0.265814 0.177514 0.310055 0.216819
1 0.103291 0.067093 0.205850 0.125411
1 0.067824 0.211883 0.134186 0.171481
1 0.051371 0.409689 0.101280 0.229982
1 0.255027 0.387386 0.383547 0.234369
1 0.126508 0.610786 0.251554 0.238026
1 0.342596 0.557770 0.234735 0.215356
1 0.073126 0.816636 0.146252 0.223400
1 0.287569 0.747166 0.345521 0.254845
1 0.154066 0.920389 0.259868 0.155221
1 0.364168 0.885192 0.209872 0.217916
1 0.381000 0.957867 0.194000 0.080267
1 0.534735 0.897172 0.148080 0.201656
1 0.537660 0.718464 0.179525 0.219378
1 0.717916 0.865996 0.296527 0.263620
1 0.656673 0.743144 0.197441 0.123218
1 0.488665 0.571115 0.084461 0.129433
1 0.591408 0.547532 0.127605 0.135649
1 0.595795 0.644607 0.097623 0.106033
1 0.548629 0.444424 0.197806 0.151005
1 0.472761 0.332907 0.086289 0.132724
1 0.578062 0.321755 0.136746 0.135283
1 0.530713 0.198172 0.216819 0.146252
1 0.347898 0.065631 0.297258 0.131261
1 0.561792 0.064534 0.144424 0.128336
1 0.645338 0.077148 0.035101 0.116271
1 0.709506 0.076051 0.099086 0.114808
1 0.803291 0.080804 0.087020 0.108227
1 0.906399 0.082633 0.120658 0.100183
1 0.982912 0.080622 0.030176 0.095430
1 0.679342 0.189762 0.086289 0.111883
1 0.786106 0.186654 0.130896 0.104205
1 0.890859 0.179707 0.080073 0.095430
1 0.964168 0.174771 0.065082 0.091408
1 0.658501 0.297441 0.035832 0.104936
1 0.721755 0.290311 0.092139 0.106764
1 0.808410 0.281170 0.082633 0.100914
1 0.906947 0.269470 0.113711 0.099452
1 0.979256 0.259554 0.037488 0.087108
1 0.684278 0.393601 0.077879 0.108592
1 0.786837 0.377331 0.127971 0.111152
1 0.887386 0.357952 0.075320 0.096527
1 0.958501 0.345887 0.066910 0.091408
1 0.664717 0.490494 0.033638 0.092505
1 0.723766 0.477148 0.088848 0.103839
1 0.808227 0.457952 0.083729 0.102742
1 0.904570 0.438208 0.108958 0.103473
1 0.977245 0.422176 0.041510 0.084351
1 0.790676 0.659598 0.257038 0.209141
1 0.898720 0.778062 0.169653 0.156490
1 0.874320 0.955124 0.247360 0.085751
1 0.899086 0.882815 0.065082 0.114442
1 0.963351 0.859437 0.069298 0.134874
1 0.879987 0.625046 0.236026 0.194150
1 0.926899 0.538813 0.142202 0.066374
1 0.727193 0.550146 0.148538 0.072222
1 0.844298 0.513012 0.168713 0.054094
1 0.935326 0.486000 0.125348 0.068000
1 0.585773 0.979433 0.126950 0.036879
