1 0.109394 0.135262 0.218789 0.264518
1 0.181020 0.402815 0.360000 0.279103
1 0.541971 0.405466 0.374452 0.274984
1 0.352364 0.137520 0.269861 0.275040
1 0.615137 0.154920 0.257255 0.266149
1 0.868343 0.163650 0.259314 0.261289
1 0.861693 0.415219 0.272613 0.251758
1 0.112019 0.672220 0.221359 0.262134
1 0.352486 0.670813 0.272466 0.262236
1 0.626967 0.670626 0.280212 0.259985
1 0.880889 0.669670 0.234223 0.264264
1 0.181860 0.897430 0.363720 0.199134
1 0.384737 0.886784 0.111236 0.172603
1 0.619953 0.897337 0.367907 0.199321
1 0.899215 0.898534 0.194430 0.196927
