1 0.163000 0.076000 0.326000 0.152000
1 0.040000 0.232000 0.080000 0.160000
1 0.198000 0.229333 0.256000 0.154667
1 0.338000 0.109333 0.044000 0.085333
1 0.505000 0.077333 0.306000 0.154667
1 0.832000 0.076000 0.312000 0.152000
1 0.894000 0.229333 0.208000 0.154667
1 0.679000 0.225333 0.238000 0.162667
1 0.432000 0.226667 0.224000 0.154667
1 0.831000 0.381333 0.326000 0.149333
1 0.475000 0.381333 0.298000 0.154667
1 0.434000 0.530667 0.204000 0.138667
1 0.656000 0.505333 0.220000 0.194667
1 0.870000 0.528000 0.208000 0.149333
1 0.982000 0.517333 0.036000 0.133333
1 0.463000 0.662667 0.286000 0.162667
1 0.799000 0.670667 0.302000 0.146667
1 0.971000 0.649333 0.058000 0.136000
1 0.961000 0.789333 0.074000 0.133333
1 0.961000 0.916000 0.078000 0.136000
1 0.778000 0.924000 0.296000 0.125333
1 0.829000 0.797333 0.218000 0.133333
1 0.628000 0.756000 0.196000 0.210667
1 0.466000 0.925333 0.272000 0.128000
1 0.431000 0.798667 0.198000 0.125333
1 0.167000 0.914667 0.306000 0.170667
1 0.202000 0.798667 0.232000 0.162667
1 0.048000 0.810667 0.096000 0.138667
1 0.157000 0.670667 0.310000 0.162667
1 0.199000 0.528000 0.242000 0.160000
1 0.042000 0.530667 0.084000 0.138667
1 0.159000 0.385333 0.318000 0.162667
