1 0.072000 0.466667 0.144000 0.218667
1 0.051000 0.681333 0.102000 0.258667
1 0.183000 0.652000 0.262000 0.301333
1 0.223000 0.417333 0.238000 0.269333
1 0.439000 0.372000 0.254000 0.285333
1 0.425000 0.616000 0.282000 0.325333
1 0.744000 0.564000 0.356000 0.354667
1 0.719000 0.300000 0.314000 0.322667
1 0.919000 0.216000 0.162000 0.304000
1 0.935000 0.518667 0.130000 0.365333
1 0.014000 0.920000 0.028000 0.138667
1 0.054000 0.920000 0.104000 0.160000
1 0.128000 0.925333 0.116000 0.149333
1 0.218000 0.922667 0.112000 0.154667
1 0.318000 0.928000 0.092000 0.144000
1 0.407000 0.921333 0.102000 0.157333
1 0.509000 0.908000 0.114000 0.184000
1 0.625000 0.905333 0.114000 0.189333
1 0.750000 0.893333 0.152000 0.208000
1 0.894000 0.886667 0.184000 0.226667
1 0.975000 0.884000 0.050000 0.232000
