1 0.065192 0.121680 0.128846 0.089772
1 0.264231 0.116272 0.292308 0.100588
1 0.560385 0.100588 0.323077 0.084364
1 0.856115 0.080557 0.283769 0.107121
1 0.051346 0.246604 0.102692 0.168729
1 0.152692 0.248226 0.142308 0.165484
1 0.264231 0.242277 0.150000 0.173055
1 0.402692 0.235247 0.150000 0.180626
1 0.542115 0.229298 0.128846 0.173055
1 0.674808 0.230921 0.144231 0.178463
1 0.817115 0.215238 0.148077 0.179545
1 0.943615 0.212598 0.108769 0.191226
1 0.052308 0.397486 0.104615 0.139526
1 0.155577 0.394782 0.132692 0.144934
1 0.286346 0.390456 0.140385 0.138444
1 0.407500 0.389374 0.132692 0.142771
1 0.535385 0.393160 0.115385 0.143852
1 0.667115 0.396405 0.140385 0.150342
1 0.810385 0.387211 0.161538 0.164403
1 0.944577 0.383274 0.106846 0.163624
1 0.072885 0.557022 0.144231 0.186034
1 0.246923 0.553777 0.238462 0.190361
1 0.389231 0.553777 0.246154 0.199014
1 0.519038 0.555940 0.167308 0.196850
1 0.662308 0.558103 0.161538 0.201177
1 0.831538 0.555940 0.176923 0.205503
1 0.956115 0.553539 0.083769 0.218006
1 0.072885 0.730618 0.132692 0.165484
1 0.203654 0.735485 0.144231 0.177382
1 0.350769 0.738730 0.153846 0.181708
1 0.493077 0.740893 0.157692 0.177382
1 0.651731 0.751168 0.167308 0.189279
1 0.816154 0.752791 0.173077 0.194687
1 0.945000 0.754954 0.092308 0.190361
