1 0.161080 0.091547 0.109592 0.090388
1 0.257332 0.114723 0.045424 0.054630
1 0.362073 0.145680 0.076295 0.059597
1 0.088093 0.179948 0.099890 0.085091
1 0.197244 0.177465 0.124146 0.091381
1 0.288975 0.181935 0.064609 0.090388
1 0.075524 0.267522 0.065932 0.086746
1 0.139691 0.266529 0.068137 0.088070
1 0.224256 0.262721 0.103197 0.089064
1 0.287211 0.262556 0.025358 0.078800
1 0.309702 0.264708 0.019625 0.072509
1 0.097685 0.352944 0.093936 0.084097
1 0.204585 0.348952 0.121629 0.090095
1 0.085200 0.436336 0.063200 0.079279
1 0.146300 0.436036 0.061800 0.080480
1 0.235200 0.429730 0.113200 0.093694
1 0.102400 0.517117 0.092000 0.081682
1 0.210600 0.511562 0.120000 0.090390
1 0.089200 0.598348 0.062000 0.081381
1 0.153400 0.597598 0.061600 0.078679
1 0.240400 0.585736 0.108000 0.104805
1 0.112300 0.678829 0.093800 0.080781
1 0.219000 0.670420 0.121600 0.101201
1 0.531897 0.234656 0.147044 0.109099
1 0.391626 0.343385 0.133990 0.116496
1 0.487315 0.341166 0.116502 0.112058
1 0.610837 0.340057 0.136946 0.119454
1 0.394065 0.452071 0.137770 0.105861
1 0.595670 0.443542 0.167253 0.131254
1 0.489310 0.557323 0.107172 0.103622
1 0.614344 0.545336 0.136401 0.139788
1 0.597700 0.650380 0.161570 0.136943
1 0.496346 0.760910 0.105007 0.104435
1 0.616373 0.746687 0.130717 0.150760
1 0.598782 0.857420 0.152909 0.130848
1 0.617997 0.927518 0.125846 0.138569
1 0.408119 0.854373 0.132612 0.101996
1 0.396752 0.950071 0.097970 0.093463
1 0.500493 0.951590 0.103015 0.090813
1 0.380740 0.555718 0.105701 0.102722
1 0.397843 0.657514 0.132512 0.098095
1 0.390909 0.756303 0.100770 0.098558
1 0.865975 0.149457 0.117186 0.101486
1 0.961168 0.158718 0.073663 0.071189
1 0.956093 0.242436 0.083813 0.100488
1 0.868743 0.245921 0.091349 0.103217
1 0.780623 0.250250 0.084890 0.096636
1 0.803691 0.346887 0.131949 0.091095
1 0.934986 0.342498 0.126028 0.096408
1 0.780277 0.438674 0.082814 0.090402
1 0.870242 0.440233 0.086505 0.094905
1 0.958516 0.439114 0.078969 0.094745
1 0.800115 0.531674 0.127105 0.088670
1 0.932449 0.537538 0.131103 0.090090
1 0.777855 0.621209 0.078893 0.090402
1 0.864821 0.625539 0.083968 0.096983
1 0.956324 0.629075 0.083352 0.099206
1 0.797693 0.711092 0.123645 0.099754
1 0.931757 0.720534 0.132487 0.096470
1 0.776817 0.795086 0.081430 0.093865
1 0.862514 0.804438 0.083506 0.093173
1 0.952710 0.815868 0.088581 0.098715
1 0.623460 0.243278 0.039883 0.069131
1 0.668475 0.245480 0.047801 0.059444
1 0.276393 0.343452 0.025513 0.078377
1 0.304252 0.340810 0.034897 0.077497
1 0.336456 0.192534 0.031392 0.073365
1 0.372278 0.199377 0.037215 0.071084
1 0.399241 0.206409 0.017722 0.064622
1 0.425063 0.207359 0.032911 0.059680
1 0.353544 0.263238 0.071139 0.073365
1 0.404177 0.259247 0.026582 0.047136
1 0.429747 0.259817 0.025570 0.041434
1 0.307848 0.414148 0.032911 0.080207
1 0.298608 0.497016 0.057975 0.094652
1 0.312152 0.559927 0.034430 0.092751
1 0.305063 0.641274 0.052152 0.105675
1 0.694383 0.326262 0.028855 0.094257
1 0.692841 0.417543 0.025771 0.108148
1 0.693172 0.503698 0.022907 0.110463
1 0.689207 0.598120 0.027753 0.130637
