1 0.096259 0.163990 0.192517 0.320943
1 0.316327 0.169322 0.272109 0.331606
1 0.570408 0.182650 0.270068 0.358262
1 0.821088 0.199710 0.303401 0.390250
1 0.942537 0.213038 0.110925 0.365726
1 0.939796 0.529717 0.116327 0.286823
1 0.787075 0.515855 0.268027 0.299618
1 0.548980 0.490798 0.248980 0.300685
1 0.307143 0.468407 0.238776 0.281492
1 0.101361 0.454012 0.202721 0.269763
1 0.114626 0.689122 0.211565 0.240974
1 0.312925 0.712580 0.220408 0.245239
1 0.536054 0.738703 0.225850 0.250570
1 0.753061 0.766959 0.247619 0.243107
1 0.917347 0.790950 0.159864 0.248438
1 0.908844 0.943958 0.178231 0.104493
1 0.724490 0.932559 0.219048 0.128612
1 0.521585 0.918698 0.207170 0.156335
1 0.319388 0.904837 0.193878 0.184057
1 0.135714 0.887979 0.196599 0.212185
