1 0.310000 0.053486 0.276000 0.104567
1 0.572000 0.068510 0.260000 0.134615
1 0.802000 0.083534 0.224000 0.157452
1 0.822000 0.016827 0.212000 0.026442
1 0.275000 0.156851 0.202000 0.152644
1 0.459000 0.174880 0.186000 0.152644
1 0.633000 0.193510 0.182000 0.139423
1 0.787000 0.207933 0.166000 0.134615
1 0.278000 0.292668 0.240000 0.152644
1 0.526000 0.314303 0.228000 0.145433
1 0.752000 0.330529 0.220000 0.134615
1 0.213000 0.426683 0.222000 0.141827
1 0.412000 0.435096 0.188000 0.134615
1 0.581000 0.444111 0.182000 0.121394
1 0.740000 0.447716 0.176000 0.123798
1 0.235000 0.554087 0.278000 0.132212
1 0.488000 0.558894 0.236000 0.122596
1 0.708000 0.566707 0.232000 0.118990
1 0.208000 0.674880 0.208000 0.140625
1 0.397000 0.680288 0.186000 0.125000
1 0.562000 0.670673 0.176000 0.134615
1 0.717000 0.677885 0.154000 0.115385
1 0.210000 0.790865 0.264000 0.163462
1 0.451000 0.800481 0.226000 0.125000
1 0.671000 0.792668 0.238000 0.118990
1 0.182000 0.924279 0.216000 0.146635
1 0.369000 0.925481 0.182000 0.127404
1 0.534000 0.907452 0.168000 0.141827
1 0.685000 0.909255 0.162000 0.118990
1 0.450000 0.984976 0.208000 0.030048
1 0.662000 0.977163 0.220000 0.043269
1 0.055000 0.547476 0.098000 0.150240
1 0.053000 0.695913 0.090000 0.149038
1 0.045000 0.842548 0.074000 0.146635
1 0.040000 0.957332 0.068000 0.085337
1 0.043000 0.008413 0.070000 0.014423
1 0.067000 0.054688 0.130000 0.085337
1 0.037000 0.130409 0.062000 0.082933
1 0.098000 0.132812 0.048000 0.073317
1 0.143000 0.183894 0.070000 0.180288
1 0.134000 0.299279 0.060000 0.139423
1 0.054000 0.208534 0.104000 0.082933
1 0.037000 0.283654 0.066000 0.072115
1 0.059000 0.360577 0.098000 0.096154
1 0.043000 0.433894 0.070000 0.060096
