1 0.842000 0.278000 0.084000 0.176000
1 0.845000 0.454000 0.078000 0.172000
1 0.743000 0.254000 0.118000 0.200000
1 0.743000 0.448000 0.130000 0.192000
1 0.624000 0.226000 0.120000 0.228000
1 0.620000 0.441000 0.116000 0.198000
1 0.822000 0.793000 0.084000 0.182000
1 0.741000 0.812000 0.082000 0.196000
1 0.626000 0.843000 0.148000 0.234000
1 0.624000 0.643000 0.140000 0.214000
1 0.830000 0.627000 0.088000 0.170000
1 0.739000 0.630000 0.094000 0.188000
1 0.455000 0.140000 0.242000 0.272000
1 0.459000 0.391000 0.226000 0.254000
1 0.465000 0.641000 0.198000 0.254000
1 0.461000 0.868000 0.182000 0.264000
1 0.192000 0.124000 0.308000 0.248000
1 0.197000 0.372000 0.318000 0.280000
1 0.210000 0.644000 0.320000 0.292000
1 0.218000 0.874000 0.312000 0.252000
