1 0.139000 0.306667 0.042000 0.122667
1 0.148000 0.422667 0.044000 0.120000
1 0.225000 0.261333 0.150000 0.165333
1 0.372000 0.222667 0.164000 0.178667
1 0.556000 0.178667 0.216000 0.208000
1 0.671000 0.236000 0.026000 0.125333
1 0.690000 0.249333 0.016000 0.098667
1 0.120000 0.548000 0.124000 0.141333
1 0.130000 0.678667 0.124000 0.136000
1 0.140000 0.809333 0.128000 0.130667
1 0.142000 0.932000 0.128000 0.136000
1 0.230000 0.400000 0.148000 0.160000
1 0.243000 0.538667 0.142000 0.149333
1 0.254000 0.677333 0.140000 0.138667
1 0.264000 0.814667 0.140000 0.136000
1 0.269000 0.936000 0.146000 0.122667
1 0.413000 0.944000 0.154000 0.112000
1 0.404000 0.825333 0.160000 0.152000
1 0.392000 0.672000 0.160000 0.154667
1 0.385000 0.522667 0.162000 0.160000
1 0.374000 0.376000 0.160000 0.170667
1 0.545000 0.344000 0.198000 0.186667
1 0.668000 0.436000 0.232000 0.248000
1 0.789000 0.410667 0.026000 0.192000
1 0.654000 0.297333 0.028000 0.066667
1 0.677000 0.309333 0.022000 0.037333
1 0.512000 0.510667 0.112000 0.162667
1 0.522000 0.670667 0.116000 0.162667
1 0.539000 0.833333 0.130000 0.162667
1 0.548000 0.950667 0.120000 0.093333
1 0.680000 0.641333 0.228000 0.264000
1 0.702000 0.842667 0.220000 0.304000
1 0.691000 0.985333 0.190000 0.029333
1 0.798000 0.585333 0.028000 0.194667
1 0.828000 0.484000 0.052000 0.093333
1 0.836000 0.574667 0.052000 0.093333
1 0.842000 0.664000 0.056000 0.090667
1 0.932000 0.509333 0.136000 0.170667
1 0.939000 0.673333 0.122000 0.157333
1 0.841000 0.758667 0.058000 0.098667
1 0.845000 0.842667 0.054000 0.085333
1 0.942000 0.824000 0.116000 0.149333
1 0.814000 0.050667 0.104000 0.064000
1 0.814000 0.100000 0.100000 0.072000
1 0.820000 0.140000 0.088000 0.061333
1 0.823000 0.184000 0.074000 0.053333
