1 0.144167 0.138333 0.185000 0.230000
1 0.289167 0.130000 0.125000 0.240000
1 0.418333 0.128333 0.140000 0.256667
1 0.568333 0.128333 0.160000 0.256667
1 0.735000 0.125000 0.166667 0.250000
1 0.833333 0.133333 0.040000 0.226667
1 0.895000 0.161667 0.093333 0.156667
1 0.120833 0.358333 0.115000 0.216667
1 0.230000 0.365000 0.120000 0.230000
1 0.352500 0.370000 0.128333 0.240000
1 0.530833 0.375000 0.231667 0.263333
1 0.158333 0.576667 0.170000 0.226667
1 0.299167 0.591667 0.118333 0.230000
1 0.423333 0.600000 0.130000 0.233333
1 0.563333 0.596667 0.160000 0.293333
1 0.135000 0.771667 0.110000 0.210000
1 0.243333 0.788333 0.120000 0.216667
1 0.359167 0.815000 0.121667 0.230000
1 0.522500 0.845000 0.208333 0.263333
1 0.550000 0.971667 0.130000 0.056667
1 0.423333 0.956667 0.126667 0.086667
1 0.305000 0.941667 0.110000 0.116667
1 0.169167 0.926667 0.161667 0.146667
1 0.755000 0.885000 0.240000 0.230000
1 0.721667 0.658333 0.160000 0.263333
1 0.885833 0.668333 0.185000 0.270000
1 0.934167 0.900000 0.131667 0.200000
1 0.984167 0.673333 0.031667 0.273333
1 0.770833 0.386667 0.251667 0.300000
1 0.940000 0.380000 0.120000 0.326667
