1 0.067828 0.378042 0.135655 0.191519
1 0.065310 0.526095 0.129655 0.114943
1 0.066448 0.650901 0.132897 0.136637
1 0.077483 0.857979 0.154966 0.279590
1 0.272207 0.263073 0.275862 0.154292
1 0.259793 0.416330 0.284138 0.154292
1 0.266000 0.563891 0.274483 0.151186
1 0.273586 0.709900 0.278621 0.157399
1 0.283931 0.848659 0.263448 0.149115
1 0.286000 0.951538 0.267586 0.093922
1 0.538414 0.942891 0.248276 0.109765
1 0.546000 0.832608 0.252414 0.143937
1 0.536345 0.701098 0.255172 0.139795
1 0.534966 0.561303 0.268966 0.143937
1 0.537034 0.420472 0.264828 0.146008
1 0.545310 0.272393 0.278621 0.150150
1 0.523931 0.125867 0.315862 0.155328
1 0.523241 0.063451 0.325517 0.126903
1 0.805310 0.039919 0.238621 0.078699
1 0.961862 0.043544 0.071724 0.085948
1 0.802552 0.138293 0.246897 0.155328
1 0.961310 0.154318 0.073379 0.141814
1 0.960621 0.287745 0.074759 0.133219
1 0.806690 0.278088 0.244138 0.149115
1 0.792897 0.420990 0.246897 0.142902
1 0.955793 0.425106 0.084414 0.140779
1 0.949586 0.551957 0.096828 0.127317
1 0.786000 0.557678 0.241379 0.136688
1 0.781862 0.688671 0.233103 0.137724
1 0.947517 0.679559 0.100966 0.124884
1 0.941862 0.799472 0.103448 0.125298
1 0.930828 0.918556 0.092414 0.117014
1 0.774966 0.929947 0.227586 0.133582
1 0.781172 0.814487 0.237241 0.136688
1 0.262552 0.164181 0.206897 0.043492
1 0.259793 0.084447 0.195862 0.111836
