1 0.838000 0.043478 0.324000 0.086957
1 0.834000 0.188156 0.332000 0.223388
1 0.832000 0.402549 0.336000 0.214393
1 0.832000 0.619190 0.336000 0.212894
1 0.833000 0.835832 0.334000 0.220390
1 0.484000 0.172414 0.372000 0.230885
1 0.481000 0.396552 0.370000 0.229385
1 0.477000 0.621439 0.374000 0.220390
1 0.478000 0.845577 0.376000 0.233883
1 0.479000 0.976012 0.378000 0.047976
1 0.835000 0.973013 0.330000 0.053973
1 0.150000 0.137181 0.300000 0.274363
1 0.149000 0.368816 0.294000 0.251874
1 0.147000 0.624438 0.294000 0.256372
1 0.148000 0.871814 0.296000 0.256372
1 0.489000 0.032234 0.370000 0.064468
