1 0.556314 0.209091 0.177474 0.200000
1 0.791809 0.406818 0.150171 0.177273
1 0.645051 0.397727 0.156997 0.186364
1 0.488055 0.390909 0.163823 0.190909
1 0.928328 0.577273 0.143345 0.163636
1 0.790102 0.577273 0.139932 0.163636
1 0.648464 0.577273 0.156997 0.172727
1 0.486348 0.572727 0.160410 0.181818
1 0.315700 0.570455 0.174061 0.186364
1 0.319113 0.381818 0.174061 0.200000
1 0.134812 0.563636 0.194539 0.209091
1 0.950512 0.743182 0.098976 0.159091
1 0.836177 0.743182 0.143345 0.168182
1 0.692833 0.747727 0.150171 0.177273
1 0.537543 0.752273 0.160410 0.177273
1 0.373720 0.761364 0.167235 0.186364
1 0.197952 0.770455 0.191126 0.204545
1 0.051195 0.775000 0.102389 0.204545
