1 0.488889 0.200000 0.177778 0.176000
1 0.452778 0.364000 0.261111 0.168000
1 0.147222 0.356000 0.294444 0.184000
1 0.297222 0.184000 0.194444 0.192000
1 0.100000 0.168000 0.200000 0.192000
1 0.313889 0.524000 0.194444 0.168000
1 0.505556 0.528000 0.177778 0.160000
1 0.102778 0.536000 0.205556 0.176000
1 0.166667 0.704000 0.300000 0.192000
1 0.463889 0.688000 0.261111 0.160000
1 0.333333 0.856000 0.188889 0.176000
1 0.513889 0.836000 0.172222 0.184000
1 0.125000 0.876000 0.205556 0.184000
1 0.466667 0.956000 0.244444 0.088000
1 0.183333 0.972000 0.288889 0.056000
1 0.750000 0.956000 0.222222 0.088000
1 0.938889 0.956000 0.122222 0.088000
1 0.711111 0.848000 0.166667 0.144000
1 0.869444 0.848000 0.161111 0.144000
1 0.975000 0.844000 0.050000 0.136000
1 0.944444 0.712000 0.111111 0.128000
1 0.750000 0.708000 0.244444 0.136000
1 0.716667 0.564000 0.177778 0.152000
1 0.886111 0.568000 0.161111 0.144000
1 0.983333 0.568000 0.033333 0.144000
1 0.941667 0.424000 0.116667 0.144000
1 0.736111 0.416000 0.294444 0.144000
1 0.697222 0.272000 0.227778 0.176000
1 0.902778 0.268000 0.194444 0.152000
