1 0.758000 0.168000 0.400000 0.165333
1 0.758000 0.314667 0.408000 0.186667
1 0.757000 0.444000 0.410000 0.178667
1 0.762000 0.589333 0.416000 0.186667
1 0.773000 0.749333 0.422000 0.208000
1 0.412000 0.780000 0.300000 0.178667
1 0.416000 0.616000 0.288000 0.176000
1 0.414000 0.457333 0.284000 0.162667
1 0.415000 0.302667 0.278000 0.152000
1 0.419000 0.146667 0.278000 0.149333
1 0.166000 0.169333 0.228000 0.141333
1 0.164000 0.301333 0.224000 0.149333
1 0.158000 0.454667 0.236000 0.157333
1 0.158000 0.598667 0.228000 0.157333
1 0.159000 0.760000 0.234000 0.160000
