1 0.645000 0.237631 0.130000 0.142429
1 0.497000 0.230885 0.170000 0.149925
1 0.281000 0.221889 0.166000 0.161919
1 0.113000 0.222639 0.186000 0.178411
1 0.784000 0.246627 0.156000 0.124438
1 0.920000 0.248126 0.160000 0.115442
1 0.863000 0.359070 0.106000 0.103448
1 0.763000 0.361319 0.106000 0.107946
1 0.615000 0.366567 0.182000 0.118441
1 0.414000 0.368066 0.208000 0.127436
1 0.178000 0.372564 0.260000 0.139430
1 0.156000 0.503748 0.176000 0.131934
1 0.312000 0.495502 0.152000 0.127436
1 0.512000 0.484258 0.128000 0.116942
1 0.637000 0.479010 0.122000 0.112444
1 0.779000 0.466267 0.158000 0.110945
1 0.926000 0.456522 0.144000 0.103448
1 0.956000 0.356072 0.088000 0.097451
1 0.751000 0.566717 0.102000 0.104948
1 0.849000 0.556222 0.098000 0.101949
1 0.968000 0.544228 0.064000 0.092954
1 0.984000 0.630435 0.032000 0.088456
1 0.941000 0.716642 0.118000 0.092954
1 0.904000 0.637181 0.136000 0.110945
1 0.769000 0.657421 0.142000 0.109445
1 0.838000 0.738381 0.092000 0.100450
1 0.736000 0.752624 0.112000 0.107946
1 0.603000 0.589955 0.174000 0.115442
1 0.415000 0.604948 0.198000 0.127436
1 0.198000 0.625187 0.244000 0.137931
1 0.326000 0.724138 0.144000 0.125937
1 0.513000 0.700150 0.118000 0.113943
1 0.630000 0.687406 0.116000 0.109445
1 0.182000 0.742879 0.156000 0.130435
1 0.601000 0.789355 0.166000 0.115442
1 0.423000 0.811844 0.190000 0.142429
1 0.221000 0.849325 0.218000 0.136432
