1 0.656000 0.818318 0.200000 0.357357
1 0.481000 0.836336 0.166000 0.327327
1 0.330000 0.827327 0.144000 0.309309
1 0.471000 0.513514 0.158000 0.330330
1 0.324000 0.518018 0.140000 0.309309
1 0.639000 0.495495 0.186000 0.366366
1 0.636000 0.193694 0.192000 0.387387
1 0.467000 0.199700 0.150000 0.327327
1 0.326000 0.219219 0.132000 0.318318
1 0.771000 0.448949 0.022000 0.111111
1 0.810000 0.445946 0.060000 0.111111
1 0.869000 0.439940 0.058000 0.117117
1 0.927000 0.441441 0.062000 0.126126
1 0.873000 0.555556 0.062000 0.120120
1 0.923000 0.561562 0.042000 0.114114
1 0.812000 0.561562 0.060000 0.120120
1 0.875000 0.675676 0.058000 0.126126
1 0.812000 0.678679 0.072000 0.120120
1 0.977000 0.418919 0.046000 0.075075
