1 0.185000 0.221068 0.370000 0.284866
1 0.107000 0.470326 0.214000 0.219585
1 0.346000 0.426558 0.364000 0.274481
1 0.422000 0.248516 0.116000 0.025223
1 0.428000 0.273739 0.124000 0.034125
1 0.522000 0.275964 0.088000 0.065282
1 0.750000 0.428042 0.500000 0.244807
1 0.182000 0.639466 0.364000 0.157270
1 0.502000 0.633531 0.312000 0.175074
1 0.810000 0.623887 0.324000 0.179525
1 0.758000 0.760386 0.420000 0.173591
1 0.402000 0.778932 0.276000 0.148368
1 0.144000 0.784866 0.288000 0.154303
1 0.194000 0.889466 0.388000 0.143917
1 0.513000 0.890208 0.254000 0.121662
1 0.768000 0.891691 0.272000 0.112760
1 0.773000 0.196588 0.442000 0.286350
1 0.725000 0.046736 0.454000 0.093472
1 0.530000 0.189911 0.048000 0.192878
1 0.500000 0.182493 0.012000 0.139466
1 0.528000 0.098665 0.044000 0.028190
