1 0.136000 0.196013 0.048000 0.106312
1 0.140000 0.307309 0.048000 0.116279
1 0.140000 0.411960 0.048000 0.132890
1 0.141000 0.506645 0.046000 0.136213
1 0.195000 0.191030 0.070000 0.136213
1 0.196000 0.328904 0.072000 0.152824
1 0.199000 0.451827 0.074000 0.172757
1 0.200000 0.568106 0.072000 0.179402
1 0.284000 0.189369 0.108000 0.179402
1 0.286000 0.360465 0.108000 0.196013
1 0.287000 0.518272 0.106000 0.225914
1 0.288000 0.661130 0.104000 0.245847
1 0.441000 0.186047 0.206000 0.259136
1 0.441000 0.416944 0.202000 0.275748
1 0.438000 0.621262 0.196000 0.332226
1 0.431000 0.815615 0.186000 0.368771
1 0.747000 0.179402 0.418000 0.305648
1 0.742000 0.468439 0.412000 0.299003
1 0.730000 0.720930 0.412000 0.338870
1 0.708000 0.885382 0.388000 0.229236
