1 0.193750 0.315364 0.387500 0.242588
1 0.191250 0.098383 0.382500 0.196765
1 0.543750 0.110512 0.332500 0.221024
1 0.841250 0.123989 0.277500 0.194070
1 0.540000 0.312668 0.320000 0.204852
1 0.825000 0.311321 0.260000 0.180593
1 0.523750 0.502695 0.317500 0.207547
1 0.188750 0.545822 0.377500 0.256065
1 0.805000 0.473046 0.245000 0.180593
1 0.190000 0.745283 0.380000 0.261456
1 0.530000 0.677898 0.300000 0.212938
1 0.802500 0.626685 0.250000 0.185984
1 0.801250 0.773585 0.237500 0.194070
1 0.531250 0.834232 0.302500 0.218329
1 0.191250 0.897574 0.382500 0.204852
1 0.927500 0.737197 0.040000 0.137466
1 0.937500 0.594340 0.035000 0.148248
1 0.946250 0.456873 0.047500 0.159030
1 0.965000 0.291105 0.040000 0.167116
1 0.968750 0.770889 0.062500 0.183288
1 0.973750 0.622642 0.052500 0.172507
1 0.977500 0.466307 0.045000 0.172507
1 0.985000 0.297844 0.030000 0.169811
1 0.966250 0.117251 0.067500 0.191375
