1 0.272736 0.041733 0.184100 0.083465
1 0.450979 0.035229 0.180753 0.066122
1 0.214577 0.181564 0.198326 0.207037
1 0.394075 0.163137 0.180753 0.196197
1 0.566879 0.142541 0.184937 0.196197
1 0.222527 0.372342 0.199163 0.213541
1 0.401188 0.359876 0.186611 0.203785
1 0.085741 0.817309 0.171481 0.355540
1 0.078000 0.910069 0.156000 0.174681
1 0.232987 0.564745 0.201674 0.203785
1 0.405372 0.551738 0.174895 0.184274
1 0.580268 0.336029 0.173222 0.197281
1 0.584033 0.523555 0.175732 0.190778
1 0.241774 0.749019 0.189121 0.201617
1 0.410393 0.728966 0.176569 0.187526
1 0.599515 0.719210 0.201674 0.230884
1 0.250979 0.910530 0.177406 0.169098
1 0.426293 0.893728 0.205021 0.204869
1 0.608301 0.906194 0.190795 0.182106
1 0.676921 0.333319 0.025105 0.174518
1 0.814159 0.293212 0.254393 0.230884
1 0.678594 0.493204 0.025105 0.171266
1 0.700770 0.489952 0.025941 0.173434
1 0.840937 0.480196 0.264435 0.231968
1 0.691983 0.598348 0.036820 0.054198
1 0.843866 0.680729 0.287029 0.223297
1 0.718762 0.835736 0.035146 0.179938
1 0.859766 0.871507 0.256904 0.225464
1 0.727967 0.946300 0.045188 0.095389
1 0.873862 0.969606 0.248276 0.050946
1 0.985577 0.465833 0.024845 0.154465
