1 0.484000 0.136824 0.276000 0.136261
1 0.338000 0.266892 0.268000 0.128378
1 0.601000 0.268581 0.262000 0.127252
1 0.731000 0.387387 0.262000 0.123874
1 0.825000 0.499437 0.186000 0.140766
1 0.826000 0.623874 0.172000 0.112613
1 0.943000 0.697635 0.114000 0.156532
1 0.932000 0.821509 0.136000 0.088964
1 0.795000 0.818131 0.170000 0.093468
1 0.815000 0.726351 0.174000 0.094595
1 0.642000 0.817005 0.168000 0.093468
1 0.652000 0.721847 0.168000 0.101351
1 0.660000 0.621622 0.172000 0.105856
1 0.652000 0.507883 0.176000 0.119369
1 0.480000 0.389640 0.252000 0.117117
1 0.480000 0.815878 0.156000 0.093468
1 0.492000 0.719595 0.160000 0.099099
1 0.495000 0.618243 0.166000 0.110360
1 0.482000 0.506194 0.172000 0.120495
1 0.322000 0.812500 0.156000 0.091216
1 0.327000 0.717905 0.162000 0.097973
1 0.325000 0.614865 0.166000 0.108108
1 0.314000 0.502815 0.168000 0.118243
1 0.166000 0.810248 0.160000 0.091216
1 0.157000 0.716216 0.174000 0.099099
1 0.155000 0.614865 0.178000 0.108108
1 0.143000 0.496059 0.186000 0.134009
1 0.219000 0.380631 0.266000 0.123874
