1 0.135382 0.073171 0.135772 0.146341
1 0.303268 0.085095 0.211382 0.161518
1 0.386602 0.058537 0.065854 0.114905
1 0.220748 0.153930 0.311382 0.214634
1 0.609366 0.077507 0.402439 0.155014
1 0.115463 0.326287 0.147967 0.192954
1 0.278472 0.286721 0.194309 0.220054
1 0.464244 0.253117 0.217886 0.261247
1 0.704081 0.232520 0.269919 0.328455
1 0.218715 0.474255 0.318699 0.200542
1 0.586602 0.425474 0.425203 0.252575
1 0.815057 0.481843 0.030081 0.170190
1 0.183756 0.657453 0.268293 0.204878
1 0.426439 0.661789 0.226829 0.222222
1 0.682130 0.668835 0.287805 0.255827
1 0.199610 0.844986 0.278862 0.204878
1 0.556114 0.876423 0.437398 0.241734
1 0.791886 0.871003 0.040650 0.148509
