1 0.289101 0.041284 0.578203 0.079569
1 0.187623 0.137018 0.372464 0.190122
1 0.573855 0.122352 0.455072 0.239011
1 0.875058 0.123688 0.245884 0.247376
1 0.185478 0.289660 0.370957 0.154271
1 0.565159 0.342351 0.388406 0.244443
1 0.854768 0.384666 0.286464 0.292137
1 0.069536 0.424777 0.139072 0.183886
1 0.248493 0.428177 0.244928 0.142320
1 0.065159 0.577559 0.124638 0.154271
1 0.227478 0.551485 0.202899 0.149925
1 0.507188 0.521609 0.356522 0.261826
1 0.825058 0.621287 0.345884 0.328640
1 0.069507 0.709558 0.133333 0.155357
1 0.226029 0.669361 0.194203 0.151011
1 0.482551 0.673707 0.327536 0.270517
1 0.806217 0.824175 0.383565 0.347652
1 0.410087 0.788323 0.205797 0.191209
1 0.832000 0.951535 0.228000 0.093931
1 0.570232 0.897508 0.320290 0.198814
