0 0.127000 0.212593 0.254000 0.211852
0 0.137000 0.416296 0.270000 0.201481
0 0.147000 0.611852 0.286000 0.216296
0 0.160000 0.797778 0.296000 0.229630
0 0.380000 0.236296 0.268000 0.188148
0 0.393000 0.416296 0.246000 0.174815
0 0.391000 0.580000 0.238000 0.182222
0 0.412000 0.748148 0.252000 0.210370
0 0.612000 0.705185 0.200000 0.168889
0 0.606000 0.558519 0.200000 0.157037
0 0.622000 0.410370 0.196000 0.160000
0 0.624000 0.251852 0.204000 0.165926
0 0.271000 0.120000 0.118000 0.050370
0 0.842000 0.131852 0.232000 0.148148
0 0.839000 0.266667 0.238000 0.142222
0 0.843000 0.408148 0.246000 0.140741
0 0.833000 0.545926 0.254000 0.155556
0 0.838000 0.679259 0.256000 0.170370
