0 0.099330 0.218333 0.198661 0.193333
0 0.185268 0.125833 0.138393 0.011667
0 0.349330 0.127500 0.203125 0.015000
0 0.526786 0.130833 0.147321 0.018333
0 0.680804 0.135000 0.205357 0.016667
0 0.282366 0.230833 0.287946 0.221667
0 0.513393 0.230000 0.200893 0.190000
0 0.695312 0.231667 0.216518 0.186667
0 0.879464 0.230000 0.209821 0.193333
0 0.117188 0.420000 0.229911 0.213333
0 0.329241 0.414167 0.203125 0.195000
0 0.550223 0.415000 0.256696 0.196667
0 0.800223 0.416667 0.279018 0.190000
0 0.121652 0.618333 0.243304 0.220000
0 0.356027 0.584167 0.243304 0.151667
0 0.588170 0.570833 0.234375 0.165000
0 0.814732 0.505833 0.218750 0.021667
0 0.840402 0.625833 0.314732 0.228333
