0 0.725806 0.209091 0.241935 0.054545
0 0.419355 0.193182 0.354839 0.077273
0 0.120968 0.193182 0.241935 0.086364
0 0.818548 0.322727 0.362903 0.181818
0 0.548387 0.325000 0.177419 0.186364
0 0.366935 0.325000 0.169355 0.186364
0 0.189516 0.327273 0.201613 0.190909
0 0.052419 0.331818 0.104839 0.181818
0 0.931452 0.500000 0.137097 0.172727
0 0.774194 0.497727 0.177419 0.168182
0 0.608871 0.493182 0.169355 0.177273
0 0.435484 0.500000 0.177419 0.163636
0 0.173387 0.511364 0.346774 0.177273
0 0.814516 0.661364 0.370968 0.150000
0 0.548387 0.663636 0.161290 0.163636
0 0.375000 0.665909 0.169355 0.168182
0 0.213710 0.670455 0.185484 0.159091
0 0.068548 0.677273 0.137097 0.163636
0 0.883065 0.809091 0.153226 0.145455
0 0.729839 0.809091 0.153226 0.145455
0 0.572581 0.811364 0.161290 0.150000
0 0.415323 0.822727 0.169355 0.154545
0 0.161290 0.831818 0.322581 0.154545
