0 0.229000 0.210667 0.146000 0.293333
0 0.371000 0.202667 0.142000 0.298667
0 0.510000 0.197333 0.144000 0.298667
0 0.226000 0.504000 0.148000 0.298667
0 0.371000 0.498667 0.142000 0.304000
0 0.512000 0.497333 0.144000 0.301333
0 0.226000 0.806667 0.148000 0.312000
0 0.369000 0.805333 0.146000 0.314667
0 0.513000 0.804000 0.146000 0.312000
0 0.654000 0.197333 0.144000 0.298667
0 0.795000 0.201333 0.146000 0.306667
0 0.655000 0.497333 0.146000 0.301333
0 0.798000 0.504000 0.144000 0.304000
0 0.657000 0.805333 0.146000 0.314667
0 0.801000 0.808000 0.146000 0.309333
