0 0.098052 0.131494 0.194084 0.258658
0 0.251010 0.114177 0.172439 0.224026
0 0.402165 0.114177 0.158730 0.221861
0 0.558730 0.115801 0.158730 0.229437
0 0.709885 0.109848 0.165224 0.217532
0 0.101515 0.375649 0.203030 0.303247
0 0.260750 0.325758 0.158730 0.209957
0 0.400361 0.329004 0.153680 0.205628
0 0.550072 0.331710 0.144300 0.204545
0 0.692208 0.326840 0.158730 0.207792
0 0.073160 0.635281 0.144300 0.225108
0 0.229726 0.580628 0.225108 0.319264
0 0.404329 0.514610 0.139971 0.180736
0 0.543579 0.517316 0.141414 0.181818
0 0.714574 0.587121 0.220779 0.323593
0 0.078066 0.843939 0.156133 0.203030
0 0.214574 0.840368 0.176046 0.200216
0 0.383045 0.772727 0.175325 0.339827
0 0.542857 0.766234 0.164502 0.331169
0 0.697258 0.771645 0.190476 0.341991
0 0.078571 0.968615 0.156566 0.051948
0 0.230808 0.967424 0.156566 0.056061
0 0.384488 0.964719 0.156566 0.061472
0 0.537807 0.965801 0.154401 0.059307
0 0.697619 0.955087 0.166667 0.072511
0 0.801154 0.074134 0.041847 0.146104
0 0.906854 0.082792 0.178211 0.161255
0 0.788528 0.261364 0.049784 0.271645
0 0.895455 0.304654 0.203030 0.308442
0 0.773737 0.402597 0.030303 0.099567
0 0.888240 0.563961 0.217460 0.335714
0 0.888600 0.825216 0.216739 0.250000
0 0.876190 0.933442 0.202020 0.120130
0 0.984560 0.968615 0.024820 0.047619
