0 0.422149 0.052882 0.768311 0.103649
0 0.893267 0.052882 0.204883 0.101534
0 0.881306 0.173797 0.228805 0.134691
0 0.877788 0.302882 0.235840 0.121893
0 0.419334 0.297726 0.689510 0.121629
0 0.420742 0.172924 0.723282 0.132205
0 0.879899 0.404892 0.231619 0.080751
0 0.443960 0.494368 0.887920 0.282232
0 0.921410 0.656267 0.148596 0.235854
0 0.428481 0.707615 0.856962 0.146060
0 0.419334 0.838710 0.838669 0.129032
0 0.905931 0.839238 0.179554 0.130090
0 0.897488 0.948387 0.196440 0.090323
0 0.403152 0.948176 0.806304 0.094130
0 0.937592 0.506267 0.116232 0.064886
