0 0.635870 0.053333 0.728261 0.106667
0 0.625000 0.220000 0.750000 0.233333
0 0.902174 0.451667 0.195652 0.230000
0 0.426630 0.440000 0.407609 0.220000
0 0.888587 0.668333 0.222826 0.210000
0 0.413043 0.641667 0.358696 0.210000
0 0.385870 0.835000 0.347826 0.216667
0 0.869565 0.875000 0.228261 0.230000
0 0.475543 0.958333 0.559783 0.083333
0 0.103261 0.935000 0.206522 0.130000
0 0.122283 0.788333 0.244565 0.183333
0 0.122283 0.613333 0.233696 0.193333
0 0.122283 0.425000 0.233696 0.196667
0 0.127717 0.223333 0.244565 0.206667
0 0.133152 0.061667 0.244565 0.123333
