0 0.892000 0.946027 0.216000 0.107946
0 0.956000 0.804348 0.088000 0.232384
0 0.895000 0.559220 0.210000 0.269865
0 0.974000 0.284108 0.052000 0.292354
0 0.833000 0.286357 0.238000 0.290855
0 0.578000 0.535232 0.344000 0.266867
0 0.256000 0.507496 0.288000 0.256372
0 0.389000 0.267616 0.214000 0.271364
0 0.604000 0.277361 0.224000 0.278861
0 0.195000 0.262369 0.186000 0.257871
0 0.615000 0.070465 0.246000 0.140930
0 0.341000 0.107946 0.166000 0.047976
0 0.175000 0.110945 0.166000 0.044978
0 0.062000 0.250375 0.088000 0.110945
0 0.045000 0.357571 0.078000 0.106447
0 0.094000 0.356822 0.036000 0.107946
0 0.080000 0.457271 0.072000 0.095952
0 0.077000 0.552474 0.086000 0.103448
0 0.226000 0.720390 0.164000 0.226387
0 0.402000 0.745877 0.200000 0.241379
0 0.599000 0.769865 0.206000 0.250375
0 0.801000 0.766867 0.226000 0.298351
0 0.273000 0.904048 0.262000 0.191904
0 0.574000 0.930285 0.292000 0.139430
