0 0.224000 0.244745 0.124000 0.297297
0 0.331000 0.237237 0.130000 0.300300
0 0.440000 0.229730 0.116000 0.291291
0 0.540000 0.220721 0.124000 0.297297
0 0.638000 0.216216 0.144000 0.294294
0 0.742000 0.214715 0.160000 0.291291
0 0.241000 0.504505 0.122000 0.240240
0 0.345000 0.501502 0.110000 0.240240
0 0.447000 0.496997 0.110000 0.255255
0 0.548000 0.490991 0.104000 0.255255
0 0.646000 0.481982 0.100000 0.249249
0 0.748000 0.472973 0.112000 0.225225
0 0.262000 0.731231 0.116000 0.225225
0 0.359000 0.729730 0.114000 0.222222
0 0.458000 0.725225 0.104000 0.219219
0 0.551000 0.717718 0.098000 0.216216
0 0.650000 0.702703 0.104000 0.234234
0 0.748000 0.687688 0.112000 0.246246
0 0.283000 0.921922 0.114000 0.156156
0 0.378000 0.917417 0.104000 0.165165
0 0.471000 0.911411 0.102000 0.177177
0 0.562000 0.906907 0.104000 0.186186
0 0.657000 0.905405 0.094000 0.189189
0 0.752000 0.900901 0.100000 0.198198
0 0.836000 0.942943 0.076000 0.114114
0 0.926000 0.963964 0.104000 0.072072
0 0.988000 0.972973 0.024000 0.054054
