0 0.472000 0.241379 0.840000 0.179910
0 0.457000 0.425037 0.830000 0.169415
0 0.463000 0.600450 0.826000 0.181409
0 0.460000 0.767616 0.808000 0.200900
0 0.027000 0.620690 0.054000 0.092954
0 0.050000 0.526237 0.100000 0.095952
0 0.024000 0.430285 0.048000 0.098951
0 0.051000 0.326837 0.098000 0.107946
0 0.938000 0.559970 0.124000 0.136432
0 0.961000 0.586957 0.078000 0.166417
0 0.899000 0.687406 0.046000 0.139430
0 0.956000 0.732384 0.088000 0.178411
0 0.950000 0.257121 0.100000 0.085457
0 0.950000 0.325337 0.100000 0.080960
0 0.950000 0.374813 0.100000 0.029985
0 0.886000 0.314843 0.036000 0.152924
