0 0.090634 0.113120 0.181267 0.145661
0 0.076171 0.260331 0.152342 0.136364
0 0.071763 0.393595 0.141873 0.138430
0 0.071074 0.518079 0.140496 0.129132
0 0.071350 0.634298 0.142700 0.113636
0 0.075207 0.740186 0.148760 0.116736
0 0.077273 0.842975 0.147383 0.107438
0 0.080028 0.940909 0.155647 0.109091
0 0.345868 0.034607 0.331956 0.067149
0 0.334160 0.144628 0.325069 0.142562
0 0.319008 0.285124 0.308540 0.136364
0 0.302479 0.414256 0.303030 0.138430
0 0.297658 0.538223 0.290634 0.134298
0 0.290771 0.652376 0.274105 0.127066
0 0.293526 0.764463 0.276860 0.126033
0 0.292837 0.874483 0.264463 0.125000
0 0.292424 0.953822 0.263636 0.083264
0 0.715702 0.057335 0.366391 0.106405
0 0.684022 0.170455 0.360882 0.175620
0 0.653719 0.318698 0.341598 0.168388
0 0.625482 0.447831 0.326446 0.158058
0 0.603444 0.573347 0.315427 0.144628
0 0.583471 0.689050 0.300275 0.136364
0 0.582782 0.792872 0.285124 0.135331
0 0.571763 0.899277 0.276860 0.122934
0 0.567769 0.965702 0.262810 0.059504
0 0.916804 0.168698 0.154270 0.153512
0 0.899587 0.318595 0.188705 0.153719
0 0.889945 0.455992 0.207989 0.151653
0 0.875482 0.588843 0.236915 0.140496
0 0.867218 0.710640 0.253444 0.142355
0 0.861019 0.822314 0.265840 0.128099
0 0.851377 0.929545 0.285124 0.131818
