0 0.037000 0.108696 0.074000 0.133433
0 0.164000 0.089955 0.220000 0.143928
0 0.411000 0.072714 0.314000 0.145427
0 0.595000 0.059220 0.066000 0.118441
0 0.649000 0.069715 0.050000 0.076462
0 0.631000 0.053223 0.138000 0.103448
0 0.667000 0.029235 0.130000 0.055472
0 0.075000 0.226387 0.150000 0.134933
0 0.248000 0.209145 0.240000 0.139430
0 0.439000 0.194153 0.170000 0.145427
0 0.603000 0.188156 0.194000 0.166417
0 0.848000 0.166417 0.304000 0.188906
0 0.084000 0.340330 0.168000 0.128936
0 0.267000 0.329835 0.234000 0.128936
0 0.450000 0.329085 0.160000 0.130435
0 0.612000 0.330585 0.184000 0.145427
0 0.848000 0.323088 0.300000 0.160420
0 0.058000 0.452024 0.116000 0.103448
0 0.201000 0.452774 0.210000 0.116942
0 0.418000 0.455772 0.236000 0.125937
0 0.662000 0.469265 0.264000 0.134933
0 0.896000 0.473013 0.208000 0.154423
0 0.077000 0.553973 0.134000 0.100450
0 0.229000 0.560720 0.210000 0.110945
0 0.433000 0.573463 0.234000 0.130435
0 0.668000 0.595952 0.260000 0.136432
0 0.895000 0.615442 0.210000 0.154423
0 0.115000 0.654423 0.190000 0.112444
0 0.303000 0.670915 0.214000 0.124438
0 0.482000 0.687406 0.160000 0.118441
0 0.632000 0.706897 0.160000 0.124438
0 0.853000 0.744378 0.286000 0.172414
0 0.136000 0.755622 0.184000 0.110945
0 0.320000 0.775112 0.208000 0.128936
0 0.497000 0.797601 0.154000 0.119940
0 0.647000 0.816342 0.158000 0.130435
0 0.143000 0.843328 0.178000 0.118441
0 0.330000 0.869565 0.204000 0.116942
0 0.499000 0.898051 0.150000 0.119940
0 0.652000 0.924288 0.160000 0.136432
0 0.864000 0.881559 0.272000 0.179910
0 0.863000 0.962519 0.270000 0.074963
0 0.009000 0.603448 0.018000 0.085457
0 0.028000 0.761619 0.056000 0.248876
0 0.033000 0.925787 0.066000 0.142429
0 0.149000 0.015742 0.130000 0.031484
