0 0.021146 0.142797 0.042293 0.253073
0 0.141073 0.135501 0.273984 0.266667
0 0.314244 0.150136 0.241463 0.295935
0 0.544732 0.148509 0.221138 0.294851
0 0.765870 0.132249 0.240650 0.257995
0 0.934374 0.134667 0.127252 0.258667
0 0.030504 0.387534 0.059350 0.243902
0 0.132943 0.372900 0.210569 0.260163
0 0.331724 0.416802 0.219512 0.252575
0 0.541886 0.426016 0.220325 0.262331
0 0.762211 0.387534 0.215447 0.263415
0 0.927870 0.413084 0.140260 0.288499
0 0.048797 0.599458 0.095935 0.195122
0 0.166276 0.614634 0.205691 0.227642
0 0.348390 0.635230 0.187805 0.195122
0 0.542699 0.650407 0.204065 0.212466
0 0.754081 0.640108 0.208943 0.246070
0 0.918114 0.663957 0.159772 0.272087
0 0.074000 0.781572 0.147967 0.173442
0 0.023187 0.914363 0.046341 0.131165
0 0.107862 0.920889 0.152276 0.152889
0 0.219935 0.811924 0.165041 0.162602
0 0.371561 0.820596 0.159350 0.179946
0 0.541480 0.844986 0.180488 0.211382
0 0.745138 0.869940 0.200813 0.254786
0 0.911610 0.887827 0.172780 0.219014
0 0.240667 0.940379 0.143089 0.109485
0 0.554894 0.962602 0.184553 0.067209
0 0.382130 0.943631 0.162602 0.102981
0 0.732000 0.986472 0.172000 0.021724
