0 0.225971 0.031013 0.451125 0.060797
0 0.222495 0.170876 0.444990 0.200507
0 0.223517 0.364168 0.445399 0.201428
0 0.223926 0.546252 0.447853 0.189760
0 0.221881 0.704846 0.442127 0.183312
0 0.239468 0.848394 0.447035 0.195287
0 0.708384 0.893225 0.488344 0.203271
0 0.700000 0.719431 0.485481 0.186076
0 0.710634 0.546252 0.521472 0.194673
0 0.720450 0.355877 0.543558 0.205113
0 0.719632 0.138175 0.556646 0.226607
0 0.965013 0.722924 0.065974 0.184783
0 0.967627 0.905538 0.060745 0.185921
0 0.974475 0.548977 0.047051 0.184328
