0 0.245891 0.491473 0.112403 0.168475
0 0.349380 0.352972 0.113178 0.147804
0 0.453643 0.356072 0.109302 0.158140
0 0.557907 0.354005 0.111628 0.156072
0 0.664109 0.347804 0.103876 0.156072
0 0.664884 0.502326 0.106977 0.146770
0 0.558682 0.502326 0.105426 0.144703
0 0.454806 0.503359 0.105426 0.144703
0 0.351318 0.503359 0.107752 0.146770
0 0.252868 0.648062 0.113953 0.144703
0 0.355969 0.646512 0.104651 0.141602
0 0.457132 0.644961 0.105426 0.136434
0 0.558682 0.645478 0.102326 0.137468
0 0.662558 0.647028 0.103876 0.138501
0 0.764884 0.644961 0.106977 0.142636
0 0.770698 0.495090 0.110853 0.167442
0 0.872248 0.626873 0.113953 0.174677
0 0.867209 0.782429 0.111628 0.136434
0 0.766822 0.782429 0.103101 0.136434
0 0.666434 0.780362 0.096124 0.130233
0 0.567984 0.779845 0.102326 0.131266
0 0.464496 0.779845 0.101550 0.131266
0 0.362171 0.780879 0.107752 0.131266
0 0.261783 0.782946 0.110078 0.125065
