0 0.203469 0.269669 0.214102 0.158266
0 0.385745 0.257745 0.208315 0.164770
0 0.584657 0.137420 0.198189 0.136585
0 0.584657 0.268043 0.201082 0.144173
0 0.788632 0.247447 0.215548 0.148509
0 0.168027 0.418179 0.232908 0.145257
0 0.377065 0.410049 0.196742 0.139837
0 0.584657 0.412759 0.218442 0.149593
0 0.799482 0.389995 0.234355 0.153930
0 0.156453 0.561810 0.221335 0.152846
0 0.370555 0.553138 0.221335 0.161518
0 0.586104 0.563436 0.224228 0.153930
0 0.809609 0.547176 0.240141 0.160434
0 0.131137 0.724954 0.219888 0.169106
0 0.352472 0.715740 0.231461 0.170190
0 0.581764 0.729832 0.232908 0.172358
0 0.824075 0.718450 0.248821 0.171274
0 0.124627 0.892434 0.218442 0.174526
0 0.353196 0.893518 0.235801 0.183198
0 0.591890 0.905442 0.244481 0.178862
0 0.835648 0.901106 0.263287 0.191870
0 0.500304 0.499333 0.995834 0.993333
