0 0.363000 0.125000 0.350000 0.158000
0 0.714000 0.120000 0.344000 0.168000
0 0.190000 0.277000 0.308000 0.150000
0 0.503000 0.278000 0.326000 0.156000
0 0.838000 0.275000 0.324000 0.162000
0 0.197000 0.418000 0.302000 0.140000
0 0.498000 0.426000 0.308000 0.148000
0 0.829000 0.431000 0.342000 0.150000
0 0.200000 0.549000 0.292000 0.142000
0 0.497000 0.564000 0.310000 0.144000
0 0.811000 0.573000 0.334000 0.146000
0 0.206000 0.675000 0.284000 0.138000
0 0.496000 0.693000 0.300000 0.138000
0 0.798000 0.704000 0.316000 0.136000
0 0.212000 0.793000 0.280000 0.142000
0 0.493000 0.812000 0.294000 0.136000
0 0.787000 0.826000 0.306000 0.128000
0 0.218000 0.905000 0.264000 0.130000
0 0.492000 0.926000 0.280000 0.124000
0 0.779000 0.939000 0.294000 0.118000
0 0.025000 0.508000 0.050000 0.080000
0 0.028000 0.564000 0.056000 0.092000
0 0.031000 0.625000 0.062000 0.086000
