0 0.139000 0.337615 0.202000 0.168807
0 0.351000 0.342202 0.230000 0.174312
0 0.571000 0.347706 0.226000 0.181651
0 0.838000 0.324771 0.292000 0.245872
0 0.121000 0.505505 0.218000 0.181651
0 0.336000 0.518349 0.220000 0.177982
0 0.579000 0.523853 0.230000 0.185321
0 0.812000 0.530275 0.232000 0.183486
0 0.109000 0.681651 0.218000 0.185321
0 0.361000 0.705505 0.238000 0.203670
0 0.598000 0.710092 0.228000 0.198165
0 0.815000 0.710092 0.206000 0.183486
0 0.126000 0.866055 0.236000 0.209174
0 0.357000 0.896330 0.234000 0.177982
0 0.584000 0.897248 0.240000 0.198165
0 0.825000 0.894495 0.230000 0.211009
