0 0.236174 0.008965 0.060870 0.017409
0 0.144174 0.093974 0.288348 0.187427
0 0.357188 0.038887 0.172464 0.077251
0 0.507188 0.060648 0.127536 0.120773
0 0.623855 0.082408 0.100000 0.157766
0 0.712986 0.116682 0.086957 0.134918
0 0.859362 0.105801 0.226087 0.143622
0 0.984000 0.131371 0.026087 0.116421
0 0.365159 0.119402 0.171014 0.179527
0 0.514435 0.162380 0.124638 0.163207
0 0.621681 0.193389 0.104348 0.149062
0 0.712261 0.222766 0.094203 0.120773
0 0.860812 0.211342 0.231884 0.137094
0 0.984000 0.222766 0.026087 0.077251
0 0.152145 0.229839 0.304290 0.184968
0 0.385449 0.264656 0.159420 0.158855
0 0.520232 0.290225 0.115942 0.140358
0 0.626754 0.311442 0.097101 0.128389
0 0.707913 0.325586 0.073913 0.119685
0 0.841971 0.320690 0.194203 0.118597
0 0.954043 0.315315 0.087913 0.114114
0 0.152841 0.380533 0.302899 0.162119
0 0.376029 0.395765 0.157971 0.142534
0 0.517333 0.409910 0.121739 0.127301
0 0.623855 0.416982 0.100000 0.117509
0 0.709362 0.422422 0.079710 0.104452
0 0.822406 0.420790 0.163768 0.099012
0 0.949696 0.422673 0.096609 0.106607
0 0.154290 0.535035 0.294203 0.155590
0 0.382551 0.528507 0.159420 0.140358
0 0.515884 0.526331 0.118841 0.114245
0 0.617333 0.524155 0.095652 0.105540
0 0.709362 0.521434 0.082609 0.102276
0 0.825304 0.525787 0.160870 0.110981
0 0.945348 0.532239 0.105304 0.121709
0 0.152116 0.680833 0.284058 0.175175
0 0.372406 0.661248 0.147826 0.142534
0 0.511536 0.645472 0.124638 0.126213
0 0.620957 0.632959 0.094203 0.112069
0 0.710087 0.621535 0.084058 0.106628
0 0.820957 0.622079 0.134783 0.112069
0 0.943174 0.645472 0.109652 0.132741
0 0.158638 0.824455 0.285507 0.186056
0 0.371681 0.788005 0.157971 0.161031
0 0.508638 0.759716 0.118841 0.130565
0 0.614435 0.738499 0.095652 0.129477
0 0.776029 0.734147 0.239130 0.155590
0 0.160812 0.928363 0.286957 0.137094
0 0.369507 0.913381 0.136232 0.170235
0 0.570232 0.901412 0.268116 0.194172
0 0.774580 0.856008 0.239130 0.140358
0 0.612986 0.804870 0.089855 0.055490
0 0.419507 0.974605 0.204348 0.042434
0 0.752116 0.944140 0.107246 0.107716
0 0.678203 0.983853 0.055072 0.023937
0 0.852116 0.940876 0.092754 0.114245
0 0.946072 0.749848 0.103855 0.136941
0 0.941725 0.856672 0.112551 0.139509
0 0.941725 0.937318 0.112551 0.122361
