0 0.014028 0.148485 0.028056 0.296970
0 0.122244 0.027273 0.196393 0.054545
0 0.115230 0.154545 0.198397 0.296970
0 0.017034 0.445455 0.034068 0.290909
0 0.063126 0.442424 0.074148 0.284848
0 0.257515 0.427273 0.326653 0.315152
0 0.257515 0.012121 0.074148 0.024242
0 0.357715 0.156061 0.290581 0.312121
0 0.161323 0.771212 0.322645 0.390909
0 0.096192 0.962121 0.192385 0.075758
0 0.313627 0.912121 0.242485 0.175758
0 0.419840 0.695455 0.202405 0.287879
0 0.518036 0.877273 0.174349 0.245455
0 0.258517 0.013636 0.076152 0.027273
0 0.431864 0.022727 0.118236 0.045455
0 0.540080 0.046970 0.094188 0.093939
0 0.628257 0.074242 0.078156 0.142424
0 0.702405 0.089394 0.070140 0.112121
0 0.764529 0.127273 0.054108 0.109091
0 0.821643 0.142424 0.056112 0.096970
0 0.873747 0.162121 0.044088 0.100000
0 0.913828 0.175758 0.040080 0.084848
0 0.581162 0.207576 0.160321 0.245455
0 0.507014 0.427273 0.180361 0.248485
0 0.591182 0.648485 0.152305 0.236364
0 0.658317 0.430303 0.126253 0.206061
0 0.716433 0.612121 0.102204 0.200000
0 0.664329 0.830303 0.118236 0.248485
0 0.767535 0.769697 0.100200 0.200000
0 0.713427 0.236364 0.108216 0.187879
0 0.819639 0.268182 0.104208 0.178788
0 0.904810 0.283333 0.066132 0.148485
0 0.860721 0.428788 0.082164 0.154545
0 0.771543 0.422727 0.100200 0.178788
0 0.932866 0.428788 0.058116 0.136364
0 0.814629 0.590909 0.094188 0.169697
0 0.861723 0.734848 0.092184 0.178788
0 0.901804 0.575758 0.076152 0.151515
0 0.960922 0.554545 0.050100 0.139394
0 0.936874 0.701515 0.066132 0.154545
0 0.983968 0.677273 0.032064 0.136364
