0 0.066361 0.088515 0.132722 0.174969
0 0.270866 0.086082 0.294845 0.170103
0 0.524474 0.084021 0.243299 0.163918
0 0.734784 0.092784 0.185567 0.179381
0 0.912268 0.020103 0.171464 0.040206
0 0.911753 0.101536 0.172495 0.135072
0 0.780144 0.263918 0.268041 0.195876
0 0.954536 0.252165 0.086928 0.184330
0 0.466227 0.265464 0.370103 0.227835
0 0.146773 0.278567 0.293546 0.214866
0 0.084402 0.478175 0.168804 0.199649
0 0.295093 0.474742 0.254639 0.196907
0 0.548701 0.463402 0.240206 0.207216
0 0.804371 0.459278 0.273196 0.225773
0 0.968454 0.450381 0.059093 0.216763
0 0.837526 0.664082 0.320948 0.216165
0 0.495608 0.638144 0.356701 0.243299
0 0.480660 0.827320 0.353608 0.240206
0 0.158113 0.669052 0.316227 0.197897
0 0.152959 0.857216 0.305918 0.190722
0 0.804371 0.859794 0.283505 0.274227
0 0.963814 0.870000 0.068371 0.200000
