0 0.147603 0.175207 0.295207 0.306336
0 0.158678 0.457961 0.307438 0.268871
0 0.175207 0.701488 0.293554 0.243747
0 0.187281 0.909686 0.269438 0.175295
0 0.455207 0.915416 0.267769 0.163835
0 0.462645 0.723967 0.280661 0.240220
0 0.456860 0.476694 0.298843 0.270193
0 0.453719 0.191736 0.326942 0.323526
0 0.449917 0.021818 0.324628 0.042755
0 0.773223 0.201873 0.343140 0.317355
0 0.749256 0.478678 0.311074 0.264463
0 0.739008 0.725950 0.296529 0.247713
0 0.717273 0.915416 0.274545 0.163835
0 0.917000 0.926215 0.162000 0.142237
0 0.926107 0.746733 0.143785 0.245201
0 0.935033 0.498270 0.125934 0.272793
0 0.950074 0.216617 0.095851 0.302766
0 0.879174 0.033278 0.201983 0.066556
0 0.695041 0.025124 0.164298 0.048485
0 0.139679 0.012024 0.279359 0.022979
