0 0.839394 0.806818 0.321212 0.386364
0 0.430303 0.556818 0.339394 0.359091
0 0.393939 0.840909 0.303030 0.290909
0 0.448485 0.845455 0.339394 0.309091
0 0.909091 0.106818 0.181818 0.159091
0 0.896970 0.327273 0.206061 0.272727
0 0.893939 0.575000 0.212121 0.240909
0 0.681818 0.093182 0.260606 0.159091
0 0.700000 0.309091 0.236364 0.281818
0 0.687879 0.565909 0.212121 0.231818
0 0.481818 0.250000 0.212121 0.136364
0 0.478788 0.354545 0.206061 0.081818
0 0.181818 0.261364 0.303030 0.295455
0 0.318182 0.125000 0.345455 0.159091
