0 0.084739 0.159308 0.103970 0.152701
0 0.189578 0.159492 0.105707 0.151600
0 0.298015 0.159308 0.109181 0.151967
0 0.264268 0.368354 0.171216 0.267594
0 0.100124 0.367987 0.164020 0.266860
0 0.102854 0.630992 0.165509 0.262088
0 0.106203 0.878621 0.161290 0.236841
0 0.269603 0.631910 0.169975 0.267594
0 0.270720 0.880824 0.166253 0.232436
0 0.405201 0.096303 0.103020 0.139986
0 0.404444 0.236070 0.108333 0.146696
0 0.512083 0.236275 0.105833 0.147929
0 0.616528 0.238946 0.104167 0.150805
0 0.443472 0.424679 0.171389 0.230523
0 0.441111 0.653764 0.170000 0.229290
0 0.437778 0.881616 0.166667 0.229701
0 0.613056 0.426529 0.170000 0.233399
0 0.609444 0.654586 0.168889 0.225181
0 0.602194 0.881492 0.168389 0.231098
0 0.705417 0.223332 0.095833 0.145874
0 0.730278 0.340853 0.129444 0.138478
0 0.745278 0.477482 0.100000 0.138889
0 0.772181 0.653353 0.162139 0.218606
0 0.761806 0.880054 0.163611 0.233974
0 0.795375 0.216161 0.083250 0.123151
0 0.876375 0.220414 0.079250 0.121302
0 0.955250 0.226516 0.078000 0.116494
0 0.843375 0.345599 0.094750 0.135725
0 0.938125 0.351331 0.095250 0.136834
0 0.841125 0.479105 0.098750 0.135725
0 0.936125 0.482618 0.092250 0.135355
0 0.922875 0.655141 0.150250 0.215607
0 0.915875 0.879253 0.159750 0.235577
