0 0.874000 0.829333 0.252000 0.341333
0 0.669000 0.816000 0.218000 0.368000
0 0.464000 0.812000 0.216000 0.376000
0 0.272000 0.805333 0.256000 0.389333
0 0.106000 0.805333 0.212000 0.389333
0 0.887000 0.149333 0.226000 0.298667
0 0.875000 0.473333 0.250000 0.370667
0 0.688000 0.154667 0.228000 0.309333
0 0.680000 0.464000 0.216000 0.330667
0 0.483000 0.148000 0.202000 0.296000
0 0.483000 0.460000 0.198000 0.338667
0 0.293000 0.446667 0.222000 0.333333
0 0.114000 0.440000 0.228000 0.346667
0 0.288000 0.142667 0.216000 0.285333
0 0.110000 0.132000 0.220000 0.264000
