0 0.633379 0.179393 0.511724 0.302952
0 0.267172 0.874063 0.413793 0.248876
0 0.240966 0.695859 0.480000 0.268831
0 0.235448 0.464251 0.468966 0.345345
0 0.603724 0.430130 0.438621 0.264695
0 0.651310 0.629168 0.351724 0.240914
0 0.646483 0.810112 0.339310 0.222303
0 0.897414 0.776508 0.201172 0.204725
0 0.894655 0.593393 0.206690 0.215272
0 0.896724 0.400662 0.202552 0.209895
0 0.898793 0.173525 0.198414 0.243654
0 0.192690 0.085819 0.234483 0.076513
0 0.158414 0.182805 0.316828 0.138138
0 0.186483 0.275552 0.340690 0.073412
