0 0.808245 0.242166 0.271429 0.178002
0 0.799571 0.388604 0.258163 0.160409
0 0.809776 0.533489 0.235714 0.135571
0 0.804163 0.657677 0.218367 0.127292
0 0.796000 0.774620 0.216327 0.129362
0 0.166408 0.093141 0.328571 0.182142
0 0.193449 0.278905 0.317347 0.195595
0 0.208245 0.419133 0.302041 0.099350
0 0.492429 0.086414 0.315306 0.170758
0 0.498041 0.265968 0.308163 0.206979
0 0.512837 0.413441 0.292857 0.104525
0 0.180653 0.608519 0.361306 0.279422
0 0.519469 0.610072 0.373469 0.294946
0 0.167429 0.844476 0.330612 0.182142
0 0.508755 0.848615 0.350000 0.184212
