0 0.105000 0.145333 0.210000 0.290667
0 0.332000 0.157333 0.280000 0.314667
0 0.558000 0.088000 0.188000 0.176000
0 0.701000 0.114667 0.126000 0.165333
0 0.169000 0.441333 0.338000 0.354667
0 0.388000 0.420000 0.132000 0.232000
0 0.080000 0.745333 0.160000 0.333333
0 0.288000 0.673333 0.280000 0.317333
0 0.150000 0.878667 0.300000 0.242667
0 0.345000 0.818667 0.122000 0.250667
0 0.303000 0.932000 0.170000 0.136000
0 0.515000 0.212000 0.122000 0.221333
0 0.615000 0.234667 0.118000 0.192000
0 0.523000 0.400000 0.170000 0.192000
0 0.624000 0.400000 0.060000 0.144000
0 0.471000 0.576000 0.114000 0.186667
0 0.577000 0.548000 0.118000 0.173333
0 0.480000 0.726667 0.176000 0.221333
0 0.587000 0.669333 0.066000 0.149333
0 0.492000 0.844000 0.232000 0.285333
0 0.482000 0.909333 0.224000 0.181333
0 0.685000 0.301333 0.094000 0.272000
0 0.666000 0.554667 0.112000 0.250667
0 0.653000 0.749333 0.134000 0.282667
0 0.742000 0.310667 0.096000 0.242667
0 0.724000 0.526667 0.056000 0.200000
0 0.793000 0.188000 0.098000 0.109333
0 0.808000 0.326667 0.100000 0.200000
0 0.757000 0.517333 0.066000 0.181333
0 0.746000 0.677333 0.096000 0.197333
0 0.795000 0.510667 0.070000 0.173333
0 0.824000 0.497333 0.048000 0.152000
0 0.802000 0.633333 0.060000 0.152000
0 0.852000 0.488000 0.060000 0.138667
0 0.860000 0.344000 0.064000 0.160000
0 0.897000 0.350667 0.058000 0.141333
0 0.859000 0.225333 0.066000 0.093333
0 0.894000 0.252000 0.032000 0.061333
0 0.918000 0.261333 0.032000 0.048000
0 0.845000 0.600000 0.062000 0.149333
0 0.883000 0.478667 0.042000 0.114667
0 0.955000 0.274667 0.058000 0.053333
0 0.941000 0.321333 0.042000 0.061333
0 0.929000 0.377333 0.042000 0.056000
0 0.916000 0.430667 0.044000 0.050667
0 0.908000 0.481333 0.048000 0.061333
0 0.894000 0.532000 0.048000 0.056000
0 0.884000 0.578667 0.052000 0.074667
0 0.971000 0.332000 0.038000 0.066667
0 0.958000 0.378667 0.036000 0.053333
0 0.947000 0.428000 0.038000 0.045333
0 0.935000 0.496000 0.046000 0.096000
0 0.922000 0.558667 0.032000 0.050667
0 0.984000 0.384000 0.032000 0.042667
0 0.979000 0.428000 0.042000 0.045333
0 0.972000 0.469333 0.048000 0.042667
0 0.965000 0.505333 0.050000 0.056000
0 0.958000 0.540000 0.052000 0.061333
0 0.988000 0.297333 0.024000 0.040000
