0 0.380762 0.226457 0.184369 0.067265
0 0.570140 0.229447 0.182365 0.061286
0 0.395792 0.293722 0.194389 0.064275
0 0.595190 0.292227 0.192385 0.067265
0 0.735471 0.357250 0.232465 0.092676
0 0.542084 0.365471 0.214429 0.079223
0 0.749499 0.433483 0.204409 0.071749
0 0.546092 0.437220 0.210421 0.070254
0 0.325651 0.354260 0.214429 0.095665
0 0.332665 0.436472 0.216433 0.068759
0 0.201403 0.490284 0.246493 0.152466
0 0.426854 0.516442 0.220441 0.091181
0 0.646293 0.514948 0.230461 0.094170
0 0.857715 0.494021 0.240481 0.130045
0 0.865731 0.594918 0.212425 0.068759
0 0.853707 0.660688 0.212425 0.068759
0 0.843687 0.729447 0.212425 0.068759
0 0.835671 0.792227 0.212425 0.068759
0 0.825651 0.852018 0.196393 0.065770
0 0.625251 0.856502 0.196393 0.065770
0 0.414830 0.862481 0.204409 0.068759
0 0.201403 0.866218 0.214429 0.061286
0 0.194389 0.606876 0.232465 0.074738
0 0.424850 0.600897 0.232465 0.074738
0 0.646293 0.596413 0.226453 0.074738
0 0.641283 0.665172 0.208417 0.068759
0 0.635271 0.730942 0.208417 0.068759
0 0.422846 0.736921 0.208417 0.068759
0 0.426854 0.669656 0.208417 0.068759
0 0.199399 0.678625 0.226453 0.071749
0 0.201403 0.744395 0.226453 0.071749
0 0.205411 0.809417 0.226453 0.064275
0 0.419840 0.800448 0.226453 0.064275
0 0.630261 0.795964 0.202405 0.064275
