0 0.081022 0.312710 0.162044 0.104310
0 0.087750 0.417152 0.175500 0.105635
0 0.094300 0.517808 0.188600 0.111531
0 0.107971 0.613573 0.215941 0.124205
0 0.059809 0.718647 0.119618 0.118261
0 0.071206 0.813891 0.142412 0.122969
0 0.079294 0.913090 0.158588 0.134782
0 0.206888 0.222949 0.328953 0.116892
0 0.275121 0.317351 0.243359 0.095928
0 0.275733 0.411937 0.221867 0.099249
0 0.279540 0.501191 0.208736 0.104242
0 0.306600 0.586984 0.198000 0.112217
0 0.394898 0.144455 0.323767 0.107349
0 0.461609 0.231956 0.197701 0.091126
0 0.475152 0.316633 0.180730 0.087755
0 0.465401 0.403762 0.180002 0.088873
0 0.465062 0.485582 0.173324 0.093100
0 0.477021 0.566256 0.160441 0.094923
0 0.337649 0.704240 0.463347 0.198904
0 0.357171 0.815357 0.471315 0.189632
0 0.371364 0.906694 0.466234 0.183610
0 0.516438 0.612060 0.089628 0.035260
0 0.706519 0.247431 0.296259 0.100664
0 0.707689 0.314431 0.290916 0.087062
0 0.691200 0.387538 0.284800 0.078979
0 0.688200 0.456006 0.277200 0.075375
0 0.686200 0.525676 0.270800 0.078979
0 0.701961 0.596106 0.294670 0.091872
0 0.687664 0.657086 0.256444 0.094702
0 0.691853 0.724654 0.253768 0.108049
0 0.901800 0.671844 0.177200 0.234691
0 0.894350 0.314156 0.094539 0.066168
0 0.882486 0.381626 0.100942 0.070350
0 0.879089 0.449169 0.104920 0.068918
0 0.874788 0.514045 0.108215 0.075295
0 0.876950 0.551360 0.111822 0.027848
0 0.926290 0.267255 0.143419 0.060036
0 0.923761 0.230469 0.114169 0.039194
0 0.966034 0.328078 0.063931 0.064565
0 0.964927 0.391575 0.066146 0.065433
0 0.962488 0.451095 0.071024 0.058347
0 0.962488 0.510299 0.071024 0.068645
0 0.962521 0.562397 0.070958 0.049635
