0 0.029000 0.148368 0.058000 0.038576
0 0.129000 0.159496 0.142000 0.057864
0 0.028000 0.184718 0.056000 0.037092
0 0.126000 0.198071 0.140000 0.057864
0 0.094000 0.227745 0.188000 0.051929
0 0.093000 0.262611 0.186000 0.047478
0 0.026000 0.296736 0.052000 0.038576
0 0.119000 0.302671 0.138000 0.044510
0 0.126000 0.337537 0.132000 0.043027
0 0.030000 0.334570 0.060000 0.040059
0 0.092000 0.373145 0.180000 0.040059
0 0.093000 0.409496 0.178000 0.038576
0 0.030000 0.443620 0.060000 0.035608
0 0.122000 0.446588 0.128000 0.038576
0 0.030000 0.480712 0.060000 0.038576
0 0.123000 0.479970 0.126000 0.040059
0 0.207000 0.200297 0.022000 0.041543
0 0.207000 0.227745 0.022000 0.031157
0 0.201000 0.246291 0.030000 0.044510
0 0.201000 0.275223 0.030000 0.037092
0 0.026000 0.561573 0.052000 0.031157
0 0.119000 0.563056 0.134000 0.031157
0 0.054000 0.594955 0.108000 0.038576
0 0.143000 0.597181 0.078000 0.040059
0 0.025000 0.634273 0.050000 0.040059
0 0.114000 0.634273 0.128000 0.040059
0 0.052000 0.667656 0.104000 0.032641
0 0.138000 0.669139 0.072000 0.035608
0 0.024000 0.700297 0.048000 0.038576
0 0.110000 0.702522 0.128000 0.037092
0 0.050000 0.738131 0.100000 0.037092
0 0.135000 0.738131 0.078000 0.037092
0 0.022000 0.770030 0.044000 0.032641
0 0.108000 0.772255 0.132000 0.037092
0 0.049000 0.804154 0.098000 0.038576
0 0.137000 0.804896 0.082000 0.034125
0 0.280000 0.939169 0.212000 0.100890
0 0.457000 0.936202 0.142000 0.097923
0 0.626000 0.933976 0.208000 0.096439
0 0.666000 0.834570 0.136000 0.105341
0 0.531000 0.834570 0.142000 0.105341
0 0.390000 0.838279 0.140000 0.100890
0 0.249000 0.837537 0.150000 0.102374
0 0.634000 0.732938 0.204000 0.100890
0 0.461000 0.734421 0.142000 0.106825
0 0.281000 0.735163 0.218000 0.108309
0 0.680000 0.631306 0.140000 0.105341
0 0.539000 0.629080 0.142000 0.106825
0 0.397000 0.629080 0.150000 0.106825
0 0.250000 0.629080 0.152000 0.109792
0 0.624000 0.519288 0.244000 0.124629
0 0.466000 0.517062 0.152000 0.120178
0 0.293000 0.516320 0.218000 0.124629
0 0.771000 0.497774 0.054000 0.040059
0 0.848000 0.498516 0.104000 0.038576
0 0.949000 0.498516 0.102000 0.038576
0 0.950000 0.533383 0.100000 0.034125
0 0.847000 0.533383 0.106000 0.034125
0 0.770000 0.532641 0.052000 0.032641
0 0.793000 0.568991 0.102000 0.043027
0 0.896000 0.571217 0.104000 0.041543
0 0.973000 0.568249 0.054000 0.035608
0 0.973000 0.603858 0.054000 0.038576
0 0.795000 0.608309 0.098000 0.038576
0 0.896000 0.606825 0.108000 0.038576
0 0.950000 0.641691 0.100000 0.037092
0 0.848000 0.643917 0.108000 0.035608
0 0.771000 0.644659 0.050000 0.037092
0 0.845000 0.677300 0.110000 0.037092
0 0.767000 0.678783 0.058000 0.034125
0 0.949000 0.677300 0.102000 0.037092
0 0.975000 0.713650 0.050000 0.035608
0 0.787000 0.714392 0.106000 0.040059
0 0.894000 0.712908 0.112000 0.040059
0 0.975000 0.748516 0.050000 0.034125
0 0.899000 0.749258 0.106000 0.032641
0 0.790000 0.750742 0.112000 0.035608
0 0.845000 0.785608 0.110000 0.037092
0 0.946000 0.785608 0.108000 0.040059
0 0.763000 0.786350 0.058000 0.035608
0 0.761000 0.820475 0.054000 0.035608
0 0.838000 0.821217 0.108000 0.037092
0 0.946000 0.822700 0.108000 0.034125
0 0.948000 0.422107 0.104000 0.037092
0 0.950000 0.385015 0.100000 0.040059
0 0.841000 0.417656 0.110000 0.037092
0 0.845000 0.383531 0.118000 0.040059
0 0.722000 0.382047 0.132000 0.040059
0 0.722000 0.412463 0.128000 0.047478
0 0.977000 0.349407 0.046000 0.034125
0 0.977000 0.313056 0.046000 0.038576
0 0.900000 0.314540 0.108000 0.038576
0 0.902000 0.347181 0.112000 0.035608
0 0.751000 0.346439 0.194000 0.037092
0 0.751000 0.311573 0.190000 0.035608
0 0.951000 0.276706 0.098000 0.037092
0 0.953000 0.241840 0.094000 0.038576
0 0.853000 0.239614 0.122000 0.040059
0 0.849000 0.277448 0.118000 0.038576
0 0.723000 0.275964 0.134000 0.044510
0 0.729000 0.238872 0.138000 0.044510
0 0.558000 0.375371 0.148000 0.074184
0 0.433000 0.373887 0.106000 0.077151
0 0.302000 0.370920 0.160000 0.083086
0 0.490000 0.301187 0.100000 0.077151
0 0.592000 0.304896 0.104000 0.075668
0 0.382000 0.298220 0.104000 0.077151
0 0.282000 0.293769 0.108000 0.077151
0 0.571000 0.227003 0.150000 0.080119
0 0.440000 0.224036 0.104000 0.080119
0 0.306000 0.217359 0.160000 0.084570
0 0.600000 0.152819 0.100000 0.080119
0 0.496000 0.148368 0.108000 0.083086
0 0.391000 0.144659 0.106000 0.081602
0 0.285000 0.139466 0.114000 0.080119
0 0.317000 0.063056 0.158000 0.087537
0 0.444000 0.066766 0.104000 0.080119
0 0.568000 0.074184 0.152000 0.086053
0 0.756000 0.204748 0.188000 0.047478
0 0.903000 0.204748 0.106000 0.035608
0 0.977000 0.204748 0.046000 0.035608
0 0.977000 0.168398 0.046000 0.037092
0 0.889000 0.166914 0.110000 0.037092
0 0.745000 0.172849 0.182000 0.051929
0 0.948000 0.131306 0.104000 0.037092
0 0.841000 0.139466 0.114000 0.020772
0 0.719000 0.143917 0.134000 0.035608
0 0.840000 0.109792 0.116000 0.041543
0 0.719000 0.111276 0.130000 0.044510
0 0.719000 0.086795 0.130000 0.034125
0 0.838000 0.083086 0.112000 0.020772
0 0.945000 0.094214 0.110000 0.037092
