0 0.154516 0.203125 0.308594 0.212500
0 0.466234 0.179167 0.324219 0.220833
0 0.779906 0.163542 0.318750 0.183333
0 0.824109 0.413021 0.347781 0.317708
0 0.458813 0.443750 0.443750 0.300000
0 0.146594 0.388021 0.293187 0.198958
0 0.461547 0.288021 0.314844 0.055208
0 0.772484 0.273438 0.308594 0.063542
0 0.150109 0.564583 0.300219 0.212500
0 0.494359 0.671354 0.427344 0.273958
0 0.838562 0.648958 0.318875 0.237500
0 0.844422 0.843125 0.307156 0.192917
0 0.494359 0.881250 0.388281 0.216667
0 0.840000 0.956479 0.316000 0.081708
0 0.159000 0.819500 0.318000 0.355667
0 0.506859 0.972625 0.363281 0.049417
