0 0.048000 0.219640 0.096000 0.142429
0 0.222000 0.221889 0.280000 0.149925
0 0.438000 0.233133 0.156000 0.130435
0 0.044000 0.350825 0.088000 0.128936
0 0.180000 0.357571 0.188000 0.133433
0 0.395000 0.359820 0.250000 0.128936
0 0.050000 0.476762 0.100000 0.122939
0 0.225000 0.473013 0.270000 0.148426
0 0.024000 0.562219 0.048000 0.053973
0 0.187000 0.562219 0.302000 0.059970
0 0.018000 0.670915 0.036000 0.169415
0 0.167000 0.733133 0.290000 0.323838
0 0.022000 0.802849 0.044000 0.100450
0 0.434000 0.475262 0.148000 0.119940
0 0.437000 0.541229 0.266000 0.047976
0 0.393000 0.689655 0.306000 0.257871
0 0.247000 0.899550 0.382000 0.200900
0 0.266000 0.983508 0.136000 0.032984
0 0.435000 0.958021 0.202000 0.083958
0 0.588000 0.662669 0.308000 0.242879
0 0.579000 0.843328 0.282000 0.184408
0 0.623000 0.938531 0.182000 0.122939
0 0.531000 0.231634 0.058000 0.136432
0 0.713000 0.215142 0.310000 0.169415
0 0.562000 0.361319 0.088000 0.131934
0 0.768000 0.374813 0.332000 0.155922
0 0.530000 0.473013 0.048000 0.118441
0 0.693000 0.505997 0.294000 0.166417
0 0.926000 0.222639 0.148000 0.163418
0 0.957000 0.371814 0.086000 0.137931
0 0.901000 0.504498 0.150000 0.136432
0 0.977000 0.497001 0.046000 0.124438
0 0.789000 0.638681 0.214000 0.143928
0 0.939000 0.619940 0.118000 0.130435
0 0.760000 0.763118 0.100000 0.131934
0 0.868000 0.742129 0.140000 0.128936
0 0.960000 0.724138 0.076000 0.110945
0 0.784000 0.863568 0.160000 0.140930
0 0.926000 0.829085 0.148000 0.125937
