0 0.168000 0.257000 0.336000 0.510000
0 0.289000 0.029000 0.330000 0.058000
0 0.579000 0.048000 0.250000 0.096000
0 0.801000 0.057000 0.198000 0.114000
0 0.948000 0.065000 0.104000 0.130000
0 0.502000 0.272000 0.332000 0.448000
0 0.793000 0.284000 0.258000 0.380000
0 0.952000 0.291000 0.096000 0.338000
0 0.161000 0.741000 0.322000 0.490000
0 0.487000 0.694000 0.330000 0.428000
0 0.769000 0.641000 0.254000 0.366000
0 0.942000 0.618000 0.116000 0.316000
0 0.160000 0.956000 0.320000 0.088000
0 0.474000 0.922000 0.308000 0.156000
0 0.754000 0.887000 0.252000 0.222000
0 0.937000 0.876000 0.126000 0.248000
