0 0.664815 0.623437 0.203704 0.103125
0 0.905556 0.622396 0.188889 0.109375
0 0.968519 0.728646 0.062963 0.105208
0 0.788889 0.726562 0.303704 0.109375
0 0.476852 0.726042 0.320370 0.110417
0 0.426852 0.619792 0.216667 0.108333
0 0.425000 0.829167 0.216667 0.104167
0 0.645370 0.829688 0.224074 0.107292
0 0.884259 0.832292 0.209259 0.102083
0 0.160185 0.832812 0.316667 0.101042
0 0.159259 0.736979 0.318519 0.098958
0 0.160185 0.621875 0.320370 0.137500
0 0.477778 0.515625 0.314815 0.110417
0 0.810185 0.513542 0.342593 0.116667
0 0.895370 0.397917 0.205556 0.120833
0 0.665741 0.399479 0.235185 0.121875
0 0.424074 0.402083 0.225926 0.127083
0 0.818519 0.274479 0.355556 0.128125
0 0.483333 0.277083 0.333333 0.125000
0 0.184259 0.496354 0.272222 0.113542
0 0.215741 0.431250 0.220370 0.018750
0 0.212037 0.378125 0.224074 0.091667
0 0.486111 0.174479 0.279630 0.086458
0 0.682407 0.174479 0.112963 0.080208
0 0.865741 0.159896 0.268519 0.105208
