0 0.085000 0.074963 0.170000 0.140930
0 0.244000 0.014993 0.164000 0.029985
0 0.403000 0.019490 0.158000 0.038981
0 0.255000 0.103448 0.170000 0.167916
0 0.418000 0.098951 0.160000 0.137931
0 0.120000 0.232384 0.236000 0.182909
0 0.136000 0.338831 0.232000 0.131934
0 0.011000 0.392804 0.022000 0.137931
0 0.019000 0.535232 0.038000 0.140930
0 0.020000 0.677661 0.040000 0.143928
0 0.025000 0.817091 0.050000 0.137931
0 0.034000 0.930285 0.068000 0.139430
0 0.119000 0.470015 0.182000 0.130435
0 0.395000 0.227886 0.218000 0.146927
0 0.400000 0.343328 0.216000 0.119940
0 0.263000 0.242129 0.054000 0.118441
0 0.271000 0.351574 0.046000 0.100450
0 0.288000 0.462519 0.164000 0.124438
0 0.455000 0.462519 0.150000 0.118441
0 0.129000 0.594453 0.178000 0.133433
0 0.298000 0.586207 0.160000 0.128936
0 0.458000 0.578711 0.160000 0.119940
0 0.167000 0.718891 0.230000 0.139430
0 0.175000 0.842579 0.230000 0.146927
0 0.151000 0.949025 0.170000 0.101949
0 0.307000 0.703898 0.062000 0.118441
0 0.437000 0.697901 0.214000 0.127436
0 0.441000 0.812594 0.214000 0.134933
0 0.310000 0.800600 0.052000 0.080960
0 0.321000 0.919040 0.162000 0.161919
0 0.478000 0.923538 0.144000 0.128936
0 0.460000 0.988006 0.144000 0.023988
0 0.590000 0.088456 0.192000 0.146927
0 0.675000 0.017241 0.234000 0.034483
0 0.875000 0.027736 0.174000 0.055472
0 0.758000 0.092204 0.148000 0.130435
0 0.895000 0.105697 0.126000 0.124438
0 0.593000 0.212894 0.186000 0.143928
0 0.758000 0.213643 0.144000 0.127436
0 0.897000 0.221139 0.138000 0.121439
0 0.599000 0.337331 0.186000 0.134933
0 0.764000 0.336582 0.144000 0.121439
0 0.904000 0.339580 0.144000 0.115442
0 0.645000 0.458021 0.234000 0.127436
0 0.868000 0.458021 0.220000 0.121439
0 0.652000 0.581709 0.236000 0.131934
0 0.880000 0.571214 0.228000 0.119940
0 0.637000 0.706147 0.194000 0.137931
0 0.804000 0.690405 0.140000 0.142429
0 0.937000 0.685907 0.126000 0.127436
0 0.644000 0.827586 0.200000 0.152924
0 0.810000 0.817841 0.144000 0.136432
0 0.940000 0.803598 0.120000 0.125937
0 0.675000 0.931034 0.246000 0.137931
0 0.899000 0.919790 0.202000 0.136432
0 0.990000 0.455022 0.020000 0.106447
