0 0.271000 0.120690 0.186000 0.181409
0 0.296000 0.293853 0.180000 0.167916
0 0.303000 0.456522 0.174000 0.157421
0 0.327000 0.610945 0.178000 0.157421
0 0.336000 0.761619 0.172000 0.158921
0 0.342000 0.910045 0.164000 0.161919
0 0.502000 0.894303 0.164000 0.154423
0 0.502000 0.750375 0.164000 0.157421
0 0.502000 0.598201 0.176000 0.149925
0 0.471000 0.286357 0.178000 0.164918
0 0.453000 0.116942 0.182000 0.173913
0 0.477000 0.446777 0.186000 0.152924
0 0.629000 0.121439 0.178000 0.170915
0 0.641000 0.281859 0.174000 0.167916
0 0.663000 0.436282 0.162000 0.155922
0 0.665000 0.590705 0.158000 0.149925
0 0.664000 0.748126 0.172000 0.167916
0 0.649000 0.898801 0.162000 0.154423
0 0.799000 0.880060 0.154000 0.155922
0 0.816000 0.740630 0.160000 0.152924
0 0.817000 0.600450 0.154000 0.151424
0 0.822000 0.448276 0.164000 0.155922
0 0.808000 0.293853 0.176000 0.167916
0 0.803000 0.135682 0.174000 0.169415
