0 0.101654 0.091515 0.203309 0.172121
0 0.330889 0.089697 0.285178 0.173333
0 0.609927 0.096364 0.272898 0.186667
0 0.863039 0.093939 0.270169 0.179394
0 0.832680 0.321818 0.266758 0.269091
0 0.597305 0.323636 0.259935 0.270303
0 0.800614 0.563030 0.239468 0.232727
0 0.771619 0.769091 0.219683 0.203636
0 0.749019 0.928939 0.203479 0.135455
0 0.561914 0.935606 0.196998 0.122121
0 0.573427 0.786061 0.212178 0.208485
0 0.582296 0.576970 0.229916 0.233939
0 0.345898 0.586667 0.244244 0.250909
0 0.356473 0.806061 0.223094 0.216970
0 0.361931 0.947121 0.208085 0.099091
0 0.337711 0.326667 0.263346 0.295758
0 0.109159 0.329091 0.218318 0.295758
0 0.121098 0.594545 0.242197 0.259394
0 0.129285 0.822424 0.247655 0.220606
0 0.149753 0.953182 0.225823 0.086970
