0 0.084000 0.061469 0.168000 0.122939
0 0.278000 0.060720 0.236000 0.121439
0 0.562000 0.037481 0.348000 0.074963
0 0.894000 0.032234 0.212000 0.064468
0 0.062000 0.182159 0.120000 0.109445
0 0.252000 0.178411 0.284000 0.119940
0 0.504000 0.139430 0.224000 0.131934
0 0.748000 0.137181 0.256000 0.142429
0 0.935000 0.131184 0.130000 0.145427
0 0.091000 0.290105 0.182000 0.109445
0 0.545000 0.272114 0.294000 0.124438
0 0.285000 0.297601 0.230000 0.115442
0 0.880000 0.270615 0.240000 0.133433
0 0.060000 0.386807 0.120000 0.089955
0 0.252000 0.399550 0.272000 0.115442
0 0.491000 0.387556 0.206000 0.112444
0 0.715000 0.395052 0.238000 0.127436
0 0.912000 0.401799 0.176000 0.125937
0 0.095000 0.476762 0.182000 0.122939
0 0.289000 0.499250 0.206000 0.110945
0 0.535000 0.497751 0.282000 0.119940
0 0.871000 0.523988 0.258000 0.130435
0 0.074000 0.568216 0.144000 0.086957
0 0.269000 0.592954 0.246000 0.115442
0 0.019000 0.650675 0.038000 0.080960
0 0.117000 0.637181 0.178000 0.137931
0 0.299000 0.679910 0.190000 0.103448
0 0.533000 0.697151 0.278000 0.116942
0 0.488000 0.595202 0.192000 0.110945
0 0.699000 0.593703 0.214000 0.164918
0 0.905000 0.634933 0.190000 0.127436
0 0.863000 0.732384 0.274000 0.127436
0 0.688000 0.776612 0.208000 0.170915
0 0.893000 0.832834 0.214000 0.124438
0 0.490000 0.781859 0.188000 0.106447
0 0.515000 0.865817 0.238000 0.112444
0 0.846000 0.914543 0.292000 0.125937
0 0.670000 0.937781 0.192000 0.124438
0 0.873000 0.973763 0.206000 0.052474
0 0.276000 0.757121 0.240000 0.104948
0 0.308000 0.840330 0.176000 0.103448
0 0.287000 0.910795 0.222000 0.100450
0 0.484000 0.940780 0.180000 0.100450
0 0.143000 0.818591 0.154000 0.092954
0 0.079000 0.731634 0.154000 0.086957
0 0.036000 0.802099 0.072000 0.080960
0 0.085000 0.873313 0.170000 0.085457
