0 0.450847 0.150471 0.277966 0.147139
0 0.387977 0.287725 0.271999 0.133521
0 0.186696 0.299960 0.137719 0.110644
0 0.121199 0.408746 0.241813 0.167426
0 0.122807 0.571661 0.244444 0.171671
0 0.132310 0.723830 0.263450 0.176182
0 0.372814 0.734311 0.230409 0.148321
0 0.632895 0.721309 0.304386 0.152036
0 0.395322 0.592490 0.310526 0.158670
0 0.354678 0.436739 0.238596 0.168222
0 0.626901 0.433157 0.311111 0.163711
0 0.653947 0.288020 0.260526 0.137708
0 0.887743 0.424666 0.220515 0.158404
0 0.695029 0.577764 0.300000 0.150975
0 0.891105 0.713084 0.213789 0.149914
0 0.920491 0.575599 0.155018 0.145753
