0 0.078000 0.177333 0.156000 0.354667
0 0.235000 0.176000 0.210000 0.352000
0 0.505000 0.174667 0.366000 0.349333
0 0.795000 0.169333 0.226000 0.338667
0 0.948000 0.168000 0.104000 0.336000
0 0.169000 0.530667 0.338000 0.362667
0 0.419000 0.521333 0.182000 0.354667
0 0.604000 0.513333 0.188000 0.360000
0 0.846000 0.521333 0.308000 0.370667
0 0.091000 0.854667 0.182000 0.290667
0 0.264000 0.840000 0.196000 0.320000
0 0.524000 0.844000 0.340000 0.306667
0 0.792000 0.845333 0.192000 0.309333
0 0.938000 0.852000 0.124000 0.296000
0 0.012000 0.854667 0.024000 0.290667
