0 0.311000 0.254873 0.278000 0.125937
0 0.633000 0.251124 0.298000 0.160420
0 0.888000 0.344828 0.220000 0.134933
0 0.871000 0.454273 0.254000 0.113943
0 0.631000 0.458771 0.238000 0.128936
0 0.661000 0.364318 0.258000 0.140930
0 0.866000 0.543478 0.212000 0.106447
0 0.643000 0.550225 0.238000 0.116942
0 0.872000 0.619940 0.212000 0.100450
0 0.866000 0.700900 0.220000 0.088456
0 0.652000 0.706897 0.216000 0.088456
0 0.655000 0.632684 0.218000 0.083958
0 0.855000 0.802099 0.262000 0.131934
0 0.621000 0.780360 0.270000 0.205397
0 0.354000 0.811844 0.272000 0.157421
0 0.111000 0.825337 0.222000 0.094453
0 0.114000 0.744378 0.228000 0.076462
0 0.120000 0.671664 0.240000 0.083958
0 0.128000 0.589955 0.256000 0.097451
0 0.129000 0.495502 0.258000 0.106447
0 0.126000 0.368066 0.252000 0.160420
0 0.394000 0.353823 0.264000 0.140930
0 0.389000 0.464768 0.246000 0.095952
0 0.378000 0.550975 0.236000 0.088456
0 0.376000 0.642429 0.236000 0.103448
0 0.369000 0.734633 0.230000 0.104948
