0 0.092364 0.076110 0.184727 0.152220
0 0.093091 0.191860 0.186182 0.151163
0 0.096727 0.324524 0.193455 0.162791
0 0.083600 0.467891 0.167200 0.128171
0 0.080309 0.601480 0.160619 0.145877
0 0.081013 0.733586 0.162025 0.169075
0 0.080169 0.866243 0.163713 0.186692
0 0.077000 0.946221 0.154000 0.101744
0 0.358194 0.057252 0.348507 0.114503
0 0.361925 0.176566 0.355970 0.200668
0 0.364304 0.328966 0.349720 0.177890
0 0.347598 0.496299 0.363137 0.177890
0 0.341949 0.641120 0.368657 0.218846
0 0.340403 0.798095 0.362180 0.239717
0 0.340045 0.908426 0.371910 0.177334
0 0.765597 0.039793 0.464806 0.076809
0 0.766600 0.119477 0.462800 0.238953
0 0.764000 0.318314 0.468000 0.206395
0 0.758444 0.520349 0.479111 0.209302
0 0.760086 0.703814 0.475828 0.237721
0 0.759633 0.873593 0.476733 0.247001
0 0.687174 0.952748 0.329148 0.088054
0 0.189000 0.978924 0.070000 0.036337
