0 0.032117 0.112332 0.064235 0.213839
0 0.034680 0.014073 0.063968 0.025980
0 0.125368 0.104462 0.127126 0.202429
0 0.242372 0.084977 0.118219 0.159129
0 0.395004 0.067116 0.191903 0.125571
0 0.567474 0.032475 0.164372 0.056290
0 0.028069 0.308515 0.056138 0.194852
0 0.117271 0.297149 0.133603 0.239234
0 0.233870 0.263050 0.119028 0.274957
0 0.390551 0.225703 0.192713 0.317175
0 0.575571 0.178614 0.187045 0.346403
0 0.823749 0.166165 0.340081 0.323670
0 0.027259 0.505532 0.054518 0.203512
0 0.082858 0.512027 0.097166 0.210007
0 0.199457 0.512568 0.168421 0.247895
0 0.331846 0.520145 0.119028 0.276040
0 0.513223 0.512568 0.242105 0.349650
0 0.745206 0.512568 0.249393 0.403776
0 0.926259 0.513369 0.143482 0.449198
0 0.016733 0.709704 0.033466 0.210851
0 0.076381 0.729070 0.103644 0.239234
0 0.195814 0.753967 0.154656 0.269545
0 0.343992 0.788608 0.101215 0.295525
0 0.512818 0.829370 0.236437 0.335913
0 0.753304 0.838403 0.244534 0.310680
0 0.930632 0.857888 0.132794 0.276040
0 0.011603 0.900106 0.022672 0.191604
0 0.064235 0.904604 0.106883 0.185445
0 0.186502 0.921756 0.155466 0.148304
0 0.339943 0.948819 0.104453 0.096343
0 0.457352 0.968845 0.135223 0.056290
