0 0.682067 0.761973 0.400850 0.462963
0 0.592885 0.959538 0.144328 0.068293
0 0.386483 0.919204 0.257071 0.145294
0 0.376613 0.698741 0.366304 0.442299
0 0.168423 0.881466 0.249985 0.200904
0 0.151347 0.639615 0.301817 0.415716
0 0.049086 0.817112 0.098173 0.206295
0 0.755614 0.495760 0.331842 0.253590
0 0.491597 0.460328 0.311663 0.258861
0 0.271864 0.393562 0.301573 0.188582
0 0.114071 0.257983 0.228142 0.373064
0 0.124523 0.155390 0.249047 0.310780
0 0.355681 0.166201 0.305872 0.332402
0 0.582320 0.187436 0.322752 0.374872
0 0.839917 0.211244 0.316736 0.412100
0 0.035376 0.470062 0.070395 0.098411
