0 0.030577 0.211993 0.059615 0.209830
0 0.220962 0.197391 0.390385 0.204422
0 0.692654 0.194687 0.610692 0.194687
0 0.356538 0.392619 0.588462 0.194687
0 0.825769 0.382344 0.326923 0.187116
0 0.051346 0.395972 0.102692 0.175435
0 0.060000 0.552349 0.120000 0.152894
0 0.265192 0.565674 0.332692 0.168729
0 0.692115 0.554318 0.532692 0.171974
0 0.974808 0.552155 0.044231 0.174137
0 0.068654 0.705179 0.137308 0.162196
0 0.397885 0.721424 0.521154 0.168729
0 0.812308 0.706282 0.307692 0.164403
0 0.976731 0.709527 0.036538 0.144934
0 0.089231 0.886908 0.176923 0.220645
0 0.305577 0.875011 0.317308 0.164403
0 0.697885 0.849593 0.486538 0.154668
0 0.427692 0.955590 0.511538 0.083283
0 0.807500 0.946396 0.267308 0.101670
0 0.968615 0.849615 0.058769 0.159038
0 0.968077 0.943151 0.057692 0.105996
