0 0.842541 0.138636 0.182320 0.204545
0 0.668508 0.136364 0.176796 0.209091
0 0.494475 0.136364 0.182320 0.218182
0 0.314917 0.143182 0.176796 0.213636
0 0.129834 0.138636 0.193370 0.204545
0 0.124309 0.359091 0.193370 0.236364
0 0.309392 0.363636 0.187845 0.227273
0 0.494475 0.359091 0.182320 0.227273
0 0.679558 0.354545 0.187845 0.227273
0 0.853591 0.352273 0.182320 0.222727
0 0.875691 0.586364 0.204420 0.236364
0 0.693370 0.588636 0.193370 0.240909
0 0.505525 0.590909 0.182320 0.245455
0 0.317680 0.595455 0.193370 0.245455
0 0.127072 0.602273 0.198895 0.250000
0 0.903315 0.829545 0.193370 0.250000
0 0.718232 0.834091 0.198895 0.259091
0 0.527624 0.840909 0.193370 0.263636
0 0.334254 0.852273 0.193370 0.277273
0 0.138122 0.856818 0.209945 0.259091
