0 0.913000 0.070866 0.174000 0.110236
0 0.730000 0.088864 0.208000 0.065242
0 0.889000 0.183915 0.222000 0.115861
0 0.687000 0.175478 0.202000 0.116985
0 0.542000 0.169291 0.172000 0.104612
0 0.549000 0.263780 0.238000 0.115861
0 0.763000 0.284027 0.210000 0.113611
0 0.929000 0.296400 0.142000 0.115861
0 0.504000 0.344769 0.152000 0.100112
0 0.660000 0.366704 0.176000 0.110236
0 0.871000 0.394263 0.258000 0.122610
0 0.551000 0.429696 0.238000 0.110236
0 0.759000 0.465129 0.190000 0.109111
0 0.919000 0.492126 0.162000 0.113611
0 0.543000 0.500562 0.222000 0.116985
0 0.742000 0.542745 0.192000 0.111361
0 0.912000 0.579303 0.176000 0.121485
0 0.514000 0.562992 0.124000 0.091114
0 0.648000 0.596738 0.156000 0.102362
0 0.858000 0.650169 0.284000 0.141732
0 0.503000 0.623172 0.122000 0.098988
0 0.636000 0.663105 0.156000 0.109111
0 0.851000 0.722722 0.294000 0.149606
0 0.530000 0.695163 0.184000 0.121485
0 0.700000 0.751406 0.160000 0.112486
0 0.884000 0.802025 0.228000 0.119235
0 0.989000 0.807649 0.018000 0.058493
0 0.534000 0.756468 0.192000 0.122610
0 0.707000 0.817773 0.166000 0.110236
0 0.890000 0.870641 0.216000 0.112486
0 0.260000 0.071991 0.280000 0.074241
0 0.040000 0.104049 0.080000 0.016873
0 0.013000 0.148481 0.026000 0.071991
0 0.094000 0.146794 0.156000 0.082115
0 0.323000 0.149606 0.314000 0.094488
0 0.552000 0.112486 0.148000 0.015748
0 0.017000 0.217098 0.034000 0.071991
0 0.066000 0.222160 0.092000 0.075366
0 0.160000 0.228909 0.112000 0.082115
0 0.335000 0.236220 0.246000 0.092238
0 0.024000 0.285714 0.048000 0.067492
0 0.087000 0.291339 0.106000 0.078740
0 0.179000 0.302587 0.102000 0.085489
0 0.326000 0.314398 0.212000 0.088864
0 0.021000 0.344207 0.042000 0.053993
0 0.112000 0.359393 0.156000 0.079865
0 0.308000 0.385827 0.248000 0.094488
0 0.030000 0.404387 0.060000 0.068616
0 0.100000 0.419010 0.096000 0.075366
0 0.290000 0.447694 0.296000 0.105737
0 0.025000 0.453318 0.050000 0.058493
0 0.121000 0.476378 0.150000 0.084364
0 0.321000 0.516310 0.262000 0.098988
0 0.039000 0.509561 0.078000 0.069741
0 0.113000 0.530371 0.090000 0.075366
0 0.199000 0.552868 0.098000 0.082115
0 0.347000 0.580990 0.214000 0.086614
0 0.034000 0.554556 0.068000 0.058493
0 0.038000 0.603487 0.076000 0.068616
0 0.137000 0.583240 0.154000 0.086614
0 0.325000 0.634983 0.234000 0.102362
0 0.145000 0.637795 0.154000 0.089989
0 0.329000 0.692351 0.222000 0.104612
