0 0.861000 0.677333 0.210000 0.320000
0 0.982000 0.628000 0.036000 0.290667
0 0.860000 0.394667 0.224000 0.314667
0 0.985000 0.370667 0.030000 0.282667
0 0.858000 0.126667 0.236000 0.253333
0 0.628000 0.406667 0.244000 0.328000
0 0.633000 0.705333 0.250000 0.344000
0 0.795000 0.897333 0.242000 0.205333
0 0.941000 0.886667 0.054000 0.221333
0 0.980000 0.856000 0.040000 0.272000
0 0.619000 0.129333 0.254000 0.253333
0 0.986000 0.120000 0.028000 0.240000
0 0.450000 0.404000 0.140000 0.301333
0 0.259000 0.430667 0.214000 0.290667
0 0.448000 0.681333 0.128000 0.285333
0 0.453000 0.890667 0.126000 0.213333
0 0.597000 0.916000 0.166000 0.168000
0 0.258000 0.146667 0.224000 0.293333
0 0.437000 0.134667 0.138000 0.269333
0 0.264000 0.694667 0.216000 0.296000
0 0.279000 0.892000 0.218000 0.210667
0 0.138000 0.656000 0.064000 0.245333
0 0.124000 0.424000 0.060000 0.240000
0 0.153000 0.869333 0.066000 0.256000
0 0.102000 0.829333 0.072000 0.218667
0 0.085000 0.630667 0.066000 0.221333
0 0.074000 0.421333 0.080000 0.224000
0 0.033000 0.614667 0.062000 0.216000
0 0.025000 0.417333 0.050000 0.205333
0 0.017000 0.214667 0.034000 0.205333
0 0.057000 0.194667 0.078000 0.234667
0 0.116000 0.170667 0.072000 0.272000
0 0.019000 0.768000 0.038000 0.176000
0 0.051000 0.794667 0.058000 0.208000
0 0.031000 0.928000 0.034000 0.144000
0 0.062000 0.930667 0.052000 0.133333
0 0.110000 0.949333 0.060000 0.096000
0 0.163000 0.980000 0.050000 0.040000
