0 0.563674 0.125364 0.259881 0.249832
0 0.576473 0.353001 0.240497 0.219104
0 0.559809 0.529163 0.219780 0.227895
0 0.554630 0.727134 0.206720 0.172781
0 0.557332 0.879290 0.192308 0.140997
0 0.284183 0.128656 0.278328 0.255283
0 0.294316 0.366188 0.258062 0.217751
0 0.331247 0.564835 0.244551 0.193745
0 0.338678 0.740997 0.224284 0.172105
0 0.360295 0.893491 0.211674 0.161961
0 0.376058 0.978183 0.190957 0.040558
0 0.176151 0.984945 0.200977 0.027033
0 0.148847 0.906847 0.237345 0.167709
0 0.123401 0.750465 0.245902 0.180220
0 0.117096 0.572612 0.234192 0.198478
0 0.097280 0.368047 0.191857 0.226881
0 0.087822 0.130347 0.175644 0.260017
0 0.831811 0.123726 0.279396 0.247451
0 0.814734 0.351869 0.259234 0.210071
0 0.782433 0.547420 0.234956 0.181032
0 0.764122 0.718103 0.218908 0.161569
0 0.754041 0.854804 0.202038 0.121100
0 0.921979 0.832394 0.151944 0.114019
0 0.927328 0.696321 0.141245 0.158795
0 0.938438 0.532465 0.119025 0.169546
0 0.951552 0.346926 0.092583 0.203892
0 0.971974 0.125016 0.051954 0.239198
