0 0.520000 0.368954 0.256000 0.141732
0 0.178000 0.371204 0.352000 0.146232
0 0.811000 0.365017 0.354000 0.138358
0 0.373000 0.491564 0.250000 0.164229
0 0.129000 0.510124 0.254000 0.133858
0 0.618000 0.501687 0.240000 0.134983
0 0.855000 0.498875 0.234000 0.133858
0 0.880000 0.222722 0.236000 0.146232
0 0.646000 0.217098 0.260000 0.159730
0 0.387000 0.219910 0.270000 0.163105
0 0.131000 0.221597 0.262000 0.155231
0 0.511000 0.627109 0.234000 0.115861
0 0.785000 0.626547 0.326000 0.125984
0 0.175000 0.637233 0.346000 0.133858
0 0.374000 0.711474 0.232000 0.192351
0 0.143000 0.755906 0.254000 0.123735
0 0.598000 0.746344 0.220000 0.118110
0 0.825000 0.745782 0.234000 0.119235
