0 0.216434 0.092506 0.272093 0.182946
0 0.445116 0.093023 0.185271 0.183979
0 0.628450 0.084755 0.182946 0.167442
0 0.800543 0.083721 0.172093 0.165375
0 0.857132 0.284238 0.193798 0.291473
0 0.707907 0.308527 0.179070 0.296641
0 0.534651 0.325581 0.204651 0.314212
0 0.349767 0.339535 0.211628 0.319380
0 0.131279 0.334884 0.262558 0.370026
0 0.121977 0.631008 0.243953 0.389664
0 0.342403 0.638243 0.203101 0.300775
0 0.533488 0.608786 0.174419 0.289406
0 0.700543 0.580879 0.161240 0.281137
0 0.859070 0.556589 0.165116 0.261499
0 0.853256 0.804134 0.156589 0.256331
0 0.698992 0.831525 0.159690 0.280103
0 0.538140 0.860424 0.169767 0.273819
0 0.364767 0.876961 0.190465 0.240744
0 0.151837 0.871793 0.248326 0.251080
