0 0.117000 0.089333 0.234000 0.178667
0 0.349000 0.085333 0.230000 0.170667
0 0.584000 0.090667 0.240000 0.181333
0 0.810000 0.097333 0.240000 0.194667
0 0.126000 0.329333 0.236000 0.322667
0 0.343000 0.320000 0.218000 0.320000
0 0.565000 0.329333 0.238000 0.328000
0 0.783000 0.341333 0.254000 0.330667
0 0.128000 0.628000 0.208000 0.290667
0 0.309000 0.705333 0.282000 0.466667
0 0.579000 0.713333 0.270000 0.450667
0 0.761000 0.628000 0.202000 0.280000
0 0.009000 0.181333 0.018000 0.224000
0 0.017000 0.397333 0.034000 0.224000
0 0.016000 0.565333 0.032000 0.149333
0 0.023000 0.722667 0.046000 0.240000
0 0.098000 0.884000 0.196000 0.232000
0 0.322000 0.969333 0.252000 0.061333
0 0.570000 0.969333 0.232000 0.061333
0 0.809000 0.882667 0.246000 0.234667
0 0.956000 0.509333 0.072000 0.208000
0 0.977000 0.578667 0.046000 0.240000
0 0.963000 0.769333 0.074000 0.274667
0 0.945000 0.886667 0.110000 0.226667
0 0.960000 0.176000 0.080000 0.250667
