0 0.098000 0.075188 0.196000 0.135338
0 0.295000 0.077444 0.214000 0.139850
0 0.494000 0.080451 0.200000 0.133835
0 0.690000 0.081955 0.196000 0.139850
0 0.882000 0.085714 0.192000 0.135338
0 0.985000 0.087970 0.030000 0.127820
0 0.199000 0.207519 0.394000 0.132331
0 0.610000 0.209774 0.356000 0.127820
0 0.897000 0.212030 0.206000 0.123308
0 0.117000 0.336842 0.218000 0.126316
0 0.317000 0.335338 0.202000 0.123308
0 0.511000 0.330827 0.194000 0.123308
0 0.699000 0.333083 0.186000 0.118797
0 0.884000 0.332331 0.184000 0.117293
0 0.983000 0.329323 0.034000 0.114286
0 0.207000 0.456391 0.382000 0.124812
0 0.605000 0.450376 0.350000 0.118797
0 0.896000 0.445113 0.208000 0.117293
0 0.130000 0.572932 0.204000 0.117293
0 0.322000 0.567669 0.196000 0.118797
0 0.513000 0.563158 0.186000 0.112782
0 0.691000 0.558647 0.178000 0.112782
0 0.866000 0.554887 0.172000 0.108271
0 0.974000 0.551880 0.052000 0.105263
0 0.213000 0.682707 0.362000 0.120301
0 0.614000 0.668421 0.328000 0.115789
0 0.894000 0.657143 0.212000 0.108271
0 0.143000 0.787218 0.194000 0.100752
0 0.325000 0.755639 0.186000 0.151880
0 0.504000 0.751880 0.180000 0.147368
0 0.678000 0.764662 0.172000 0.106767
0 0.849000 0.758647 0.170000 0.100752
0 0.963000 0.754887 0.074000 0.096241
0 0.251000 0.881203 0.338000 0.117293
0 0.612000 0.863158 0.316000 0.111278
0 0.892000 0.853383 0.216000 0.103759
0 0.165000 0.953383 0.186000 0.093233
0 0.342000 0.957895 0.176000 0.084211
0 0.512000 0.957143 0.168000 0.085714
0 0.681000 0.951128 0.170000 0.097744
0 0.844000 0.948872 0.164000 0.099248
0 0.961000 0.941353 0.078000 0.090226
