0 0.344000 0.861319 0.284000 0.103448
0 0.314000 0.762369 0.328000 0.133433
0 0.291000 0.595952 0.382000 0.259370
0 0.676000 0.603448 0.392000 0.259370
0 0.647000 0.767616 0.330000 0.146927
0 0.621000 0.857571 0.286000 0.131934
0 0.544000 0.434033 0.456000 0.304348
0 0.268000 0.456522 0.128000 0.022489
0 0.236000 0.196402 0.064000 0.062969
0 0.330000 0.330585 0.368000 0.232384
0 0.696000 0.335082 0.376000 0.241379
0 0.792000 0.463268 0.080000 0.020990
0 0.773000 0.191904 0.094000 0.044978
0 0.629000 0.119940 0.266000 0.239880
0 0.368000 0.119190 0.268000 0.238381
