0 0.111000 0.054667 0.222000 0.109333
0 0.110000 0.202667 0.220000 0.229333
0 0.113000 0.416000 0.218000 0.213333
0 0.114000 0.634667 0.220000 0.224000
0 0.113000 0.826667 0.222000 0.181333
0 0.319000 0.096000 0.198000 0.192000
0 0.321000 0.321333 0.194000 0.274667
0 0.324000 0.600000 0.192000 0.272000
0 0.325000 0.818667 0.194000 0.197333
0 0.504000 0.068000 0.172000 0.136000
0 0.505000 0.221333 0.170000 0.202667
0 0.507000 0.412000 0.170000 0.194667
0 0.505000 0.605333 0.170000 0.197333
0 0.510000 0.797333 0.172000 0.208000
0 0.511000 0.897333 0.174000 0.040000
0 0.669000 0.110667 0.158000 0.221333
0 0.668000 0.333333 0.156000 0.245333
0 0.669000 0.572000 0.150000 0.237333
0 0.672000 0.809333 0.152000 0.221333
0 0.817000 0.090667 0.138000 0.181333
0 0.814000 0.254667 0.136000 0.189333
0 0.811000 0.429333 0.134000 0.176000
0 0.812000 0.601333 0.136000 0.168000
0 0.815000 0.774667 0.138000 0.189333
0 0.816000 0.881333 0.136000 0.072000
0 0.940000 0.140000 0.120000 0.226667
0 0.939000 0.353333 0.122000 0.216000
0 0.940000 0.569333 0.120000 0.216000
0 0.943000 0.793333 0.114000 0.226667
0 0.943000 0.904000 0.114000 0.026667
