0 0.844000 0.246667 0.284000 0.232000
0 0.553000 0.249333 0.302000 0.232000
0 0.249000 0.260000 0.306000 0.248000
0 0.563000 0.489333 0.338000 0.269333
0 0.335000 0.498667 0.102000 0.250667
0 0.239000 0.500000 0.102000 0.242667
0 0.141000 0.505333 0.094000 0.242667
0 0.769000 0.477333 0.086000 0.240000
0 0.855000 0.476000 0.090000 0.232000
0 0.943000 0.476000 0.086000 0.226667
0 0.941000 0.065333 0.090000 0.130667
0 0.852000 0.064000 0.092000 0.128000
0 0.750000 0.065333 0.092000 0.130667
0 0.650000 0.066667 0.100000 0.133333
0 0.554000 0.065333 0.096000 0.130667
0 0.445000 0.064000 0.094000 0.128000
0 0.349000 0.068000 0.102000 0.136000
0 0.248000 0.070667 0.100000 0.141333
0 0.148000 0.070667 0.100000 0.141333
0 0.863000 0.701333 0.254000 0.229333
0 0.705000 0.796000 0.166000 0.408000
0 0.585000 0.802667 0.150000 0.394667
0 0.458000 0.805333 0.140000 0.389333
0 0.198000 0.825333 0.396000 0.349333
0 0.048000 0.510667 0.096000 0.237333
0 0.049000 0.276000 0.098000 0.237333
