0 0.213405 0.076216 0.420541 0.143784
0 0.230216 0.394838 0.460432 0.558324
0 0.632865 0.078919 0.381622 0.155676
0 0.875568 0.064324 0.240000 0.126486
0 0.678811 0.366486 0.482162 0.462703
0 0.907054 0.206000 0.181892 0.180000
0 0.921649 0.568486 0.152703 0.551027
0 0.081568 0.863243 0.163135 0.267027
0 0.344757 0.797297 0.395676 0.228108
0 0.719351 0.760541 0.392432 0.210811
0 0.331243 0.940000 0.420541 0.115676
0 0.751784 0.919459 0.422703 0.154595
0 0.229676 0.715135 0.459351 0.180541
0 0.642054 0.626486 0.371892 0.115676
0 0.902730 0.734595 0.190541 0.338378
