0 0.157000 0.747376 0.178000 0.145427
0 0.137000 0.591454 0.274000 0.205397
0 0.307000 0.754123 0.162000 0.155922
0 0.549000 0.800600 0.350000 0.206897
0 0.858000 0.828336 0.284000 0.235382
0 0.667000 0.587706 0.210000 0.248876
0 0.886000 0.589205 0.228000 0.257871
0 0.867000 0.450525 0.154000 0.034483
0 0.341000 0.568216 0.278000 0.230885
0 0.489000 0.584708 0.242000 0.251874
0 0.692000 0.449025 0.148000 0.040480
0 0.558000 0.445277 0.156000 0.038981
0 0.242000 0.404048 0.264000 0.169415
0 0.424000 0.386807 0.180000 0.143928
