0 0.542345 0.179393 0.804138 0.255390
0 0.269241 0.456496 0.536552 0.336039
0 0.128552 0.734116 0.255172 0.262627
0 0.268552 0.894225 0.529655 0.208551
0 0.520966 0.689655 0.554483 0.262627
0 0.741552 0.427545 0.512897 0.305020
0 0.891897 0.645660 0.212207 0.205863
0 0.769931 0.841131 0.453793 0.226439
0 0.882931 0.942279 0.230138 0.112444
0 0.561655 0.942460 0.412414 0.110634
0 0.075448 0.086336 0.146207 0.083751
0 0.042345 0.164918 0.082759 0.077547
0 0.089241 0.232125 0.154483 0.073412
0 0.114069 0.162333 0.085517 0.076513
0 0.135448 0.023264 0.169655 0.044461
0 0.288552 0.025849 0.150345 0.047562
