0 0.938000 0.303519 0.108000 0.173021
0 0.958000 0.467742 0.084000 0.173021
0 0.955000 0.627566 0.090000 0.181818
0 0.952000 0.787390 0.092000 0.173021
0 0.948000 0.934018 0.100000 0.131965
0 0.901000 0.456012 0.038000 0.161290
0 0.901000 0.624633 0.034000 0.175953
0 0.895000 0.797654 0.030000 0.170088
0 0.892000 0.939883 0.024000 0.114370
0 0.746000 0.104106 0.208000 0.208211
0 0.753000 0.228739 0.278000 0.240469
0 0.767000 0.416422 0.238000 0.222874
0 0.761000 0.623167 0.246000 0.231672
0 0.761000 0.825513 0.238000 0.249267
0 0.793000 0.973607 0.170000 0.052786
0 0.605000 0.934018 0.226000 0.131965
0 0.554000 0.422287 0.188000 0.199413
0 0.545000 0.604106 0.190000 0.199413
0 0.536000 0.793255 0.196000 0.219941
0 0.462000 0.928152 0.060000 0.143695
0 0.335000 0.129032 0.234000 0.258065
0 0.318000 0.354839 0.236000 0.287390
0 0.310000 0.608504 0.248000 0.278592
0 0.297000 0.866569 0.254000 0.260997
0 0.116000 0.112903 0.232000 0.225806
0 0.109000 0.328446 0.218000 0.299120
0 0.100000 0.596774 0.200000 0.296188
0 0.091000 0.869501 0.182000 0.260997
