0 0.434569 0.020596 0.358537 0.039024
0 0.445545 0.063957 0.333333 0.101897
0 0.328878 0.111111 0.140650 0.033604
0 0.314244 0.138211 0.158537 0.037940
0 0.299203 0.178320 0.175610 0.055285
0 0.467496 0.120867 0.139837 0.037940
0 0.468715 0.146883 0.148780 0.037940
0 0.461398 0.184282 0.171545 0.054201
0 0.611398 0.127371 0.141463 0.033604
0 0.626846 0.178320 0.152846 0.072629
0 0.784976 0.047696 0.142276 0.095393
0 0.910179 0.113821 0.174797 0.227642
0 0.779691 0.170190 0.095935 0.093225
0 0.789041 0.184282 0.070732 0.062873
0 0.815870 0.191328 0.047967 0.040108
0 0.165870 0.249322 0.255285 0.119241
0 0.356114 0.255827 0.206504 0.112737
0 0.563024 0.266125 0.207317 0.115989
0 0.748390 0.272629 0.244715 0.118157
0 0.893919 0.272629 0.207317 0.115989
0 0.141480 0.533333 0.279675 0.453117
0 0.404488 0.538211 0.343902 0.447696
0 0.738634 0.546883 0.361789 0.454201
0 0.914862 0.553333 0.166276 0.445333
0 0.145138 0.865583 0.290244 0.224390
0 0.401642 0.866125 0.284553 0.223306
0 0.672374 0.868293 0.273171 0.210298
0 0.880715 0.874797 0.234569 0.203794
