0 0.270270 0.254545 0.432432 0.172727
0 0.711712 0.256818 0.432432 0.168182
0 0.121622 0.411364 0.243243 0.159091
0 0.373874 0.422727 0.279279 0.154545
0 0.648649 0.427273 0.288288 0.154545
0 0.882883 0.429545 0.234234 0.168182
0 0.130631 0.550000 0.243243 0.118182
0 0.364865 0.556818 0.243243 0.131818
0 0.626126 0.568182 0.243243 0.127273
0 0.878378 0.572727 0.243243 0.118182
0 0.180180 0.652273 0.234234 0.095455
0 0.396396 0.670455 0.234234 0.095455
0 0.626126 0.675000 0.243243 0.086364
0 0.869369 0.679545 0.243243 0.095455
0 0.234234 0.731818 0.198198 0.072727
0 0.427928 0.747727 0.189189 0.059091
0 0.626126 0.763636 0.207207 0.081818
0 0.860360 0.772727 0.225225 0.100000
0 0.977477 0.784091 0.045045 0.095455
0 0.986486 0.684091 0.027027 0.086364
