0 0.041617 0.187273 0.083234 0.370909
0 0.152141 0.183030 0.201944 0.357576
0 0.327136 0.176970 0.176701 0.345455
0 0.520211 0.174545 0.212178 0.340606
0 0.726249 0.164242 0.220365 0.324848
0 0.906362 0.163333 0.183524 0.313333
0 0.940815 0.450303 0.114617 0.266667
0 0.838137 0.453333 0.152141 0.270303
0 0.698618 0.465455 0.166468 0.289697
0 0.550230 0.479394 0.142589 0.288485
0 0.403207 0.492121 0.150094 0.296970
0 0.243561 0.506061 0.174655 0.310303
0 0.089033 0.527273 0.176701 0.340606
0 0.066178 0.826667 0.130991 0.299394
0 0.195463 0.796364 0.169879 0.287273
0 0.345557 0.773939 0.149412 0.276364
0 0.515777 0.742424 0.191028 0.281212
0 0.703394 0.718182 0.189664 0.283636
0 0.877025 0.700606 0.187617 0.236364
0 0.968787 0.694545 0.058673 0.226667
0 0.921798 0.902273 0.136278 0.188788
0 0.982176 0.901667 0.031895 0.190000
0 0.808119 0.904697 0.131673 0.183939
0 0.684547 0.915000 0.134573 0.163333
0 0.546307 0.923485 0.124510 0.146364
0 0.417022 0.935606 0.136108 0.122121
0 0.275286 0.950758 0.143954 0.091818
0 0.102678 0.962273 0.205356 0.068788
