0 0.025124 0.158732 0.050247 0.086536
0 0.121381 0.142268 0.193814 0.220619
0 0.122928 0.257732 0.192784 0.111340
0 0.014299 0.256155 0.028598 0.108309
0 0.024608 0.419000 0.049216 0.218000
0 0.029247 0.635340 0.058495 0.225320
0 0.029763 0.850515 0.059526 0.218557
0 0.039041 0.964948 0.078082 0.065979
0 0.200247 0.380928 0.306186 0.223711
0 0.499732 0.380928 0.296907 0.223711
0 0.802825 0.375773 0.301031 0.225773
0 0.699732 0.234021 0.189691 0.065979
0 0.704371 0.129381 0.192784 0.143299
0 0.511072 0.130928 0.195876 0.148454
0 0.507979 0.236082 0.191753 0.068041
0 0.315711 0.234536 0.192784 0.069072
0 0.312103 0.120103 0.185567 0.153608
0 0.147155 0.822680 0.181443 0.222680
0 0.329113 0.823196 0.182474 0.213402
0 0.503340 0.822680 0.182474 0.216495
0 0.684268 0.819072 0.183505 0.215464
0 0.871381 0.819588 0.196907 0.222680
0 0.864165 0.961856 0.176289 0.070103
0 0.687876 0.962887 0.178351 0.070103
0 0.511320 0.962918 0.170639 0.070165
0 0.337299 0.964979 0.182598 0.066041
0 0.157979 0.962402 0.170103 0.071196
0 0.502309 0.602062 0.297938 0.218557
0 0.809526 0.602062 0.293814 0.216495
0 0.203340 0.602577 0.295876 0.219588
