0 0.923000 0.545727 0.154000 0.098951
0 0.930000 0.453523 0.140000 0.094453
0 0.760000 0.460270 0.224000 0.104948
0 0.749000 0.557721 0.214000 0.110945
0 0.767000 0.650675 0.286000 0.119940
0 0.759000 0.738381 0.282000 0.127436
0 0.950000 0.625937 0.100000 0.091454
0 0.947000 0.706897 0.106000 0.091454
0 0.903000 0.790105 0.194000 0.110945
0 0.892000 0.867316 0.180000 0.109445
0 0.912000 0.926537 0.116000 0.092954
0 0.734000 0.955022 0.252000 0.089955
0 0.706000 0.913793 0.200000 0.130435
0 0.712000 0.832084 0.200000 0.116942
0 0.440000 0.894303 0.340000 0.172414
0 0.492000 0.780360 0.256000 0.136432
0 0.439000 0.948276 0.334000 0.100450
0 0.130000 0.943028 0.260000 0.113943
0 0.182000 0.844828 0.364000 0.178411
0 0.499000 0.684408 0.254000 0.133433
0 0.187000 0.705397 0.374000 0.232384
0 0.418000 0.565217 0.456000 0.176912
0 0.420000 0.460270 0.468000 0.155922
0 0.418000 0.350075 0.480000 0.133433
0 0.421000 0.213643 0.498000 0.157421
0 0.434000 0.085457 0.516000 0.170915
0 0.807000 0.123688 0.242000 0.145427
0 0.955000 0.147676 0.090000 0.118441
0 0.820000 0.242879 0.300000 0.125937
0 0.806000 0.351574 0.296000 0.109445
0 0.970000 0.356072 0.060000 0.100450
0 0.817000 0.041979 0.234000 0.083958
0 0.095000 0.534483 0.190000 0.106447
0 0.095000 0.437031 0.190000 0.109445
0 0.092000 0.332084 0.184000 0.106447
0 0.087000 0.223388 0.174000 0.116942
0 0.089000 0.109445 0.178000 0.125937
