0 0.133100 0.173892 0.075315 0.220751
0 0.210038 0.172102 0.082457 0.231490
0 0.290547 0.177472 0.085054 0.225524
0 0.375601 0.176278 0.087651 0.235070
0 0.464225 0.173295 0.093494 0.248195
0 0.548955 0.175085 0.099338 0.244615
0 0.634658 0.178665 0.099338 0.256548
0 0.722958 0.182244 0.088949 0.249388
0 0.809960 0.215655 0.092845 0.311437
0 0.898260 0.186421 0.092845 0.219557
0 0.092520 0.431633 0.181145 0.297118
0 0.277561 0.439389 0.190235 0.310244
0 0.476561 0.445355 0.211661 0.307858
0 0.671017 0.435213 0.178548 0.280413
0 0.872289 0.402398 0.223997 0.231490
0 0.868394 0.614200 0.226594 0.199272
0 0.093819 0.720399 0.181145 0.289959
0 0.278211 0.726365 0.191534 0.282799
0 0.472341 0.732928 0.198026 0.274447
0 0.678483 0.722785 0.203870 0.301891
0 0.883544 0.847479 0.227029 0.269674
0 0.134398 0.897172 0.268796 0.194845
0 0.144462 0.905352 0.086352 0.101426
0 0.284379 0.924020 0.196078 0.141149
0 0.478509 0.932373 0.196078 0.124444
0 0.673289 0.931007 0.197377 0.126484
0 0.882678 0.971153 0.225295 0.046883
