0 0.056000 0.252907 0.112000 0.331395
0 0.057000 0.562500 0.114000 0.305233
0 0.062000 0.845930 0.124000 0.302326
0 0.065000 0.056686 0.046000 0.113372
0 0.111000 0.117733 0.050000 0.235465
0 0.161000 0.119186 0.050000 0.238372
0 0.208000 0.126453 0.052000 0.252907
0 0.374000 0.133721 0.284000 0.267442
0 0.122000 0.335756 0.028000 0.235465
0 0.161000 0.344477 0.054000 0.252907
0 0.212000 0.367733 0.052000 0.258721
0 0.263000 0.389535 0.058000 0.273256
0 0.436000 0.408430 0.292000 0.287791
0 0.122000 0.547965 0.028000 0.252907
0 0.162000 0.572674 0.056000 0.261628
0 0.215000 0.607558 0.054000 0.273256
0 0.266000 0.638081 0.056000 0.281977
0 0.439000 0.677326 0.290000 0.290698
0 0.125000 0.779070 0.022000 0.238372
0 0.166000 0.805233 0.060000 0.261628
0 0.216000 0.843023 0.052000 0.279070
0 0.269000 0.872093 0.062000 0.255814
0 0.445000 0.890988 0.294000 0.218023
0 0.620000 0.125000 0.212000 0.250000
0 0.547000 0.383721 0.506000 0.296512
0 0.693000 0.643895 0.218000 0.276163
0 0.696000 0.875000 0.212000 0.250000
0 0.862000 0.127907 0.272000 0.255814
0 0.899000 0.370640 0.198000 0.270349
0 0.900000 0.613372 0.196000 0.273256
0 0.900000 0.857558 0.196000 0.273256
