0 0.265297 0.192973 0.470270 0.301622
0 0.057730 0.051351 0.040000 0.037838
0 0.109081 0.047568 0.080000 0.028108
0 0.335027 0.088649 0.378378 0.112432
0 0.503676 0.249189 0.062703 0.210811
0 0.689622 0.107568 0.307027 0.132973
0 0.921649 0.106946 0.152703 0.129892
0 0.635568 0.271892 0.207568 0.195676
0 0.840432 0.273514 0.202162 0.196757
0 0.969757 0.272000 0.056486 0.204000
0 0.104216 0.471351 0.135135 0.257297
0 0.346919 0.464324 0.369730 0.269189
0 0.684757 0.465946 0.312432 0.194595
0 0.918405 0.470324 0.159189 0.203351
0 0.051784 0.721622 0.034595 0.243243
0 0.276108 0.714595 0.437838 0.291892
0 0.515568 0.652973 0.036757 0.211892
0 0.635568 0.653514 0.205405 0.191351
0 0.838811 0.657838 0.218378 0.184865
0 0.970297 0.661595 0.055405 0.175189
0 0.122595 0.920000 0.171892 0.155676
0 0.365297 0.872432 0.315676 0.242162
0 0.519892 0.962162 0.028108 0.064865
0 0.672324 0.840541 0.320000 0.180541
0 0.917324 0.846270 0.161351 0.188541
0 0.629081 0.961622 0.209730 0.070270
0 0.837189 0.961081 0.215135 0.069189
0 0.968676 0.963838 0.058649 0.063676
