0 0.295655 0.048079 0.551724 0.092023
0 0.785448 0.052215 0.425103 0.096159
0 0.897862 0.212894 0.200276 0.233883
0 0.628759 0.224371 0.368276 0.260559
0 0.230586 0.229540 0.461172 0.295714
0 0.323000 0.474073 0.646000 0.311224
0 0.819931 0.427054 0.356138 0.227421
0 0.816483 0.603216 0.363034 0.234917
0 0.343931 0.693274 0.587586 0.294680
0 0.626690 0.810629 0.286897 0.225405
0 0.878414 0.746006 0.216552 0.189216
0 0.281172 0.877682 0.412414 0.241638
0 0.439483 0.943856 0.390966 0.109290
0 0.801172 0.888694 0.335172 0.216099
0 0.830828 0.953316 0.206897 0.086853
0 0.687379 0.983818 0.096552 0.027917
