0 0.101127 0.201587 0.202254 0.403175
0 0.279655 0.196977 0.235674 0.393348
0 0.508206 0.196800 0.230952 0.393600
0 0.719682 0.202043 0.241334 0.400146
0 0.893700 0.212278 0.208600 0.424556
0 0.109434 0.507345 0.218868 0.257547
0 0.292792 0.511885 0.219985 0.251504
0 0.493009 0.513719 0.194782 0.254564
0 0.689393 0.526606 0.213214 0.266349
0 0.875743 0.533386 0.227230 0.261971
0 0.824570 0.747626 0.205008 0.189880
0 0.663067 0.724257 0.176839 0.224935
0 0.491862 0.736776 0.179969 0.196557
0 0.316745 0.737209 0.195305 0.202430
0 0.140376 0.723839 0.198122 0.219927
0 0.177152 0.874739 0.164632 0.088394
0 0.324570 0.877413 0.167136 0.083046
0 0.483568 0.876578 0.161502 0.082212
0 0.641315 0.876995 0.161502 0.083046
0 0.792945 0.876787 0.167424 0.082629
