0 0.127618 0.125410 0.254237 0.247174
0 0.123412 0.429752 0.246824 0.373554
0 0.116959 0.707863 0.233918 0.184273
0 0.114226 0.886441 0.226778 0.189149
0 0.386468 0.072790 0.271415 0.140738
0 0.380962 0.286656 0.271548 0.308462
0 0.360920 0.577128 0.255172 0.288701
0 0.361208 0.854188 0.270017 0.269296
0 0.644630 0.073003 0.257407 0.146006
0 0.638333 0.294001 0.247037 0.298439
0 0.608519 0.574992 0.276296 0.291093
0 0.609074 0.850015 0.240370 0.260178
0 0.879556 0.083716 0.236889 0.167432
0 0.875667 0.303673 0.244667 0.311662
0 0.869000 0.584046 0.258000 0.281040
0 0.855360 0.847524 0.266356 0.257169
