0 0.248191 0.185766 0.103191 0.120213
0 0.407766 0.174064 0.213830 0.130851
0 0.285957 0.300128 0.117021 0.117021
0 0.393936 0.301191 0.124468 0.121277
0 0.527979 0.290021 0.175532 0.145745
0 0.739681 0.282043 0.258511 0.161702
0 0.270532 0.416617 0.105319 0.111702
0 0.385426 0.424596 0.128723 0.121277
0 0.526383 0.434170 0.165957 0.136170
0 0.745000 0.439489 0.275532 0.153191
0 0.254043 0.523532 0.146809 0.117021
0 0.377447 0.535234 0.121277 0.112766
0 0.489681 0.563957 0.218085 0.163830
0 0.724787 0.590553 0.254255 0.165957
0 0.239149 0.635234 0.102128 0.114894
0 0.335426 0.644277 0.103191 0.128723
0 0.474255 0.703851 0.219149 0.160638
0 0.281702 0.744277 0.112766 0.120213
0 0.456702 0.805447 0.239362 0.191489
0 0.699787 0.719277 0.246809 0.200000
0 0.762553 0.865553 0.310638 0.235106
0 0.940213 0.590553 0.112766 0.176596
0 0.978149 0.758426 0.039702 0.159149
0 0.967511 0.861830 0.060979 0.193617
