0 0.964000 0.205184 0.072000 0.151188
0 0.826000 0.195464 0.204000 0.153348
0 0.961000 0.350972 0.078000 0.149028
0 0.960000 0.498920 0.080000 0.138229
0 0.963000 0.642549 0.074000 0.149028
0 0.962000 0.789417 0.076000 0.153348
0 0.957000 0.931965 0.086000 0.136069
0 0.827000 0.344492 0.194000 0.153348
0 0.819000 0.495680 0.206000 0.153348
0 0.819000 0.645788 0.214000 0.151188
0 0.816000 0.791577 0.200000 0.144708
0 0.812000 0.933045 0.200000 0.133909
0 0.556000 0.093952 0.348000 0.187905
0 0.566000 0.286177 0.356000 0.226782
0 0.557000 0.495680 0.346000 0.213823
0 0.562000 0.704104 0.336000 0.207343
0 0.555000 0.901728 0.334000 0.192225
0 0.196000 0.083153 0.384000 0.166307
0 0.198000 0.273218 0.364000 0.226782
0 0.197000 0.490281 0.362000 0.220302
0 0.203000 0.703024 0.358000 0.218143
0 0.200000 0.904968 0.352000 0.190065
