0 0.189000 0.270667 0.274000 0.125333
0 0.458000 0.272000 0.256000 0.117333
0 0.718000 0.267333 0.260000 0.126667
0 0.896000 0.270000 0.096000 0.118667
0 0.186000 0.409333 0.276000 0.136000
0 0.450000 0.403333 0.268000 0.116000
0 0.710000 0.402000 0.256000 0.121333
0 0.889000 0.402000 0.114000 0.116000
0 0.210000 0.536667 0.276000 0.126667
0 0.473000 0.530667 0.258000 0.112000
0 0.726000 0.521333 0.252000 0.112000
0 0.896000 0.518000 0.096000 0.113333
0 0.214000 0.660000 0.276000 0.120000
0 0.476000 0.654667 0.260000 0.120000
0 0.726000 0.642000 0.256000 0.124000
0 0.897000 0.642000 0.106000 0.116000
0 0.222000 0.777333 0.272000 0.130667
0 0.480000 0.772000 0.256000 0.125333
0 0.725000 0.758667 0.266000 0.128000
0 0.899000 0.747333 0.102000 0.110667
0 0.254000 0.878000 0.260000 0.089333
0 0.502000 0.874000 0.248000 0.097333
0 0.744000 0.865333 0.236000 0.112000
0 0.904000 0.860000 0.084000 0.114667
0 0.064000 0.531333 0.024000 0.118667
0 0.069000 0.659333 0.038000 0.145333
0 0.080000 0.777333 0.060000 0.133333
0 0.089000 0.882667 0.082000 0.077333
