0 0.198238 0.154219 0.396476 0.293623
0 0.695839 0.179907 0.604322 0.286112
0 0.893042 0.034887 0.209916 0.066522
0 0.951084 0.416545 0.093832 0.193732
0 0.468168 0.391634 0.936336 0.212287
0 0.923112 0.573499 0.149776 0.180264
0 0.632839 0.593183 0.453147 0.192696
0 0.203133 0.602196 0.406266 0.214867
0 0.417818 0.754105 0.835636 0.154012
0 0.171664 0.910624 0.343329 0.172826
0 0.624448 0.880673 0.469930 0.187516
0 0.908364 0.708179 0.148252 0.192696
0 0.899972 0.824729 0.156643 0.233100
0 0.969203 0.842989 0.057343 0.311059
