0 0.194000 0.188156 0.156000 0.235382
0 0.311000 0.192654 0.130000 0.226387
0 0.424000 0.192654 0.116000 0.223388
0 0.538000 0.197901 0.108000 0.218891
0 0.644000 0.201649 0.124000 0.214393
0 0.749000 0.199400 0.134000 0.215892
0 0.222000 0.425037 0.444000 0.298351
0 0.487000 0.430285 0.170000 0.251874
0 0.591000 0.426537 0.182000 0.244378
0 0.808000 0.416042 0.384000 0.253373
0 0.113000 0.672414 0.162000 0.205397
0 0.241000 0.662669 0.138000 0.197901
0 0.362000 0.654423 0.120000 0.196402
0 0.477000 0.646927 0.110000 0.187406
0 0.591000 0.640930 0.122000 0.187406
0 0.700000 0.634933 0.124000 0.190405
0 0.805000 0.625937 0.126000 0.187406
0 0.900000 0.617691 0.124000 0.176912
0 0.239000 0.839580 0.362000 0.188906
0 0.475000 0.818591 0.102000 0.167916
0 0.582000 0.811844 0.108000 0.160420
0 0.776000 0.791604 0.296000 0.176912
