0 0.188723 0.124532 0.377447 0.249064
0 0.536489 0.130979 0.350000 0.257447
0 0.797660 0.132574 0.168085 0.262766
0 0.939319 0.138957 0.117362 0.250000
0 0.941979 0.384064 0.112043 0.232128
0 0.754043 0.394809 0.263830 0.263830
0 0.436489 0.413957 0.386170 0.312766
0 0.139787 0.425000 0.279574 0.366000
0 0.216383 0.750128 0.432766 0.387234
0 0.526915 0.674596 0.218085 0.285106
0 0.720532 0.643213 0.175532 0.262766
0 0.904745 0.611085 0.186511 0.246170
0 0.943936 0.800128 0.107447 0.223404
0 0.813085 0.845340 0.147872 0.252128
0 0.641277 0.876191 0.195745 0.243617
0 0.440745 0.898000 0.250000 0.200000
0 0.168404 0.932043 0.313830 0.129787
0 0.906340 0.937000 0.183319 0.122000
0 0.744340 0.974064 0.140681 0.047872
