0 0.150937 0.027789 0.299217 0.053482
0 0.406809 0.020449 0.215324 0.040898
0 0.655691 0.014157 0.288031 0.024119
0 0.923979 0.108536 0.147875 0.210780
0 0.682956 0.116925 0.350951 0.225461
0 0.399119 0.132655 0.216723 0.198196
0 0.146078 0.146288 0.292156 0.204488
0 0.127866 0.338716 0.225112 0.186661
0 0.371854 0.335570 0.321588 0.203440
0 0.636815 0.328230 0.230705 0.209732
0 0.875042 0.314419 0.245749 0.210088
0 0.874343 0.512458 0.247148 0.199916
0 0.641709 0.516988 0.223714 0.186661
0 0.390730 0.518037 0.300615 0.180369
0 0.148839 0.521707 0.211130 0.179320
0 0.031425 0.523280 0.062850 0.182466
0 0.027929 0.702601 0.055859 0.176174
0 0.191485 0.697882 0.313199 0.185612
0 0.443163 0.699979 0.204139 0.181418
0 0.701133 0.704174 0.320190 0.187710
0 0.928174 0.701028 0.139485 0.185612
0 0.930970 0.877900 0.133893 0.172326
0 0.710221 0.880872 0.321588 0.163591
0 0.450154 0.872483 0.212528 0.165688
0 0.206166 0.874581 0.300615 0.167785
0 0.036319 0.874025 0.072637 0.166799
0 0.045407 0.976300 0.090814 0.044044
0 0.182397 0.977349 0.185962 0.041946
0 0.417296 0.977931 0.295022 0.041013
0 0.778565 0.979771 0.438702 0.034207
0 0.020204 0.342387 0.037752 0.185612
