0 0.281818 0.088636 0.187879 0.150000
0 0.466667 0.047727 0.181818 0.095455
0 0.651515 0.043182 0.212121 0.077273
0 0.230303 0.175000 0.230303 0.140909
0 0.457576 0.161364 0.212121 0.150000
0 0.666667 0.147727 0.218182 0.159091
0 0.169697 0.306818 0.133333 0.131818
0 0.290909 0.300000 0.121212 0.145455
0 0.424242 0.302273 0.157576 0.140909
0 0.560606 0.297727 0.139394 0.150000
0 0.709091 0.286364 0.157576 0.154545
0 0.196970 0.445455 0.212121 0.136364
0 0.415152 0.447727 0.224242 0.140909
0 0.678788 0.440909 0.242424 0.163636
0 0.154545 0.584091 0.127273 0.140909
0 0.284848 0.581818 0.133333 0.145455
0 0.415152 0.590909 0.139394 0.145455
0 0.560606 0.602273 0.151515 0.159091
0 0.712121 0.602273 0.163636 0.159091
0 0.163636 0.725000 0.193939 0.150000
0 0.390909 0.727273 0.260606 0.154545
0 0.651515 0.754545 0.260606 0.154545
0 0.130303 0.868182 0.127273 0.154545
0 0.254545 0.877273 0.133333 0.172727
0 0.387879 0.890909 0.145455 0.172727
0 0.542424 0.888636 0.151515 0.204545
0 0.696970 0.913636 0.157576 0.172727
0 0.869697 0.443182 0.139394 0.086364
0 0.869697 0.525000 0.139394 0.086364
0 0.806061 0.606818 0.036364 0.086364
0 0.884848 0.606818 0.121212 0.086364
0 0.848485 0.688636 0.133333 0.077273
0 0.854545 0.770455 0.169697 0.095455
0 0.054545 0.350000 0.109091 0.181818
0 0.042424 0.488636 0.084848 0.086364
0 0.057576 0.150000 0.115152 0.109091
0 0.057576 0.225000 0.115152 0.159091
0 0.042424 0.579545 0.084848 0.122727
0 0.045455 0.688636 0.090909 0.095455
0 0.036364 0.786364 0.072727 0.100000
