0 0.099000 0.217333 0.198000 0.424000
0 0.301000 0.208000 0.262000 0.394667
0 0.543620 0.209736 0.228760 0.369860
0 0.746000 0.237333 0.196000 0.320000
0 0.907000 0.230667 0.186000 0.306667
0 0.982000 0.281333 0.036000 0.189333
0 0.337000 0.010667 0.246000 0.021333
0 0.578000 0.018667 0.220000 0.037333
0 0.100000 0.596000 0.200000 0.381333
0 0.302000 0.572000 0.240000 0.354667
0 0.527000 0.537333 0.190000 0.312000
0 0.703000 0.528000 0.190000 0.298667
0 0.870000 0.504000 0.192000 0.256000
0 0.962000 0.494667 0.076000 0.237333
0 0.775000 0.040000 0.186000 0.080000
0 0.933000 0.042667 0.134000 0.085333
0 0.098000 0.872000 0.196000 0.256000
0 0.301000 0.852000 0.214000 0.296000
0 0.506000 0.813333 0.200000 0.309333
0 0.675000 0.768000 0.170000 0.261333
0 0.831000 0.738667 0.194000 0.266667
0 0.951000 0.701333 0.098000 0.213333
0 0.322000 0.977333 0.160000 0.045333
0 0.491000 0.952000 0.166000 0.096000
0 0.654000 0.929333 0.172000 0.141333
0 0.795000 0.922667 0.134000 0.154667
0 0.905000 0.897333 0.114000 0.194667
0 0.960000 0.848000 0.080000 0.304000
