0 0.140223 0.034953 0.279702 0.069906
0 0.144507 0.190626 0.289013 0.324857
0 0.147858 0.514307 0.294227 0.342480
0 0.145624 0.801567 0.290503 0.377726
0 0.145000 0.931956 0.290000 0.129778
0 0.391806 0.883492 0.197393 0.226706
0 0.392737 0.701702 0.204469 0.302534
0 0.395531 0.461731 0.205587 0.272574
0 0.397579 0.197087 0.214898 0.273161
0 0.389572 0.043177 0.218994 0.086354
0 0.573202 0.208048 0.145476 0.222870
0 0.573086 0.060749 0.149420 0.120767
0 0.705568 0.073741 0.116473 0.146750
0 0.704408 0.222504 0.117401 0.188103
0 0.572506 0.429271 0.146404 0.229823
0 0.569258 0.634025 0.149188 0.255806
0 0.566705 0.827984 0.156148 0.273372
0 0.565661 0.936294 0.148956 0.121103
0 0.770186 0.932832 0.236891 0.127354
0 0.825218 0.838963 0.345564 0.315091
0 0.825566 0.641162 0.344868 0.292768
0 0.827262 0.419024 0.341299 0.251780
0 0.884708 0.193673 0.226387 0.199112
0 0.809300 0.072082 0.092200 0.143533
0 0.891300 0.063722 0.073800 0.102839
0 0.959000 0.069874 0.060400 0.068454
