0 0.912000 0.150794 0.176000 0.291005
0 0.728000 0.141534 0.224000 0.283069
0 0.516000 0.149471 0.224000 0.298942
0 0.288000 0.145503 0.224000 0.291005
0 0.088000 0.144180 0.176000 0.288360
0 0.906000 0.427249 0.188000 0.267196
0 0.723000 0.417989 0.214000 0.264550
0 0.522000 0.424603 0.204000 0.256614
0 0.306000 0.416667 0.204000 0.256614
0 0.104000 0.423280 0.208000 0.264550
0 0.897000 0.674603 0.206000 0.253968
0 0.709000 0.669312 0.202000 0.232804
0 0.516000 0.669312 0.192000 0.243386
0 0.319000 0.667989 0.194000 0.246032
0 0.116000 0.682540 0.220000 0.259259
0 0.877000 0.890212 0.206000 0.219577
0 0.696000 0.895503 0.192000 0.208995
0 0.511000 0.896825 0.186000 0.206349
0 0.320000 0.899471 0.188000 0.201058
0 0.128000 0.902116 0.196000 0.195767
