0 0.816000 0.010667 0.212000 0.021333
0 0.563000 0.024000 0.274000 0.048000
0 0.381000 0.028000 0.082000 0.056000
0 0.170000 0.026667 0.340000 0.053333
0 0.187000 0.166667 0.374000 0.317333
0 0.452000 0.173333 0.180000 0.261333
0 0.660000 0.160000 0.236000 0.282667
0 0.889000 0.148000 0.222000 0.296000
0 0.858000 0.424000 0.284000 0.261333
0 0.578000 0.422667 0.272000 0.248000
0 0.394000 0.420000 0.096000 0.226667
0 0.176000 0.449333 0.352000 0.290667
0 0.207000 0.708000 0.382000 0.333333
0 0.443000 0.657333 0.218000 0.274667
0 0.652000 0.680000 0.236000 0.282667
0 0.881000 0.697333 0.238000 0.296000
0 0.126000 0.922667 0.196000 0.154667
0 0.372000 0.889333 0.312000 0.221333
0 0.593000 0.897333 0.306000 0.205333
0 0.848000 0.902667 0.304000 0.194667
