0 0.411000 0.116000 0.194000 0.184000
0 0.605000 0.124000 0.190000 0.184000
0 0.302000 0.294667 0.200000 0.184000
0 0.501000 0.302667 0.194000 0.184000
0 0.695000 0.305333 0.194000 0.184000
0 0.812000 0.493333 0.196000 0.181333
0 0.809000 0.676000 0.198000 0.189333
0 0.951000 0.890667 0.098000 0.218667
0 0.618000 0.488000 0.192000 0.181333
0 0.423000 0.484000 0.202000 0.189333
0 0.218000 0.477333 0.212000 0.186667
0 0.207000 0.669333 0.210000 0.192000
0 0.199000 0.856000 0.202000 0.186667
0 0.400000 0.857333 0.200000 0.189333
0 0.602000 0.856000 0.200000 0.192000
0 0.802000 0.862667 0.200000 0.184000
0 0.412000 0.669333 0.200000 0.186667
0 0.614000 0.673333 0.200000 0.189333
