0 0.136000 0.162556 0.184000 0.293722
0 0.316000 0.158072 0.184000 0.298206
0 0.499000 0.160314 0.186000 0.298206
0 0.674000 0.162556 0.188000 0.293722
0 0.852000 0.161435 0.188000 0.300448
0 0.127000 0.473094 0.194000 0.331839
0 0.315000 0.470852 0.190000 0.327354
0 0.504000 0.473094 0.192000 0.331839
0 0.115000 0.808296 0.198000 0.347534
0 0.310000 0.810538 0.204000 0.352018
0 0.504000 0.813901 0.196000 0.358744
0 0.692000 0.475336 0.196000 0.336323
0 0.877000 0.467489 0.194000 0.329596
0 0.699000 0.816143 0.198000 0.354260
0 0.889000 0.804933 0.194000 0.354260
