0 0.085000 0.066066 0.170000 0.120120
0 0.258000 0.069069 0.188000 0.123123
0 0.435000 0.077327 0.178000 0.127628
0 0.608000 0.072823 0.176000 0.118619
0 0.777000 0.074324 0.166000 0.121622
0 0.926000 0.078829 0.148000 0.109610
0 0.174000 0.183183 0.348000 0.114114
0 0.536000 0.185435 0.316000 0.109610
0 0.847000 0.184685 0.306000 0.111111
0 0.101000 0.295796 0.194000 0.111111
0 0.280000 0.295796 0.184000 0.111111
0 0.451000 0.291291 0.174000 0.108108
0 0.617000 0.292793 0.166000 0.102102
0 0.778000 0.292042 0.168000 0.103604
0 0.928000 0.289039 0.144000 0.100601
0 0.180000 0.399399 0.332000 0.111111
0 0.525000 0.394895 0.326000 0.102102
0 0.839000 0.391892 0.306000 0.105105
0 0.915000 0.483483 0.154000 0.099099
0 0.115000 0.505255 0.182000 0.103604
0 0.283000 0.498498 0.174000 0.108108
0 0.450000 0.495495 0.168000 0.099099
0 0.607000 0.493243 0.158000 0.097598
0 0.762000 0.487988 0.160000 0.093093
0 0.188000 0.599850 0.324000 0.103604
0 0.540000 0.584835 0.288000 0.097598
0 0.828000 0.577327 0.292000 0.094595
0 0.121000 0.693694 0.178000 0.090090
0 0.285000 0.664414 0.170000 0.127628
0 0.443000 0.662913 0.158000 0.130631
0 0.598000 0.672673 0.152000 0.093093
0 0.745000 0.668168 0.150000 0.093093
0 0.892000 0.663664 0.148000 0.087087
0 0.220000 0.773273 0.304000 0.102102
0 0.534000 0.760511 0.292000 0.094595
0 0.817000 0.749249 0.278000 0.093093
0 0.881000 0.825075 0.142000 0.085586
0 0.742000 0.830330 0.144000 0.087087
0 0.597000 0.838589 0.150000 0.088589
0 0.450000 0.825075 0.160000 0.124625
0 0.302000 0.852853 0.156000 0.090090
0 0.145000 0.851351 0.162000 0.099099
