0 0.124335 0.028513 0.157873 0.056414
0 0.117791 0.098724 0.164417 0.170467
0 0.085276 0.238224 0.105930 0.144713
0 0.203885 0.222588 0.123108 0.154524
0 0.316564 0.076955 0.221677 0.151458
0 0.346421 0.205572 0.158691 0.171387
0 0.083231 0.371440 0.106748 0.131529
0 0.200613 0.364695 0.134560 0.140114
0 0.351943 0.358103 0.168916 0.155137
0 0.015337 0.376805 0.029857 0.105469
0 0.121063 0.506035 0.166871 0.137048
0 0.313497 0.514313 0.213906 0.156057
0 0.124744 0.637105 0.153783 0.145326
0 0.310429 0.662092 0.215951 0.172000
0 0.020041 0.481814 0.040082 0.100257
0 0.024131 0.581918 0.047444 0.100563
0 0.023926 0.683554 0.046217 0.105162
0 0.113701 0.760500 0.159509 0.170755
0 0.073620 0.883147 0.107159 0.164028
0 0.186699 0.914393 0.134560 0.170615
0 0.074986 0.963282 0.101971 0.070437
0 0.169530 0.984017 0.090389 0.028513
0 0.298569 0.807572 0.211043 0.194381
0 0.320513 0.932576 0.165501 0.131053
0 0.573776 0.342049 0.273427 0.189241
0 0.560140 0.172990 0.269930 0.215452
0 0.518182 0.058843 0.173427 0.117686
0 0.713095 0.042613 0.219643 0.084333
0 0.864119 0.128598 0.266667 0.220272
0 0.858023 0.320512 0.279953 0.215236
0 0.511465 0.517894 0.174522 0.169979
0 0.712951 0.526329 0.225053 0.191942
0 0.505096 0.683735 0.175372 0.183348
0 0.538429 0.859443 0.267516 0.226638
0 0.535911 0.951731 0.264178 0.093539
0 0.841675 0.897141 0.312650 0.202720
0 0.704034 0.710632 0.219108 0.210404
0 0.905520 0.736893 0.184713 0.224728
0 0.907643 0.536197 0.180467 0.210404
0 0.916458 0.014993 0.163085 0.029985
0 0.018107 0.775538 0.034568 0.094397
0 0.009465 0.869627 0.018930 0.106737
0 0.013786 0.956738 0.027572 0.083526
