0 0.071247 0.277125 0.142494 0.151632
0 0.026459 0.417587 0.052919 0.139368
0 0.025687 0.557471 0.051375 0.140400
0 0.024143 0.696870 0.048286 0.142403
0 0.101954 0.289575 0.094981 0.122850
0 0.100795 0.404683 0.097297 0.111494
0 0.099637 0.517209 0.096525 0.115624
0 0.097320 0.625607 0.099614 0.121818
0 0.094232 0.737617 0.104247 0.126980
0 0.199251 0.754651 0.119691 0.138335
0 0.203112 0.635414 0.115058 0.124915
0 0.203884 0.513080 0.116602 0.117688
0 0.204656 0.395392 0.111969 0.123882
0 0.206973 0.274090 0.113514 0.135238
0 0.335158 0.254991 0.147490 0.146594
0 0.325892 0.383003 0.128958 0.140400
0 0.325506 0.515661 0.129730 0.139368
0 0.324347 0.646770 0.132046 0.141432
0 0.322031 0.777363 0.128958 0.150724
0 0.467977 0.240538 0.156757 0.161047
0 0.466819 0.378874 0.152896 0.148659
0 0.466046 0.523920 0.151351 0.149691
0 0.464116 0.662255 0.156757 0.147627
0 0.460255 0.804720 0.152124 0.172403
0 0.637089 0.844982 0.196911 0.188921
0 0.636703 0.684967 0.197683 0.174468
0 0.637475 0.530630 0.193050 0.158983
0 0.637861 0.369067 0.192278 0.164144
0 0.638247 0.215762 0.185328 0.175500
0 0.866772 0.120785 0.262456 0.231247
0 0.864842 0.307771 0.266317 0.214472
0 0.865228 0.495989 0.265544 0.200535
0 0.866000 0.698692 0.264000 0.212242
0 0.865614 0.885280 0.264772 0.224093
