0 0.747826 0.109827 0.182609 0.219653
0 0.876087 0.130058 0.073913 0.179191
0 0.941304 0.236994 0.117391 0.196532
0 0.860870 0.280347 0.034783 0.098266
0 0.956522 0.381503 0.086957 0.080925
0 0.873913 0.378613 0.069565 0.086705
0 0.965217 0.485549 0.069565 0.127168
0 0.884783 0.491329 0.100000 0.127168
0 0.950000 0.621387 0.100000 0.144509
0 0.865217 0.624277 0.060870 0.138728
0 0.910870 0.841040 0.178261 0.271676
0 0.560870 0.106936 0.173913 0.213873
0 0.363043 0.104046 0.186957 0.208092
0 0.160870 0.106936 0.191304 0.213873
0 0.034783 0.268786 0.069565 0.202312
0 0.208696 0.317919 0.278261 0.219653
0 0.445652 0.320809 0.178261 0.225434
0 0.691304 0.329480 0.295652 0.219653
0 0.745652 0.549133 0.169565 0.219653
0 0.560870 0.543353 0.182609 0.219653
0 0.360870 0.543353 0.182609 0.231214
0 0.158696 0.543353 0.186957 0.219653
0 0.206522 0.760116 0.291304 0.213873
0 0.439130 0.757225 0.182609 0.208092
0 0.678261 0.760116 0.286957 0.202312
0 0.732609 0.927746 0.169565 0.144509
0 0.560870 0.930636 0.165217 0.138728
0 0.382609 0.927746 0.173913 0.144509
0 0.186957 0.927746 0.182609 0.144509
