0 0.847000 0.138681 0.142000 0.142429
0 0.861000 0.286357 0.146000 0.158921
0 0.878000 0.448276 0.152000 0.167916
0 0.892000 0.621439 0.164000 0.184408
0 0.908000 0.813343 0.168000 0.193403
0 0.754000 0.809595 0.176000 0.206897
0 0.743000 0.617691 0.158000 0.179910
0 0.730000 0.445277 0.144000 0.164918
0 0.720000 0.284108 0.140000 0.154423
0 0.711000 0.134183 0.142000 0.148426
0 0.593000 0.814843 0.166000 0.205397
0 0.590000 0.619940 0.152000 0.184408
0 0.437000 0.615442 0.154000 0.178411
0 0.435000 0.802099 0.158000 0.194903
0 0.275000 0.803598 0.166000 0.194903
0 0.116000 0.805847 0.168000 0.193403
0 0.127000 0.619190 0.162000 0.185907
0 0.282000 0.616192 0.160000 0.179910
0 0.586000 0.444528 0.148000 0.166417
0 0.440000 0.442279 0.144000 0.167916
0 0.290000 0.444528 0.148000 0.166417
0 0.147000 0.446027 0.154000 0.166417
0 0.579000 0.284858 0.142000 0.152924
0 0.577000 0.134183 0.138000 0.142429
0 0.438000 0.281859 0.140000 0.152924
0 0.440000 0.131934 0.136000 0.146927
0 0.297000 0.284858 0.138000 0.152924
0 0.157000 0.286357 0.146000 0.155922
0 0.306000 0.134933 0.132000 0.143928
0 0.169000 0.136432 0.142000 0.146927
