0 0.026846 0.280759 0.052033 0.175610
0 0.455301 0.221138 0.390244 0.442276
0 0.140260 0.513279 0.275610 0.306775
0 0.450829 0.524119 0.397561 0.347967
0 0.694732 0.291057 0.088618 0.109485
0 0.785789 0.292683 0.104878 0.112737
0 0.691886 0.398916 0.092683 0.112737
0 0.784976 0.400000 0.095122 0.117073
0 0.693106 0.502439 0.090244 0.098645
0 0.787821 0.511111 0.095935 0.126829
0 0.720341 0.623306 0.115447 0.140921
0 0.658146 0.620054 0.021951 0.136585
0 0.803268 0.633062 0.061789 0.134417
0 0.929496 0.527371 0.137008 0.378320
0 0.181317 0.887805 0.354472 0.218970
0 0.805512 0.952304 0.384976 0.087805
