0 0.258000 0.189655 0.460000 0.379310
0 0.621000 0.206897 0.266000 0.318302
0 0.762000 0.213528 0.020000 0.278515
0 0.886000 0.188329 0.228000 0.376658
0 0.255000 0.603448 0.442000 0.453581
0 0.700000 0.582228 0.432000 0.453581
0 0.950000 0.596817 0.100000 0.445623
0 0.270000 0.911141 0.416000 0.177719
0 0.693000 0.903183 0.414000 0.188329
0 0.947000 0.896552 0.106000 0.206897
0 0.016000 0.043767 0.032000 0.087533
0 0.019000 0.156499 0.038000 0.100796
0 0.022000 0.270557 0.044000 0.100796
0 0.023000 0.383289 0.046000 0.098143
0 0.021000 0.497347 0.042000 0.103448
0 0.023000 0.606101 0.046000 0.087533
0 0.025000 0.710875 0.050000 0.100796
0 0.032000 0.811671 0.064000 0.079576
0 0.034000 0.908488 0.068000 0.087533
0 0.035000 0.981432 0.070000 0.037135
