0 0.290102 0.352273 0.088737 0.195455
0 0.319113 0.238636 0.037543 0.031818
0 0.377133 0.250000 0.092150 0.227273
0 0.462457 0.247727 0.092150 0.213636
0 0.549488 0.245455 0.088737 0.227273
0 0.648464 0.143182 0.116041 0.240909
0 0.757679 0.143182 0.116041 0.250000
0 0.307167 0.465909 0.034130 0.031818
0 0.276451 0.579545 0.095563 0.204545
0 0.366894 0.468182 0.092150 0.209091
0 0.455631 0.452273 0.092150 0.204545
0 0.542662 0.468182 0.088737 0.227273
0 0.645051 0.402273 0.116041 0.277273
0 0.754266 0.393182 0.116041 0.259091
0 0.757679 0.656818 0.122867 0.268182
0 0.298635 0.722727 0.037543 0.081818
0 0.360068 0.677273 0.098976 0.218182
0 0.448805 0.663636 0.098976 0.227273
0 0.534130 0.688636 0.092150 0.222727
0 0.641638 0.709091 0.122867 0.272727
0 0.375427 0.843182 0.177474 0.150000
0 0.523891 0.863636 0.167235 0.181818
0 0.715017 0.906818 0.215017 0.186364
0 0.735495 0.797727 0.071672 0.040909
