0 0.147583 0.027857 0.183206 0.038571
0 0.361323 0.026429 0.244275 0.038571
0 0.127226 0.072143 0.188295 0.041429
0 0.343511 0.070714 0.244275 0.044286
0 0.156489 0.115714 0.256997 0.048571
0 0.413486 0.115714 0.256997 0.051429
0 0.132316 0.165714 0.259542 0.048571
0 0.393130 0.163571 0.262087 0.047143
0 0.617048 0.154286 0.170483 0.042857
0 0.103053 0.216429 0.206107 0.055714
0 0.347328 0.213571 0.272265 0.050000
0 0.619593 0.215000 0.267176 0.052857
0 0.097964 0.274286 0.195929 0.060000
0 0.334606 0.267143 0.282443 0.060000
0 0.620865 0.267143 0.274809 0.057143
0 0.090331 0.330000 0.180662 0.051429
0 0.329517 0.325714 0.292621 0.060000
0 0.620865 0.330000 0.284987 0.065714
0 0.832061 0.347857 0.127226 0.044286
0 0.089059 0.390714 0.178117 0.070000
0 0.332061 0.390714 0.297710 0.070000
0 0.628499 0.390714 0.284987 0.067143
0 0.838422 0.396429 0.139949 0.052857
0 0.085242 0.458571 0.170483 0.068571
0 0.321883 0.456429 0.307888 0.064286
0 0.631043 0.456429 0.300254 0.070000
0 0.893130 0.460000 0.213740 0.074286
0 0.119593 0.530000 0.234097 0.077143
0 0.396947 0.525000 0.315522 0.070000
0 0.713740 0.527143 0.318066 0.077143
0 0.941476 0.527857 0.117048 0.075714
0 0.106870 0.603571 0.213740 0.072857
0 0.396947 0.599286 0.325700 0.078571
0 0.731552 0.601429 0.328244 0.077143
0 0.946565 0.606429 0.106870 0.075714
0 0.109415 0.685000 0.218830 0.092857
0 0.393130 0.682143 0.343511 0.084286
0 0.737913 0.684286 0.340967 0.088571
0 0.956743 0.688571 0.086514 0.088571
0 0.097964 0.773571 0.195929 0.095714
0 0.381679 0.769286 0.366412 0.095714
0 0.745547 0.770714 0.361323 0.095714
0 0.958015 0.777143 0.083969 0.088571
0 0.097964 0.868571 0.190840 0.097143
0 0.375318 0.864286 0.374046 0.100000
0 0.754453 0.868571 0.379135 0.105714
0 0.964377 0.872143 0.071247 0.101429
0 0.038168 0.957857 0.076336 0.081429
0 0.251908 0.956429 0.376590 0.081429
0 0.641221 0.957143 0.386768 0.082857
0 0.917303 0.960000 0.165394 0.077143
0 0.641221 0.199286 0.229008 0.050000
0 0.527990 0.162857 0.017812 0.045714
