0 0.218000 0.029307 0.340000 0.058615
0 0.542000 0.035524 0.300000 0.071048
0 0.836000 0.043517 0.296000 0.087034
0 0.223000 0.158970 0.350000 0.250444
0 0.544000 0.166963 0.312000 0.227353
0 0.831000 0.177620 0.294000 0.213144
0 0.202000 0.396980 0.364000 0.253996
0 0.534000 0.384547 0.316000 0.218472
0 0.824000 0.384547 0.292000 0.204263
0 0.199000 0.630551 0.358000 0.241563
0 0.524000 0.607460 0.312000 0.230906
0 0.822000 0.588810 0.296000 0.211368
0 0.192000 0.867673 0.352000 0.246892
0 0.194000 0.973357 0.340000 0.053286
0 0.519000 0.826821 0.314000 0.232682
0 0.806000 0.795737 0.284000 0.227353
0 0.530000 0.957371 0.296000 0.085258
0 0.817000 0.938721 0.270000 0.122558
0 0.970000 0.739787 0.060000 0.392540
