0 0.112591 0.797417 0.224213 0.238902
0 0.113317 0.557869 0.226634 0.285391
0 0.100969 0.266344 0.200000 0.317030
0 0.103632 0.064891 0.207264 0.129782
0 0.360775 0.043584 0.313801 0.087167
0 0.370218 0.257627 0.361743 0.349960
0 0.389104 0.555287 0.343341 0.290557
0 0.398547 0.797740 0.342857 0.238257
0 0.736562 0.771913 0.298305 0.248588
0 0.730024 0.511703 0.298789 0.289911
0 0.710169 0.262147 0.310412 0.290557
0 0.707990 0.071994 0.330266 0.143987
0 0.941857 0.232000 0.112286 0.298667
0 0.939920 0.521621 0.116160 0.275241
0 0.940162 0.782237 0.115676 0.252475
0 0.935804 0.045521 0.124392 0.087167
