0 0.333000 0.053333 0.258000 0.106667
0 0.592000 0.053333 0.268000 0.106667
0 0.286000 0.176000 0.180000 0.149333
0 0.460000 0.181333 0.176000 0.149333
0 0.634000 0.178667 0.176000 0.154667
0 0.800000 0.192000 0.164000 0.149333
0 0.279000 0.310667 0.242000 0.141333
0 0.522000 0.318667 0.244000 0.130667
0 0.776000 0.322667 0.240000 0.138667
0 0.241000 0.424000 0.158000 0.101333
0 0.401000 0.428000 0.158000 0.098667
0 0.560000 0.432000 0.160000 0.096000
0 0.778000 0.420000 0.224000 0.104000
0 0.257000 0.569333 0.306000 0.200000
0 0.527000 0.576000 0.274000 0.197333
0 0.788000 0.552000 0.284000 0.181333
0 0.201000 0.749333 0.210000 0.176000
0 0.387000 0.756000 0.198000 0.178667
0 0.580000 0.750667 0.196000 0.194667
0 0.804000 0.713333 0.276000 0.168000
0 0.298000 0.916000 0.356000 0.168000
0 0.575000 0.921333 0.202000 0.157333
0 0.770000 0.890667 0.204000 0.218667
