0 0.719000 0.069519 0.298000 0.139037
0 0.588000 0.268717 0.284000 0.280749
0 0.819000 0.274064 0.202000 0.275401
0 0.169000 0.606952 0.290000 0.283422
0 0.367000 0.610963 0.182000 0.307487
0 0.157000 0.855615 0.266000 0.251337
0 0.362000 0.866310 0.180000 0.219251
0 0.537000 0.624332 0.174000 0.275401
0 0.762000 0.644385 0.280000 0.240642
0 0.584000 0.858289 0.268000 0.219251
0 0.793000 0.862299 0.166000 0.205882
0 0.089000 0.409091 0.178000 0.176471
0 0.207000 0.451872 0.198000 0.042781
0 0.103000 0.044118 0.034000 0.066845
0 0.162000 0.044118 0.056000 0.066845
0 0.231000 0.025401 0.050000 0.024064
0 0.232000 0.056150 0.040000 0.042781
0 0.276000 0.057487 0.044000 0.040107
0 0.338000 0.050802 0.032000 0.053476
0 0.374000 0.050802 0.036000 0.058824
0 0.410000 0.053476 0.032000 0.058824
0 0.445000 0.053476 0.034000 0.058824
0 0.478000 0.053476 0.032000 0.058824
0 0.529000 0.056150 0.030000 0.053476
0 0.558000 0.058824 0.028000 0.053476
0 0.968000 0.855615 0.064000 0.235294
0 0.982000 0.625668 0.036000 0.267380
0 0.925000 0.061497 0.030000 0.048128
