0 0.762000 0.228000 0.256000 0.253333
0 0.511000 0.226667 0.254000 0.261333
0 0.929000 0.224000 0.118000 0.218667
0 0.328000 0.226667 0.132000 0.224000
0 0.208000 0.225333 0.128000 0.226667
0 0.081000 0.228000 0.162000 0.269333
0 0.919000 0.426667 0.098000 0.192000
0 0.811000 0.468000 0.174000 0.226667
0 0.651000 0.469333 0.166000 0.229333
0 0.487000 0.473333 0.166000 0.237333
0 0.322000 0.466667 0.176000 0.256000
0 0.164000 0.469333 0.212000 0.266667
0 0.043000 0.485333 0.086000 0.245333
0 0.768000 0.685333 0.236000 0.208000
0 0.542000 0.690667 0.228000 0.208000
0 0.308000 0.698667 0.240000 0.213333
0 0.101000 0.710667 0.202000 0.216000
0 0.790000 0.886667 0.140000 0.194667
0 0.647000 0.896000 0.154000 0.208000
0 0.493000 0.890667 0.146000 0.197333
0 0.344000 0.898667 0.160000 0.202667
0 0.189000 0.902667 0.178000 0.194667
0 0.060000 0.906667 0.120000 0.186667
0 0.913000 0.612000 0.070000 0.178667
0 0.891000 0.781333 0.066000 0.160000
0 0.809000 0.921333 0.218000 0.157333
