0 0.068488 0.029850 0.136977 0.057633
0 0.152481 0.146253 0.283721 0.199483
0 0.151705 0.340568 0.272868 0.199483
0 0.377287 0.153488 0.172093 0.201550
0 0.559457 0.145220 0.189147 0.211886
0 0.485426 0.027907 0.251938 0.055814
0 0.561783 0.346770 0.195349 0.205685
0 0.377287 0.351421 0.178295 0.196382
0 0.827178 0.143070 0.341643 0.236527
0 0.828729 0.360331 0.338543 0.228672
0 0.695504 0.559173 0.202326 0.214987
0 0.894620 0.572093 0.206760 0.216021
0 0.885039 0.773643 0.210853 0.213953
0 0.691628 0.758656 0.200775 0.204651
0 0.447054 0.737468 0.289922 0.209819
0 0.447829 0.548837 0.296124 0.198450
0 0.205581 0.532817 0.188372 0.195349
0 0.207132 0.709561 0.186822 0.197416
0 0.060349 0.690181 0.120698 0.180362
0 0.168372 0.871318 0.272093 0.217054
0 0.023140 0.850202 0.046279 0.191070
0 0.380388 0.903359 0.159690 0.186047
0 0.548264 0.912620 0.180527 0.169426
0 0.799380 0.922481 0.327907 0.147804
0 0.056473 0.518460 0.112946 0.188920
0 0.007636 0.334884 0.015271 0.177778
