0 0.167026 0.785915 0.334052 0.428169
0 0.157328 0.415493 0.301724 0.538028
0 0.156250 0.083099 0.303879 0.126761
0 0.440733 0.085915 0.290948 0.126761
0 0.495690 0.354930 0.409483 0.428169
0 0.689655 0.081690 0.202586 0.123944
0 0.448276 0.705634 0.288793 0.447887
0 0.302802 0.967606 0.079741 0.053521
0 0.519397 0.853521 0.366379 0.281690
0 0.679957 0.584507 0.187500 0.352113
0 0.803879 0.284507 0.211207 0.298592
0 0.854526 0.073239 0.122845 0.101408
0 0.955819 0.071831 0.088362 0.104225
0 0.950431 0.240845 0.090517 0.228169
0 0.837284 0.500000 0.131466 0.290141
0 0.945043 0.447887 0.084052 0.236620
0 0.814655 0.753521 0.232759 0.402817
0 0.704741 0.946479 0.107759 0.101408
0 0.829741 0.878873 0.142241 0.242254
0 0.962284 0.552113 0.075431 0.095775
