0 0.803000 0.763514 0.394000 0.457958
0 0.978000 0.205706 0.044000 0.225225
0 0.796000 0.340841 0.336000 0.393393
0 0.810000 0.090090 0.328000 0.180180
0 0.812000 0.970721 0.376000 0.058559
0 0.485000 0.721471 0.322000 0.406907
0 0.466000 0.943694 0.332000 0.112613
0 0.519000 0.349850 0.286000 0.339339
0 0.523000 0.103604 0.286000 0.207207
0 0.185000 0.925676 0.274000 0.148649
0 0.230000 0.697447 0.288000 0.367868
0 0.282000 0.358108 0.272000 0.310811
0 0.276000 0.129880 0.260000 0.199700
0 0.321000 0.030781 0.322000 0.061562
0 0.085000 0.120871 0.170000 0.157658
0 0.096000 0.262763 0.192000 0.171171
0 0.086000 0.417417 0.172000 0.177177
0 0.073000 0.580330 0.146000 0.178679
0 0.059000 0.762012 0.118000 0.196697
0 0.040000 0.925676 0.080000 0.148649
