0 0.265198 0.061674 0.177093 0.122173
0 0.254846 0.188546 0.182819 0.139794
0 0.434581 0.063730 0.174890 0.127460
0 0.431938 0.195595 0.175771 0.139794
0 0.612115 0.064317 0.171366 0.126285
0 0.616740 0.198532 0.181498 0.142144
0 0.271806 0.336270 0.246696 0.156828
0 0.513216 0.340382 0.235242 0.154479
0 0.262555 0.493686 0.259912 0.169750
0 0.518502 0.499853 0.251982 0.170338
0 0.215639 0.669310 0.208370 0.181498
0 0.415419 0.669310 0.208811 0.193245
0 0.624670 0.678414 0.198238 0.184435
0 0.204846 0.864023 0.228194 0.207930
0 0.427313 0.864317 0.210573 0.200294
0 0.641630 0.870191 0.210132 0.207342
0 0.787665 0.066667 0.185903 0.133333
0 0.799559 0.199706 0.192952 0.140969
0 0.790088 0.360352 0.264758 0.175624
0 0.800881 0.512188 0.266960 0.166814
0 0.851542 0.688693 0.226432 0.183847
0 0.869163 0.880176 0.237885 0.207342
0 0.092754 0.053140 0.184783 0.106280
0 0.086413 0.160386 0.172101 0.168116
0 0.077899 0.318116 0.155797 0.177295
0 0.068297 0.477778 0.135145 0.193237
0 0.055072 0.656280 0.109420 0.205314
0 0.042572 0.859662 0.085145 0.219807
