0 0.168760 0.103359 0.268217 0.128165
0 0.396279 0.113178 0.188372 0.122997
0 0.591628 0.105943 0.196124 0.122997
0 0.861287 0.099070 0.273426 0.148527
0 0.857798 0.241344 0.280403 0.154005
0 0.705969 0.232041 0.034109 0.127132
0 0.712171 0.099742 0.032558 0.133333
0 0.590853 0.228424 0.194574 0.119897
0 0.593178 0.343669 0.191473 0.118863
0 0.393178 0.235142 0.188372 0.122997
0 0.148721 0.233075 0.297442 0.133333
0 0.149767 0.362274 0.286047 0.133333
0 0.400155 0.351938 0.189922 0.122997
0 0.395891 0.470284 0.181395 0.117829
0 0.154806 0.497158 0.285271 0.136434
0 0.070039 0.539018 0.140078 0.160207
0 0.208295 0.656331 0.155039 0.163307
0 0.400930 0.593798 0.171318 0.127132
0 0.538915 0.452196 0.081395 0.141602
0 0.667209 0.387080 0.172093 0.164341
0 0.663721 0.501809 0.169767 0.180879
0 0.858574 0.381912 0.278853 0.160207
0 0.870589 0.530925 0.254822 0.139183
0 0.864388 0.663225 0.267225 0.137116
0 0.859349 0.791307 0.277302 0.137282
0 0.854698 0.914439 0.286605 0.132879
0 0.600155 0.895090 0.217829 0.173643
0 0.608295 0.770543 0.223256 0.174677
0 0.616047 0.623773 0.234109 0.211886
0 0.403256 0.710594 0.171318 0.110594
0 0.402481 0.820155 0.168217 0.108527
0 0.202868 0.791731 0.155039 0.138501
0 0.204806 0.906977 0.151163 0.133333
0 0.069535 0.916796 0.120930 0.113695
0 0.066822 0.798966 0.124806 0.117829
0 0.070698 0.662016 0.140310 0.156072
0 0.290853 0.719380 0.025581 0.155039
0 0.290465 0.842377 0.027907 0.140568
0 0.219922 0.618605 0.158140 0.141602
