0 0.331833 0.059896 0.406250 0.117708
0 0.758396 0.066146 0.436458 0.130208
0 0.745375 0.209375 0.412500 0.143750
0 0.329750 0.197396 0.406250 0.140625
0 0.733396 0.353125 0.396875 0.141667
0 0.326104 0.333854 0.409375 0.144792
0 0.262042 0.376042 0.516667 0.185417
0 0.257354 0.553125 0.511458 0.187500
0 0.253937 0.718750 0.507875 0.179167
0 0.249250 0.876042 0.498500 0.193750
0 0.266208 0.962500 0.497917 0.070833
0 0.737042 0.958896 0.445833 0.078208
0 0.731833 0.811458 0.454167 0.241667
0 0.762312 0.683333 0.471375 0.245833
0 0.976896 0.955000 0.042208 0.086000
0 0.974812 0.833646 0.046375 0.152708
0 0.733917 0.487500 0.389583 0.127083
0 0.963875 0.355375 0.068250 0.173250
0 0.960750 0.496542 0.074500 0.138917
0 0.977417 0.605333 0.041167 0.077333
0 0.972729 0.213021 0.050542 0.173958
0 0.979750 0.073438 0.035417 0.138542
0 0.736521 0.557292 0.380208 0.020833
