0 0.837172 0.033733 0.321655 0.064468
0 0.826828 0.158404 0.342345 0.198935
0 0.821310 0.333790 0.353379 0.163005
0 0.816483 0.475237 0.363034 0.143980
0 0.810966 0.601148 0.374069 0.129039
0 0.798552 0.699452 0.398897 0.133330
0 0.330138 0.691206 0.543448 0.110634
0 0.332897 0.585742 0.582069 0.131314
0 0.323241 0.460115 0.628966 0.153027
0 0.327138 0.324950 0.654276 0.173138
0 0.027828 0.566717 0.055655 0.116942
0 0.020483 0.445122 0.040000 0.131314
0 0.034724 0.675697 0.069448 0.102363
0 0.336793 0.159412 0.673586 0.189888
0 0.476345 0.037223 0.251034 0.072378
0 0.641862 0.037740 0.085517 0.071344
