0 0.228000 0.146003 0.456000 0.171289
0 0.074000 0.033442 0.144000 0.066884
0 0.278000 0.042414 0.288000 0.084829
0 0.541000 0.051387 0.230000 0.102773
0 0.750000 0.058728 0.192000 0.114192
0 0.924000 0.068515 0.152000 0.137031
0 0.633000 0.177814 0.370000 0.176183
0 0.895000 0.182708 0.154000 0.120718
0 0.983000 0.194127 0.034000 0.097879
0 0.130000 0.314029 0.260000 0.151713
0 0.375000 0.306688 0.254000 0.130506
0 0.718000 0.296900 0.436000 0.123980
0 0.966000 0.293638 0.068000 0.101142
0 0.924000 0.395595 0.136000 0.092985
0 0.398000 0.432300 0.244000 0.140294
0 0.143000 0.451060 0.286000 0.154976
0 0.610000 0.412724 0.192000 0.123980
0 0.785000 0.404568 0.150000 0.107667
0 0.237000 0.560359 0.462000 0.151713
0 0.574000 0.509788 0.220000 0.089723
0 0.766000 0.495106 0.164000 0.092985
0 0.923000 0.488581 0.154000 0.099511
0 0.983000 0.571778 0.034000 0.070147
0 0.896000 0.570962 0.156000 0.091354
0 0.745000 0.583197 0.142000 0.109299
0 0.566000 0.602773 0.220000 0.115824
0 0.250000 0.663948 0.428000 0.169657
0 0.184000 0.791191 0.256000 0.159869
0 0.421000 0.720228 0.242000 0.171289
0 0.620000 0.694127 0.176000 0.115824
0 0.788000 0.673736 0.176000 0.120718
0 0.938000 0.659869 0.124000 0.112561
0 0.300000 0.874388 0.432000 0.221860
0 0.682000 0.792007 0.352000 0.154976
0 0.579000 0.902121 0.190000 0.123980
0 0.757000 0.865416 0.166000 0.112561
0 0.901000 0.824633 0.118000 0.119086
0 0.910000 0.746330 0.112000 0.076672
0 0.893000 0.905383 0.102000 0.091354
0 0.767000 0.946982 0.134000 0.102773
0 0.596000 0.960848 0.216000 0.078303
0 0.446000 0.984502 0.104000 0.030995
0 0.386000 0.941272 0.200000 0.117455
0 0.212000 0.971452 0.168000 0.053834
