0 0.824000 0.710667 0.096000 0.168000
0 0.844000 0.641333 0.068000 0.029333
0 0.962000 0.664000 0.076000 0.128000
0 0.355000 0.158667 0.326000 0.317333
0 0.324000 0.449333 0.316000 0.386667
0 0.297000 0.758667 0.298000 0.370667
0 0.278000 0.925333 0.280000 0.149333
0 0.536000 0.469333 0.168000 0.266667
0 0.510000 0.717333 0.172000 0.250667
0 0.484000 0.901333 0.156000 0.197333
0 0.652000 0.260000 0.228000 0.253333
0 0.662000 0.485333 0.132000 0.213333
0 0.640000 0.686667 0.136000 0.221333
0 0.614000 0.878667 0.144000 0.226667
0 0.789000 0.282667 0.106000 0.208000
0 0.763000 0.482667 0.110000 0.192000
0 0.746000 0.658667 0.108000 0.202667
0 0.721000 0.838667 0.110000 0.189333
0 0.863000 0.661333 0.078000 0.144000
0 0.915000 0.669333 0.070000 0.128000
0 0.535000 0.218667 0.046000 0.144000
