0 0.127119 0.218023 0.241045 0.308053
0 0.343910 0.219650 0.216418 0.313476
0 0.556224 0.209888 0.230597 0.311307
0 0.773015 0.212600 0.208955 0.295036
0 0.937373 0.218023 0.121254 0.279070
0 0.239806 0.036880 0.303731 0.069420
0 0.501373 0.036880 0.220896 0.069420
0 0.763313 0.041218 0.301493 0.073759
0 0.512567 0.519026 0.967164 0.317815
0 0.174134 0.791826 0.217164 0.249479
0 0.375254 0.778809 0.205970 0.240802
0 0.578239 0.775013 0.202985 0.246225
0 0.779358 0.768505 0.200746 0.252733
0 0.934388 0.764665 0.127224 0.256074
0 0.545776 0.940429 0.903731 0.112808
0 0.034209 0.713186 0.062687 0.081352
