0 0.876000 0.922785 0.248000 0.154430
0 0.876000 0.774684 0.248000 0.156962
0 0.847000 0.602532 0.306000 0.202532
0 0.618000 0.605063 0.260000 0.207595
0 0.361000 0.615190 0.262000 0.207595
0 0.145000 0.621519 0.290000 0.210127
0 0.625000 0.778481 0.250000 0.159494
0 0.628000 0.926582 0.252000 0.146835
0 0.362000 0.931646 0.260000 0.136709
0 0.369000 0.788608 0.258000 0.144304
0 0.120000 0.798734 0.240000 0.154430
0 0.117000 0.936709 0.234000 0.126582
0 0.930000 0.450633 0.140000 0.111392
0 0.930000 0.340506 0.140000 0.108861
0 0.929000 0.230380 0.142000 0.111392
0 0.930000 0.125316 0.140000 0.108861
0 0.927000 0.035443 0.146000 0.070886
0 0.773000 0.454430 0.186000 0.108861
0 0.769000 0.343038 0.186000 0.108861
0 0.767000 0.230380 0.182000 0.116456
0 0.764000 0.122785 0.188000 0.113924
0 0.752000 0.034177 0.208000 0.068354
0 0.567000 0.034177 0.166000 0.068354
0 0.399000 0.035443 0.166000 0.070886
0 0.234000 0.037975 0.172000 0.075949
0 0.074000 0.035443 0.148000 0.070886
0 0.051000 0.127848 0.102000 0.108861
0 0.049000 0.239241 0.098000 0.118987
0 0.051000 0.353165 0.102000 0.113924
0 0.051000 0.460759 0.102000 0.106329
0 0.051000 0.540506 0.102000 0.058228
0 0.199000 0.459494 0.194000 0.113924
0 0.200000 0.351899 0.196000 0.111392
0 0.196000 0.235443 0.192000 0.116456
0 0.199000 0.125316 0.190000 0.118987
0 0.389000 0.121519 0.190000 0.111392
0 0.388000 0.230380 0.188000 0.116456
0 0.389000 0.344304 0.190000 0.116456
0 0.389000 0.458228 0.190000 0.111392
0 0.582000 0.449367 0.192000 0.113924
0 0.579000 0.343038 0.190000 0.118987
0 0.575000 0.227848 0.186000 0.111392
0 0.577000 0.122785 0.190000 0.103797
