0 0.140967 0.381005 0.173460 0.227158
0 0.142863 0.163657 0.177251 0.209605
0 0.310161 0.154364 0.172512 0.217865
0 0.305422 0.375843 0.176303 0.227158
0 0.483147 0.312858 0.182938 0.553439
0 0.673668 0.316988 0.196209 0.549309
0 0.852341 0.316988 0.204739 0.547244
0 0.816796 0.689217 0.243602 0.193084
0 0.576512 0.688701 0.248341 0.192052
0 0.841441 0.881785 0.243602 0.206507
0 0.587886 0.880236 0.255924 0.193084
0 0.369877 0.846163 0.189573 0.281882
0 0.183147 0.820865 0.236967 0.272589
0 0.232910 0.588029 0.249289 0.195149
