0 0.330794 0.194197 0.237267 0.215293
0 0.567588 0.180132 0.236322 0.223948
0 0.797765 0.169314 0.237267 0.232603
0 0.955307 0.141055 0.085378 0.240826
0 0.292037 0.470075 0.157863 0.334300
0 0.452263 0.463584 0.166370 0.340791
0 0.602091 0.448979 0.169206 0.348364
0 0.760427 0.444110 0.173933 0.342955
0 0.905528 0.435455 0.178659 0.345119
0 0.293455 0.803293 0.164480 0.334300
0 0.456989 0.796802 0.170152 0.342955
0 0.618633 0.789770 0.170152 0.354855
0 0.769879 0.773542 0.175823 0.350528
0 0.916077 0.763978 0.163837 0.330708
0 0.990131 0.351610 0.015125 0.181755
0 0.500151 0.501147 0.995689 0.993119
