0 0.063837 0.227642 0.122764 0.312195
0 0.205301 0.190244 0.165041 0.365312
0 0.374407 0.171274 0.197561 0.342547
0 0.616683 0.163144 0.293496 0.321951
0 0.875837 0.150136 0.244325 0.295935
0 0.057333 0.528455 0.109756 0.311111
0 0.188634 0.521951 0.159350 0.350136
0 0.363024 0.525745 0.207317 0.403252
0 0.609366 0.538753 0.286992 0.466125
0 0.866081 0.557333 0.263837 0.528000
0 0.081724 0.788618 0.160163 0.239566
0 0.287821 0.801084 0.252033 0.223306
0 0.563431 0.815718 0.330081 0.191870
0 0.834780 0.842157 0.326439 0.145019
0 0.163837 0.039566 0.178049 0.072629
0 0.040260 0.055827 0.073984 0.109485
0 0.081317 0.880759 0.162602 0.059621
