0 0.112000 0.159333 0.224000 0.222667
0 0.315000 0.025333 0.254000 0.050667
0 0.533000 0.012667 0.186000 0.025333
0 0.576000 0.132000 0.708000 0.264000
0 0.037000 0.368000 0.074000 0.200000
0 0.214000 0.370667 0.304000 0.218667
0 0.658000 0.376667 0.588000 0.246667
0 0.047000 0.561333 0.094000 0.192000
0 0.233000 0.580000 0.302000 0.224000
0 0.668000 0.595333 0.580000 0.276000
0 0.673000 0.794000 0.578000 0.316000
0 0.249000 0.774667 0.290000 0.234667
0 0.057000 0.741333 0.114000 0.186667
0 0.066000 0.907333 0.132000 0.185333
0 0.066000 0.987333 0.132000 0.025333
0 0.268000 0.918000 0.288000 0.164000
0 0.686000 0.907333 0.572000 0.182667
0 0.895000 0.210667 0.210000 0.421333
0 0.976000 0.709333 0.048000 0.581333
