0 0.106000 0.079515 0.176000 0.115903
0 0.271000 0.086253 0.162000 0.102426
0 0.400000 0.091644 0.104000 0.102426
0 0.495000 0.094340 0.094000 0.097035
0 0.588000 0.097035 0.092000 0.097035
0 0.680000 0.098383 0.092000 0.094340
0 0.765000 0.098383 0.086000 0.088949
0 0.850000 0.101078 0.088000 0.088949
0 0.944000 0.097035 0.112000 0.097035
0 0.085000 0.181941 0.122000 0.105121
0 0.198000 0.187332 0.116000 0.105121
0 0.304000 0.188679 0.112000 0.102426
0 0.404000 0.190027 0.100000 0.099730
0 0.498000 0.190027 0.092000 0.094340
0 0.590000 0.190027 0.092000 0.088949
0 0.701000 0.188679 0.134000 0.091644
0 0.826000 0.184636 0.120000 0.083558
0 0.939000 0.184636 0.122000 0.088949
0 0.087000 0.287062 0.126000 0.099730
0 0.203000 0.287062 0.114000 0.099730
0 0.309000 0.287062 0.106000 0.099730
0 0.410000 0.285714 0.096000 0.097035
0 0.503000 0.280323 0.090000 0.097035
0 0.590000 0.278976 0.084000 0.088949
0 0.694000 0.274933 0.132000 0.091644
0 0.819000 0.268194 0.118000 0.088949
0 0.937000 0.269542 0.126000 0.086253
0 0.090000 0.385445 0.128000 0.102426
0 0.206000 0.380054 0.112000 0.097035
0 0.313000 0.377358 0.102000 0.091644
0 0.428000 0.370620 0.132000 0.088949
0 0.563000 0.359838 0.130000 0.088949
0 0.688000 0.358491 0.124000 0.086253
0 0.809000 0.349057 0.114000 0.088949
0 0.926000 0.347709 0.128000 0.091644
0 0.131000 0.473046 0.162000 0.094340
0 0.287000 0.463612 0.146000 0.097035
0 0.405000 0.451482 0.090000 0.088949
0 0.496000 0.444744 0.088000 0.086253
0 0.584000 0.442049 0.084000 0.086253
0 0.668000 0.436658 0.080000 0.080863
0 0.751000 0.431267 0.078000 0.080863
0 0.824000 0.424528 0.076000 0.078167
0 0.928000 0.429919 0.144000 0.088949
0 0.136000 0.564690 0.160000 0.099730
0 0.289000 0.551213 0.146000 0.099730
0 0.407000 0.537736 0.090000 0.094340
0 0.497000 0.526954 0.086000 0.088949
0 0.581000 0.520216 0.082000 0.080863
0 0.660000 0.512129 0.080000 0.080863
0 0.743000 0.504043 0.082000 0.080863
0 0.818000 0.495957 0.076000 0.080863
0 0.880000 0.502695 0.056000 0.094340
0 0.128000 0.640162 0.160000 0.105121
0 0.285000 0.633423 0.150000 0.097035
0 0.404000 0.615903 0.088000 0.083558
0 0.492000 0.602426 0.084000 0.083558
0 0.575000 0.595687 0.082000 0.080863
0 0.658000 0.584906 0.084000 0.080863
0 0.739000 0.575472 0.082000 0.078167
0 0.813000 0.567385 0.074000 0.083558
0 0.952000 0.524259 0.096000 0.132075
0 0.875000 0.574124 0.058000 0.097035
0 0.107000 0.731806 0.106000 0.088949
0 0.212000 0.718329 0.104000 0.088949
0 0.313000 0.704852 0.094000 0.083558
0 0.428000 0.687332 0.128000 0.091644
0 0.558000 0.669811 0.120000 0.083558
0 0.683000 0.650943 0.114000 0.072776
0 0.791000 0.634771 0.110000 0.083558
0 0.678000 0.718329 0.124000 0.083558
0 0.793000 0.700809 0.106000 0.080863
0 0.106000 0.804582 0.104000 0.078167
0 0.212000 0.793801 0.100000 0.088949
0 0.311000 0.774933 0.094000 0.088949
0 0.425000 0.762803 0.126000 0.091644
0 0.556000 0.742588 0.120000 0.088949
0 0.111000 0.878706 0.098000 0.080863
0 0.212000 0.873315 0.104000 0.091644
0 0.313000 0.853100 0.090000 0.088949
0 0.427000 0.826146 0.126000 0.088949
0 0.548000 0.808625 0.120000 0.080863
0 0.675000 0.778976 0.134000 0.091644
0 0.793000 0.765499 0.102000 0.086253
0 0.868000 0.638814 0.048000 0.091644
0 0.924000 0.677898 0.072000 0.110512
0 0.936000 0.607817 0.076000 0.115903
0 0.866000 0.702156 0.044000 0.094340
0 0.858000 0.768194 0.032000 0.091644
0 0.921000 0.824798 0.102000 0.156334
0 0.915000 0.750674 0.070000 0.132075
0 0.983000 0.630728 0.034000 0.102426
0 0.975000 0.711590 0.050000 0.113208
0 0.973000 0.793801 0.054000 0.121294
0 0.983000 0.896226 0.034000 0.115903
0 0.013000 0.115903 0.026000 0.086253
0 0.014000 0.196765 0.028000 0.086253
0 0.015000 0.287062 0.030000 0.099730
0 0.014000 0.365229 0.028000 0.061995
0 0.025000 0.423181 0.050000 0.070081
0 0.029000 0.491914 0.054000 0.072776
0 0.035000 0.560647 0.050000 0.070081
0 0.039000 0.660377 0.034000 0.129380
0 0.054000 0.749326 0.020000 0.059299
