0 0.309524 0.208333 0.078341 0.183333
0 0.409370 0.205000 0.053763 0.183333
0 0.279570 0.368333 0.113671 0.196667
0 0.394009 0.371667 0.115207 0.196667
0 0.262673 0.548333 0.061444 0.163333
0 0.314900 0.550000 0.055300 0.166667
0 0.363287 0.550000 0.053763 0.166667
0 0.410138 0.553333 0.064516 0.166667
0 0.284178 0.696667 0.104455 0.173333
0 0.396313 0.681667 0.119816 0.203333
0 0.261905 0.858333 0.053763 0.150000
0 0.304147 0.855000 0.049155 0.156667
0 0.344854 0.858333 0.050691 0.156667
0 0.387865 0.861667 0.050691 0.156667
0 0.430876 0.840000 0.053763 0.206667
0 0.492320 0.078333 0.059908 0.156667
0 0.553763 0.078333 0.059908 0.156667
0 0.614439 0.078333 0.061444 0.156667
0 0.675115 0.080000 0.062980 0.160000
0 0.523041 0.243333 0.118280 0.173333
0 0.642857 0.243333 0.124424 0.173333
0 0.498464 0.406667 0.056836 0.153333
0 0.559140 0.408333 0.061444 0.156667
0 0.620584 0.410000 0.061444 0.160000
0 0.678187 0.410000 0.069124 0.166667
0 0.523810 0.565000 0.116743 0.163333
0 0.640553 0.573333 0.119816 0.166667
0 0.497696 0.720000 0.058372 0.153333
0 0.549923 0.720000 0.064516 0.153333
0 0.608295 0.723333 0.064516 0.146667
0 0.665131 0.731667 0.073733 0.156667
0 0.522273 0.868333 0.110599 0.150000
0 0.632873 0.873333 0.116743 0.153333
