0 0.244870 0.242895 0.226087 0.195848
0 0.451391 0.261392 0.198551 0.176263
0 0.065188 0.224942 0.130377 0.201288
0 0.627478 0.274992 0.179710 0.168647
0 0.814435 0.288593 0.200000 0.154502
0 0.955739 0.303282 0.082609 0.142534
0 0.070986 0.419496 0.141971 0.203051
0 0.291971 0.424054 0.294203 0.186056
0 0.571681 0.427863 0.285507 0.154502
0 0.813710 0.438199 0.207246 0.144710
0 0.952594 0.430039 0.090812 0.132741
0 0.065913 0.068808 0.131826 0.137094
0 0.244870 0.081864 0.231884 0.161031
0 0.452841 0.093833 0.198551 0.187144
0 0.641246 0.122666 0.184058 0.181703
0 0.797043 0.140619 0.156522 0.163207
0 0.933754 0.161727 0.128493 0.151021
0 0.605000 0.026244 0.254000 0.052487
0 0.800667 0.039844 0.152174 0.079688
0 0.935928 0.051802 0.124145 0.103604
0 0.071710 0.610981 0.143420 0.183444
0 0.284000 0.602494 0.301449 0.181703
0 0.570957 0.584541 0.278261 0.163207
0 0.781101 0.574205 0.142029 0.140358
0 0.920232 0.570941 0.130435 0.131653
0 0.988826 0.562312 0.018348 0.127628
0 0.071710 0.788734 0.143420 0.197306
0 0.257913 0.772773 0.214493 0.189320
0 0.458638 0.749380 0.186957 0.175175
0 0.627478 0.728707 0.162319 0.164295
0 0.784725 0.709666 0.143478 0.152326
0 0.917333 0.698786 0.133333 0.139270
0 0.988101 0.694009 0.019797 0.135766
0 0.073000 0.935142 0.146000 0.126714
0 0.288348 0.913925 0.295652 0.169147
0 0.570957 0.883753 0.269565 0.178439
0 0.797043 0.846760 0.182609 0.152326
0 0.938826 0.828829 0.118348 0.138138
0 0.567333 0.966445 0.268116 0.063107
0 0.789072 0.946316 0.184058 0.103364
0 0.938826 0.939189 0.118348 0.118619
