0 0.128000 0.112000 0.256000 0.224000
0 0.379000 0.120000 0.230000 0.240000
0 0.560000 0.125333 0.148000 0.250667
0 0.063000 0.330667 0.126000 0.261333
0 0.191000 0.336000 0.138000 0.250667
0 0.322000 0.342667 0.132000 0.237333
0 0.440000 0.345333 0.124000 0.226667
0 0.139000 0.582667 0.250000 0.248000
0 0.379000 0.573333 0.218000 0.229333
0 0.545000 0.558667 0.126000 0.226667
0 0.076000 0.782667 0.136000 0.253333
0 0.203000 0.785333 0.126000 0.205333
0 0.332000 0.774667 0.116000 0.205333
0 0.439000 0.749333 0.102000 0.218667
0 0.150000 0.930667 0.224000 0.138667
0 0.380000 0.922667 0.204000 0.154667
0 0.536000 0.920000 0.116000 0.160000
0 0.681000 0.134667 0.110000 0.242667
0 0.770000 0.149333 0.104000 0.218667
0 0.860000 0.160000 0.112000 0.224000
0 0.943000 0.177333 0.098000 0.210667
0 0.984000 0.188000 0.032000 0.194667
0 0.608000 0.356000 0.224000 0.221333
0 0.798000 0.360000 0.196000 0.208000
0 0.935000 0.369333 0.130000 0.194667
0 0.650000 0.562667 0.104000 0.197333
0 0.744000 0.558667 0.108000 0.194667
0 0.831000 0.554667 0.102000 0.181333
0 0.906000 0.553333 0.100000 0.178667
0 0.965000 0.550667 0.070000 0.168000
0 0.582000 0.756000 0.192000 0.210667
0 0.763000 0.734667 0.190000 0.184000
0 0.911000 0.717333 0.154000 0.170667
0 0.632000 0.898667 0.092000 0.202667
0 0.715000 0.896000 0.102000 0.197333
0 0.794000 0.884000 0.088000 0.162667
0 0.860000 0.864000 0.080000 0.149333
0 0.923000 0.849333 0.086000 0.152000
0 0.985000 0.678667 0.026000 0.093333
0 0.981000 0.764000 0.038000 0.082667
0 0.974000 0.849333 0.052000 0.098667
