0 0.185446 0.046062 0.366197 0.089438
0 0.562911 0.047808 0.370892 0.090781
0 0.193465 0.168087 0.383174 0.161596
0 0.563850 0.164637 0.364319 0.148803
0 0.195628 0.304708 0.370599 0.139395
0 0.192488 0.439134 0.363380 0.132143
0 0.193192 0.560265 0.359155 0.134292
0 0.197653 0.676696 0.343662 0.135635
0 0.203521 0.796484 0.334742 0.128114
0 0.205164 0.906871 0.324883 0.123817
0 0.212526 0.978715 0.318948 0.040282
0 0.524648 0.968911 0.316901 0.059889
0 0.523474 0.910632 0.313615 0.113074
0 0.526995 0.799035 0.321596 0.120862
0 0.532394 0.681127 0.328638 0.124623
0 0.535446 0.558653 0.333803 0.128383
0 0.543897 0.439537 0.343192 0.131337
0 0.551408 0.306319 0.360094 0.137246
0 0.869892 0.047475 0.256216 0.090373
0 0.865901 0.165286 0.264197 0.147506
0 0.857216 0.305113 0.281568 0.138057
0 0.851113 0.437342 0.293775 0.134469
0 0.846948 0.560668 0.301408 0.135635
0 0.843836 0.675557 0.308329 0.140877
0 0.839845 0.785711 0.316310 0.151690
0 0.837793 0.906603 0.319718 0.127577
0 0.838202 0.962197 0.319596 0.073318
