0 0.124362 0.054740 0.114407 0.040895
0 0.101195 0.156058 0.190653 0.166546
0 0.254957 0.144459 0.147478 0.162246
0 0.039368 0.316085 0.078737 0.152539
0 0.124932 0.302971 0.143179 0.169235
0 0.229391 0.308438 0.119304 0.173170
0 0.355377 0.220157 0.151450 0.125652
0 0.395322 0.153575 0.130470 0.016425
0 0.494793 0.156547 0.127313 0.020727
0 0.464960 0.214384 0.144529 0.106837
0 0.617633 0.332997 0.206531 0.332173
0 0.627079 0.165523 0.181885 0.030606
0 0.293338 0.367941 0.169409 0.243912
0 0.435947 0.382793 0.164949 0.228085
0 0.583288 0.383873 0.166385 0.234918
0 0.071064 0.431087 0.140484 0.085552
0 0.175184 0.411448 0.079184 0.059130
0 0.117432 0.536690 0.225742 0.191352
0 0.327031 0.570761 0.213061 0.167536
0 0.542458 0.580745 0.226816 0.168942
0 0.795349 0.246210 0.236507 0.029174
0 0.750573 0.381867 0.187180 0.257906
0 0.909546 0.384305 0.179143 0.255622
0 0.777575 0.597516 0.273585 0.190120
0 0.938857 0.605675 0.115918 0.186425
0 0.051102 0.695002 0.093878 0.214727
0 0.154015 0.705755 0.183022 0.196506
0 0.032485 0.865831 0.061542 0.126931
0 0.144571 0.847469 0.228571 0.174236
0 0.303724 0.722995 0.136624 0.144013
0 0.431521 0.727819 0.143640 0.146850
0 0.564105 0.733381 0.132128 0.152755
0 0.706343 0.753068 0.152998 0.175792
0 0.859256 0.769217 0.175529 0.170946
0 0.957224 0.779370 0.077551 0.165893
0 0.343534 0.854742 0.188946 0.139247
0 0.530213 0.868202 0.196589 0.141529
0 0.732272 0.904391 0.217034 0.160585
0 0.908245 0.922316 0.178776 0.149373
0 0.016776 0.959463 0.033551 0.073435
0 0.082632 0.962005 0.120613 0.071967
0 0.198975 0.957197 0.145306 0.079769
0 0.327034 0.957714 0.133034 0.078577
0 0.449675 0.960166 0.116324 0.075314
0 0.565129 0.963809 0.117849 0.065014
0 0.692995 0.982465 0.139614 0.030618
0 0.779265 0.115539 0.126531 0.138487
0 0.806785 0.206676 0.175039 0.050358
0 0.928014 0.230036 0.138927 0.105757
