0 0.092744 0.072351 0.185488 0.144703
0 0.284713 0.072868 0.224806 0.141602
0 0.509907 0.069767 0.231783 0.135401
0 0.744016 0.068217 0.239535 0.132300
0 0.923140 0.065633 0.149721 0.131266
0 0.851767 0.224806 0.239535 0.182946
0 0.972752 0.220000 0.050496 0.184000
0 0.626961 0.230491 0.225581 0.179845
0 0.411070 0.227390 0.209302 0.171576
0 0.207194 0.227390 0.210853 0.177778
0 0.060574 0.230491 0.121147 0.173643
0 0.062124 0.384341 0.124248 0.155349
0 0.210295 0.385530 0.195349 0.157106
0 0.402930 0.392765 0.199225 0.165375
0 0.603705 0.395349 0.210078 0.160207
0 0.814558 0.396382 0.233333 0.168475
0 0.953372 0.392693 0.089256 0.161385
0 0.933605 0.542574 0.128791 0.173519
0 0.777349 0.551938 0.211628 0.159173
0 0.580062 0.543669 0.195349 0.148837
0 0.380062 0.538501 0.189147 0.136434
0 0.199054 0.536951 0.186822 0.147804
0 0.059411 0.529592 0.118822 0.141850
0 0.053209 0.661158 0.106419 0.132982
0 0.180837 0.668217 0.184496 0.129199
0 0.350992 0.670284 0.175969 0.129199
0 0.531225 0.678036 0.184496 0.140568
0 0.729674 0.687339 0.209302 0.138501
0 0.916163 0.691059 0.163674 0.164548
0 0.911899 0.798005 0.172202 0.179990
0 0.361845 0.791731 0.175969 0.124031
0 0.196729 0.788114 0.179070 0.116796
0 0.062512 0.780879 0.125023 0.108527
0 0.067550 0.889385 0.135101 0.114770
0 0.202930 0.895090 0.163566 0.115762
0 0.534713 0.916796 0.174419 0.126098
0 0.897558 0.940010 0.200884 0.114646
0 0.316279 0.925540 0.296558 0.143587
0 0.668047 0.937426 0.282946 0.119814
0 0.549829 0.781395 0.176744 0.157106
0 0.738977 0.799483 0.201550 0.156072
0 0.092357 0.972052 0.184713 0.050563
