0 0.133379 0.084268 0.264828 0.164401
0 0.237724 0.271855 0.475448 0.214910
0 0.161862 0.475340 0.323724 0.191749
0 0.232690 0.658119 0.460690 0.195420
0 0.167172 0.829758 0.321379 0.180944
0 0.259276 0.943856 0.461448 0.109290
0 0.472000 0.790467 0.285517 0.216099
0 0.635448 0.640542 0.320000 0.174740
0 0.483034 0.468903 0.310345 0.191284
0 0.440966 0.085302 0.344828 0.168536
0 0.643034 0.272450 0.354483 0.201623
0 0.807759 0.089722 0.380483 0.177377
0 0.899483 0.273484 0.197034 0.195420
0 0.819483 0.461666 0.357034 0.178876
0 0.891207 0.628031 0.213586 0.164607
0 0.917517 0.864240 0.158621 0.268521
0 0.791862 0.863723 0.263724 0.269555
0 0.572690 0.930931 0.177931 0.135139
