0 0.046000 0.432000 0.092000 0.186667
0 0.139000 0.306667 0.278000 0.170667
0 0.056000 0.613333 0.112000 0.208000
0 0.056000 0.789333 0.112000 0.224000
0 0.076000 0.909333 0.152000 0.181333
0 0.208000 0.858667 0.192000 0.240000
0 0.249000 0.692000 0.306000 0.258667
0 0.348000 0.748000 0.104000 0.162667
0 0.362000 0.873333 0.364000 0.253333
0 0.674000 0.890667 0.412000 0.218667
0 0.184000 0.600000 0.196000 0.197333
0 0.333000 0.540000 0.114000 0.152000
0 0.394000 0.510667 0.016000 0.093333
0 0.233000 0.448000 0.310000 0.176000
0 0.391000 0.406667 0.018000 0.098667
0 0.334000 0.304000 0.128000 0.128000
0 0.397000 0.304000 0.014000 0.090667
0 0.194000 0.152000 0.388000 0.186667
0 0.132000 0.050667 0.264000 0.101333
0 0.317000 0.065333 0.122000 0.130667
0 0.381000 0.102667 0.018000 0.104000
0 0.381000 0.025333 0.022000 0.045333
0 0.466000 0.064000 0.156000 0.128000
0 0.543000 0.161333 0.302000 0.152000
0 0.731000 0.053333 0.374000 0.106667
0 0.808000 0.122667 0.212000 0.170667
0 0.478000 0.290667 0.144000 0.112000
0 0.730000 0.262667 0.364000 0.168000
0 0.551000 0.404000 0.298000 0.120000
0 0.813000 0.393333 0.202000 0.136000
0 0.475000 0.513333 0.138000 0.114667
0 0.719000 0.522667 0.350000 0.128000
0 0.545000 0.630667 0.282000 0.141333
0 0.797000 0.656000 0.202000 0.138667
0 0.716000 0.765333 0.336000 0.160000
0 0.476000 0.720000 0.140000 0.117333
0 0.897000 0.874667 0.022000 0.096000
0 0.895000 0.813333 0.014000 0.069333
0 0.914000 0.706667 0.024000 0.074667
0 0.913000 0.632000 0.030000 0.069333
0 0.906000 0.549333 0.024000 0.090667
0 0.974000 0.933333 0.052000 0.133333
0 0.982000 0.864000 0.036000 0.144000
0 0.985000 0.780000 0.030000 0.114667
0 0.994000 0.708000 0.012000 0.104000
0 0.973000 0.669333 0.030000 0.122667
0 0.980000 0.586667 0.036000 0.112000
0 0.934000 0.582667 0.024000 0.061333
0 0.936000 0.521333 0.028000 0.093333
0 0.910000 0.437333 0.032000 0.133333
0 0.980000 0.502667 0.020000 0.088000
0 0.956000 0.470667 0.032000 0.098667
0 0.934000 0.450667 0.016000 0.069333
0 0.936000 0.393333 0.016000 0.056000
0 0.950000 0.396000 0.012000 0.061333
0 0.964000 0.401333 0.016000 0.066667
0 0.983000 0.414667 0.022000 0.093333
0 0.994000 0.418667 0.012000 0.096000
0 0.922000 0.326667 0.020000 0.088000
0 0.924000 0.242667 0.020000 0.085333
0 0.966000 0.224000 0.068000 0.112000
0 0.965000 0.316000 0.070000 0.104000
0 0.960000 0.784000 0.016000 0.074667
0 0.961000 0.713333 0.014000 0.072000
0 0.935000 0.710667 0.026000 0.082667
0 0.940000 0.652000 0.020000 0.066667
