0 0.305581 0.070801 0.162016 0.141602
0 0.462558 0.074935 0.148837 0.147804
0 0.615659 0.082687 0.162016 0.165375
0 0.786589 0.078036 0.179845 0.151938
0 0.765659 0.254780 0.170543 0.222222
0 0.609070 0.249612 0.144186 0.209819
0 0.464496 0.251163 0.141860 0.208786
0 0.317597 0.247545 0.156589 0.207752
0 0.165659 0.241860 0.153488 0.219121
0 0.172248 0.451163 0.143411 0.205685
0 0.317984 0.453230 0.152713 0.211886
0 0.465271 0.456848 0.141860 0.204651
0 0.607519 0.456848 0.142636 0.208786
0 0.762171 0.462016 0.166667 0.217054
0 0.905581 0.460982 0.124806 0.219121
0 0.902093 0.677003 0.127132 0.214987
0 0.764496 0.672351 0.152713 0.222222
0 0.612946 0.669767 0.151938 0.210853
0 0.466434 0.666667 0.141085 0.208786
0 0.321473 0.665116 0.151938 0.209819
0 0.171085 0.663049 0.150388 0.211886
0 0.164109 0.868217 0.145736 0.200517
0 0.310233 0.873385 0.143411 0.202584
0 0.452868 0.876486 0.140310 0.208786
0 0.607907 0.867183 0.152713 0.179845
0 0.761395 0.870801 0.152713 0.182946
0 0.897829 0.878036 0.126357 0.182946
0 0.157519 0.976186 0.140310 0.042295
0 0.297442 0.984972 0.153488 0.024724
0 0.443860 0.986522 0.139721 0.021623
0 0.049380 0.771059 0.097674 0.283204
0 0.049496 0.915204 0.098992 0.164258
0 0.316822 0.242377 0.153488 0.209819
0 0.667000 0.974119 0.310000 0.046429
