0 0.114000 0.156156 0.200000 0.162162
0 0.119000 0.313814 0.194000 0.165165
0 0.132000 0.457958 0.188000 0.171171
0 0.149000 0.629129 0.202000 0.231231
0 0.009000 0.375375 0.018000 0.162162
0 0.013000 0.504505 0.026000 0.102102
0 0.013000 0.606607 0.026000 0.096096
0 0.022000 0.684685 0.044000 0.138138
0 0.023000 0.795796 0.046000 0.102102
0 0.021000 0.888889 0.042000 0.096096
0 0.026000 0.957958 0.052000 0.078078
0 0.146000 0.801802 0.200000 0.192192
0 0.154000 0.924925 0.196000 0.150150
0 0.233000 0.989489 0.046000 0.015015
0 0.266000 0.040541 0.160000 0.081081
0 0.401000 0.036036 0.114000 0.072072
0 0.509000 0.039039 0.114000 0.078078
0 0.279000 0.156156 0.142000 0.162162
0 0.407000 0.150150 0.122000 0.162162
0 0.517000 0.148649 0.098000 0.147147
0 0.284000 0.307808 0.144000 0.153153
0 0.411000 0.295796 0.122000 0.141141
0 0.515000 0.285285 0.090000 0.144144
0 0.332000 0.471471 0.220000 0.210210
0 0.498000 0.445946 0.224000 0.201201
0 0.349000 0.641141 0.206000 0.195195
0 0.533000 0.608108 0.162000 0.177177
0 0.354000 0.786787 0.196000 0.174174
0 0.534000 0.741742 0.164000 0.186186
0 0.344000 0.914414 0.196000 0.165165
0 0.520000 0.876877 0.152000 0.174174
0 0.522000 0.956456 0.160000 0.087087
0 0.610000 0.037538 0.096000 0.075075
0 0.702000 0.039039 0.092000 0.078078
0 0.788000 0.037538 0.088000 0.075075
0 0.616000 0.142643 0.104000 0.141141
0 0.705000 0.142643 0.086000 0.135135
0 0.789000 0.139640 0.082000 0.129129
0 0.870000 0.138138 0.084000 0.126126
0 0.951000 0.142643 0.086000 0.117117
0 0.659000 0.286787 0.198000 0.159159
0 0.813000 0.276276 0.150000 0.150150
0 0.900000 0.259760 0.028000 0.117117
0 0.949000 0.262763 0.086000 0.129129
0 0.933000 0.391892 0.118000 0.147147
0 0.818000 0.414414 0.128000 0.150150
0 0.683000 0.433934 0.146000 0.165165
0 0.683000 0.569069 0.146000 0.159159
0 0.812000 0.545045 0.124000 0.147147
0 0.928000 0.522523 0.116000 0.138138
0 0.680000 0.701201 0.136000 0.165165
0 0.810000 0.669670 0.128000 0.150150
0 0.921000 0.636637 0.106000 0.132132
0 0.669000 0.831832 0.150000 0.162162
0 0.800000 0.785285 0.128000 0.147147
0 0.912000 0.744745 0.108000 0.144144
0 0.670000 0.929429 0.144000 0.141141
0 0.805000 0.903904 0.134000 0.174174
0 0.916000 0.852853 0.108000 0.150150
