0 0.289000 0.029333 0.214000 0.053333
0 0.137000 0.182667 0.218000 0.269333
0 0.337000 0.190667 0.214000 0.280000
0 0.541000 0.194667 0.202000 0.272000
0 0.140000 0.436000 0.208000 0.248000
0 0.333000 0.444000 0.202000 0.248000
0 0.526000 0.448000 0.196000 0.234667
0 0.635000 0.448000 0.046000 0.234667
0 0.158000 0.658667 0.184000 0.197333
0 0.336000 0.665333 0.184000 0.210667
0 0.523000 0.665333 0.198000 0.216000
0 0.169000 0.848000 0.178000 0.186667
0 0.335000 0.853333 0.170000 0.170667
0 0.163000 0.965333 0.162000 0.064000
0 0.328000 0.960000 0.180000 0.080000
0 0.539000 0.885333 0.242000 0.229333
0 0.817000 0.196000 0.366000 0.392000
0 0.815000 0.533333 0.370000 0.405333
0 0.772000 0.780000 0.352000 0.440000
0 0.045000 0.878667 0.090000 0.232000
