0 0.813084 0.872727 0.373832 0.254545
0 0.429907 0.868182 0.401869 0.263636
0 0.128505 0.875000 0.257009 0.250000
0 0.149533 0.615909 0.299065 0.277273
0 0.460280 0.618182 0.350467 0.272727
0 0.815421 0.609091 0.369159 0.300000
0 0.813084 0.352273 0.373832 0.250000
0 0.824766 0.129545 0.350467 0.204545
0 0.464953 0.361364 0.341121 0.250000
0 0.483645 0.127273 0.331776 0.254545
0 0.128505 0.875000 0.257009 0.250000
0 0.149533 0.370455 0.299065 0.231818
0 0.170561 0.154545 0.331776 0.218182
0 0.200935 0.034091 0.299065 0.068182
0 0.492991 0.018182 0.285047 0.036364
