0 0.202000 0.256000 0.332000 0.293333
0 0.477000 0.253333 0.298000 0.288000
0 0.338000 0.048000 0.268000 0.096000
0 0.319000 0.108000 0.322000 0.029333
0 0.266000 0.482667 0.432000 0.234667
0 0.669000 0.058667 0.398000 0.112000
0 0.668000 0.096000 0.304000 0.037333
0 0.763000 0.234667 0.346000 0.282667
0 0.688000 0.462667 0.428000 0.274667
0 0.191000 0.698667 0.294000 0.208000
0 0.467000 0.690667 0.278000 0.213333
0 0.293000 0.881333 0.406000 0.221333
0 0.702000 0.836000 0.412000 0.296000
0 0.752000 0.682667 0.296000 0.218667
0 0.125000 0.069333 0.166000 0.128000
0 0.055000 0.206667 0.110000 0.173333
0 0.024000 0.341333 0.048000 0.138667
0 0.031000 0.476000 0.058000 0.162667
0 0.038000 0.556000 0.052000 0.072000
0 0.031000 0.694667 0.054000 0.210667
0 0.915000 0.076000 0.050000 0.152000
0 0.967000 0.100000 0.062000 0.184000
0 0.963000 0.266667 0.066000 0.234667
0 0.945000 0.442667 0.102000 0.229333
0 0.949000 0.592000 0.098000 0.288000
0 0.947000 0.740000 0.102000 0.333333
0 0.948000 0.900000 0.096000 0.200000
