0 0.580000 0.510511 0.116000 0.192192
0 0.558000 0.699700 0.108000 0.192192
0 0.674000 0.687688 0.128000 0.180180
0 0.693000 0.515015 0.118000 0.183183
0 0.595000 0.199700 0.126000 0.183183
0 0.681000 0.223724 0.074000 0.159159
0 0.681000 0.363363 0.078000 0.132132
0 0.595000 0.351351 0.098000 0.144144
0 0.497000 0.342342 0.102000 0.150150
0 0.460000 0.509009 0.128000 0.189189
0 0.345000 0.507508 0.138000 0.204204
0 0.391000 0.334835 0.114000 0.159159
0 0.261000 0.324324 0.110000 0.168168
0 0.215000 0.504505 0.126000 0.198198
0 0.204000 0.711712 0.132000 0.210210
0 0.328000 0.708709 0.128000 0.210210
0 0.448000 0.707207 0.120000 0.207207
0 0.396000 0.195195 0.100000 0.144144
0 0.485000 0.202703 0.094000 0.141141
0 0.285000 0.184685 0.106000 0.165165
