0 0.212818 0.042759 0.110931 0.083353
0 0.107555 0.131525 0.214575 0.258720
0 0.199457 0.082271 0.055061 0.116911
0 0.243587 0.169954 0.046154 0.210007
0 0.109579 0.312304 0.218623 0.297690
0 0.233061 0.362099 0.055870 0.198099
0 0.101077 0.482258 0.200000 0.152634
0 0.226583 0.513109 0.065587 0.110416
0 0.124154 0.775076 0.247773 0.443829
0 0.317676 0.025439 0.097166 0.046548
0 0.408769 0.146680 0.295547 0.291195
0 0.397433 0.386997 0.290688 0.315010
0 0.394194 0.690641 0.321457 0.329083
0 0.387717 0.901189 0.331174 0.180779
0 0.772818 0.088479 0.450364 0.171610
0 0.768364 0.281701 0.459271 0.467146
0 0.768364 0.741979 0.459271 0.467914
0 0.774842 0.937620 0.446316 0.119412
