0 0.223846 0.045427 0.300000 0.086528
0 0.249808 0.174137 0.490385 0.194687
0 0.678654 0.186575 0.363462 0.174137
0 0.917654 0.193043 0.160692 0.174094
0 0.169038 0.335295 0.336538 0.155750
0 0.497885 0.345570 0.328846 0.148179
0 0.820962 0.346651 0.340385 0.148179
0 0.979192 0.353660 0.037615 0.134075
0 0.239808 0.478606 0.479615 0.139526
0 0.634423 0.483473 0.317308 0.127628
0 0.884962 0.487129 0.226077 0.137103
0 0.250769 0.605694 0.453846 0.118976
0 0.621923 0.606234 0.292308 0.117894
0 0.875346 0.611599 0.245308 0.122134
0 0.194038 0.708986 0.290385 0.102752
0 0.467115 0.708445 0.275000 0.097344
0 0.741154 0.712231 0.288462 0.096262
0 0.929192 0.712771 0.137615 0.093017
0 0.207500 0.804707 0.271154 0.095180
0 0.467115 0.800922 0.263462 0.096262
0 0.721923 0.804707 0.265385 0.093017
0 0.920538 0.801462 0.154923 0.084364
