0 0.156000 0.088000 0.108000 0.176000
0 0.267000 0.085333 0.114000 0.170667
0 0.392000 0.081333 0.136000 0.162667
0 0.533000 0.076000 0.138000 0.152000
0 0.154000 0.262667 0.112000 0.184000
0 0.268000 0.258667 0.116000 0.192000
0 0.390000 0.249333 0.128000 0.194667
0 0.535000 0.242667 0.134000 0.208000
0 0.150000 0.445333 0.112000 0.181333
0 0.263000 0.444000 0.122000 0.189333
0 0.386000 0.441333 0.132000 0.194667
0 0.540000 0.438667 0.136000 0.200000
0 0.146000 0.630667 0.116000 0.194667
0 0.261000 0.632000 0.122000 0.197333
0 0.389000 0.637333 0.134000 0.202667
0 0.543000 0.642667 0.134000 0.208000
0 0.143000 0.817333 0.118000 0.194667
0 0.263000 0.826667 0.126000 0.197333
0 0.391000 0.765333 0.134000 0.069333
0 0.536000 0.746667 0.136000 0.026667
0 0.680000 0.070667 0.144000 0.141333
0 0.819000 0.064000 0.138000 0.128000
0 0.681000 0.234667 0.142000 0.213333
0 0.820000 0.224000 0.136000 0.218667
0 0.681000 0.437333 0.142000 0.208000
0 0.821000 0.433333 0.138000 0.216000
0 0.680000 0.646667 0.148000 0.216000
0 0.822000 0.649333 0.140000 0.221333
0 0.680000 0.862667 0.148000 0.232000
0 0.828000 0.869333 0.144000 0.234667
