0 0.006000 0.029333 0.012000 0.058667
0 0.052000 0.024000 0.080000 0.048000
0 0.027000 0.144000 0.054000 0.218667
0 0.181000 0.117333 0.270000 0.234667
0 0.011000 0.348000 0.022000 0.200000
0 0.058000 0.337333 0.084000 0.221333
0 0.213000 0.326667 0.250000 0.242667
0 0.040000 0.556000 0.080000 0.216000
0 0.211000 0.558667 0.274000 0.264000
0 0.040000 0.738667 0.080000 0.186667
0 0.118000 0.916000 0.236000 0.168000
0 0.286000 0.792000 0.152000 0.277333
0 0.301000 0.936000 0.150000 0.122667
0 0.345000 0.104000 0.078000 0.208000
0 0.442000 0.094667 0.116000 0.189333
0 0.565000 0.082667 0.138000 0.165333
0 0.711000 0.076000 0.166000 0.152000
0 0.868000 0.058667 0.260000 0.117333
0 0.454000 0.289333 0.256000 0.269333
0 0.653000 0.273333 0.158000 0.280000
0 0.374000 0.537333 0.080000 0.232000
0 0.467000 0.536000 0.126000 0.234667
0 0.597000 0.540000 0.146000 0.258667
0 0.819000 0.250667 0.186000 0.309333
0 0.950000 0.236000 0.096000 0.317333
0 0.772000 0.544000 0.220000 0.282667
0 0.940000 0.534667 0.120000 0.285333
0 0.480000 0.786667 0.260000 0.298667
0 0.397000 0.936000 0.066000 0.122667
0 0.554000 0.948000 0.252000 0.098667
0 0.682000 0.801333 0.152000 0.280000
0 0.879000 0.818667 0.242000 0.309333
0 0.797000 0.960000 0.238000 0.074667
