0 0.134371 0.109546 0.268742 0.212907
0 0.397608 0.110825 0.272165 0.215464
0 0.671320 0.120103 0.273196 0.213402
0 0.900897 0.117701 0.194206 0.208598
0 0.891103 0.326825 0.213794 0.210351
0 0.662557 0.325773 0.270103 0.206186
0 0.884918 0.524433 0.226165 0.191134
0 0.877186 0.712371 0.241629 0.185567
0 0.873381 0.890722 0.242268 0.173196
0 0.632144 0.899485 0.246392 0.178351
0 0.640392 0.714948 0.258763 0.188660
0 0.375959 0.713402 0.257732 0.189691
0 0.382660 0.897423 0.250515 0.176289
0 0.129567 0.900000 0.255670 0.179381
0 0.124062 0.716216 0.248124 0.203567
0 0.128186 0.525918 0.256371 0.196165
0 0.131278 0.319856 0.262557 0.207711
0 0.390392 0.524227 0.265979 0.190722
0 0.649155 0.523196 0.265979 0.196907
0 0.392454 0.321134 0.261856 0.209278
