0 0.056520 0.074797 0.106504 0.143089
0 0.311398 0.069919 0.411382 0.131165
0 0.658959 0.062331 0.285366 0.120325
0 0.898602 0.066667 0.198797 0.128000
0 0.148789 0.318374 0.297577 0.376585
0 0.420341 0.290515 0.266667 0.327371
0 0.637821 0.258537 0.194309 0.269919
0 0.804081 0.247154 0.159350 0.240650
0 0.936195 0.236856 0.121138 0.209214
0 0.988439 0.227642 0.019122 0.197290
0 0.074805 0.662276 0.149610 0.355447
0 0.324813 0.597832 0.404065 0.380488
0 0.658553 0.507317 0.274797 0.297019
0 0.880504 0.449322 0.186992 0.239566
0 0.979902 0.414493 0.036195 0.194320
0 0.023992 0.917930 0.047984 0.153474
0 0.178065 0.868835 0.326829 0.256911
0 0.438634 0.822764 0.239837 0.349051
0 0.638228 0.738753 0.173984 0.282927
0 0.791073 0.674255 0.144715 0.251491
0 0.907740 0.621680 0.117886 0.224390
0 0.976846 0.589160 0.039837 0.183198
0 0.444870 0.955035 0.174260 0.084596
0 0.654894 0.882927 0.254472 0.222222
0 0.863431 0.812466 0.182114 0.263415
0 0.976650 0.700607 0.042699 0.083881
