0 0.789000 0.394667 0.182000 0.240000
0 0.774000 0.596000 0.172000 0.189333
0 0.625000 0.388000 0.170000 0.221333
0 0.481000 0.378667 0.186000 0.218667
0 0.349000 0.368000 0.198000 0.208000
0 0.226000 0.357333 0.208000 0.192000
0 0.114000 0.356000 0.208000 0.189333
0 0.615000 0.582667 0.154000 0.189333
0 0.469000 0.564000 0.134000 0.178667
0 0.339000 0.544000 0.130000 0.170667
0 0.217000 0.530667 0.130000 0.149333
0 0.101000 0.522667 0.134000 0.149333
0 0.775000 0.762667 0.166000 0.192000
0 0.627000 0.742667 0.146000 0.173333
0 0.488000 0.720000 0.128000 0.165333
0 0.353000 0.694667 0.138000 0.162667
0 0.232000 0.674667 0.124000 0.149333
0 0.126000 0.664000 0.124000 0.144000
0 0.769000 0.916000 0.158000 0.168000
0 0.627000 0.889333 0.138000 0.168000
0 0.493000 0.862667 0.130000 0.168000
0 0.372000 0.837333 0.120000 0.149333
0 0.251000 0.814667 0.122000 0.146667
0 0.144000 0.793333 0.120000 0.146667
0 0.168000 0.920000 0.120000 0.117333
0 0.273000 0.934667 0.118000 0.130667
0 0.388000 0.945333 0.116000 0.109333
0 0.508000 0.960000 0.128000 0.080000
0 0.636000 0.972000 0.136000 0.056000
0 0.914000 0.345333 0.156000 0.200000
0 0.926000 0.514667 0.140000 0.181333
0 0.920000 0.672000 0.136000 0.165333
0 0.928000 0.869333 0.144000 0.261333
0 0.060000 0.905333 0.120000 0.141333
0 0.050000 0.782667 0.100000 0.136000
0 0.041000 0.656000 0.082000 0.144000
0 0.028000 0.516000 0.056000 0.152000
0 0.053000 0.342667 0.106000 0.205333
0 0.766000 0.257333 0.136000 0.029333
0 0.640000 0.257333 0.136000 0.029333
0 0.527000 0.254667 0.142000 0.034667
0 0.898000 0.233333 0.128000 0.024000
