0 0.690909 0.966667 0.245455 0.066667
0 0.702273 0.903030 0.259091 0.121212
0 0.727273 0.812121 0.290909 0.145455
0 0.800000 0.709091 0.209091 0.133333
0 0.818182 0.593939 0.236364 0.145455
0 0.797727 0.442424 0.359091 0.181818
0 0.825000 0.187879 0.350000 0.375758
0 0.454545 0.945455 0.227273 0.109091
0 0.452273 0.869697 0.231818 0.127273
0 0.461364 0.769697 0.259091 0.133333
0 0.554545 0.678788 0.190909 0.133333
0 0.572727 0.554545 0.209091 0.151515
0 0.470455 0.403030 0.322727 0.175758
0 0.463636 0.215152 0.345455 0.272727
0 0.343182 0.521212 0.195455 0.145455
0 0.352273 0.645455 0.186364 0.127273
0 0.211364 0.736364 0.250000 0.127273
0 0.218182 0.827273 0.236364 0.115152
0 0.229545 0.912121 0.213636 0.103030
0 0.054545 0.863636 0.109091 0.078788
0 0.047727 0.787879 0.095455 0.072727
0 0.040909 0.700000 0.081818 0.103030
0 0.027273 0.593939 0.054545 0.109091
0 0.159091 0.624242 0.190909 0.121212
0 0.143182 0.506061 0.213636 0.139394
0 0.161364 0.375758 0.304545 0.169697
0 0.147727 0.203030 0.295455 0.200000
0 0.184091 0.063636 0.368182 0.127273
