0 0.047000 0.861333 0.094000 0.250667
0 0.057000 0.961333 0.114000 0.077333
0 0.233000 0.086667 0.162000 0.136000
0 0.387000 0.094667 0.146000 0.098667
0 0.375000 0.216000 0.178000 0.176000
0 0.258000 0.226667 0.056000 0.149333
0 0.180000 0.221333 0.092000 0.160000
0 0.291000 0.374667 0.094000 0.162667
0 0.165000 0.366667 0.102000 0.173333
0 0.415000 0.380000 0.090000 0.157333
0 0.204000 0.534667 0.184000 0.168000
0 0.381000 0.534667 0.166000 0.157333
0 0.164000 0.704000 0.104000 0.170667
0 0.292000 0.697333 0.096000 0.168000
0 0.413000 0.692000 0.094000 0.152000
0 0.381000 0.849333 0.166000 0.168000
0 0.207000 0.861333 0.182000 0.186667
0 0.396000 0.961333 0.092000 0.077333
0 0.277000 0.966667 0.094000 0.066667
0 0.163000 0.974667 0.098000 0.050667
0 0.517000 0.276000 0.110000 0.141333
0 0.641000 0.404000 0.126000 0.146667
0 0.493000 0.394667 0.062000 0.133333
0 0.509000 0.540000 0.090000 0.152000
0 0.626000 0.541333 0.148000 0.149333
0 0.500000 0.692000 0.084000 0.146667
0 0.613000 0.688000 0.142000 0.138667
0 0.536000 0.829333 0.144000 0.160000
0 0.644000 0.790667 0.072000 0.082667
0 0.633000 0.913333 0.178000 0.173333
0 0.502000 0.949333 0.084000 0.101333
0 0.734000 0.132000 0.224000 0.205333
0 0.878000 0.124000 0.064000 0.136000
0 0.847000 0.260000 0.130000 0.136000
0 0.702000 0.260000 0.160000 0.146667
0 0.774000 0.397333 0.136000 0.138667
0 0.881000 0.398667 0.078000 0.136000
0 0.741000 0.537333 0.082000 0.136000
0 0.822000 0.533333 0.076000 0.128000
0 0.931000 0.540000 0.138000 0.162667
0 0.791000 0.694667 0.158000 0.194667
0 0.960000 0.401333 0.080000 0.109333
0 0.973000 0.114667 0.054000 0.085333
0 0.973000 0.186667 0.054000 0.085333
0 0.975000 0.250667 0.050000 0.080000
0 0.975000 0.317333 0.050000 0.064000
0 0.453000 0.056000 0.086000 0.090667
0 0.479000 0.145333 0.034000 0.082667
0 0.536000 0.152000 0.068000 0.080000
0 0.598000 0.160000 0.044000 0.080000
0 0.549000 0.405333 0.058000 0.122667
0 0.545000 0.030667 0.102000 0.061333
0 0.582000 0.098667 0.060000 0.074667
