0 0.113253 0.250303 0.196486 0.324848
0 0.299164 0.250909 0.187617 0.326061
0 0.484735 0.260000 0.180795 0.322424
0 0.663142 0.269091 0.185571 0.318788
0 0.841208 0.275152 0.192393 0.323636
0 0.826880 0.577576 0.182842 0.305455
0 0.653590 0.575758 0.178748 0.304242
0 0.478253 0.572121 0.181477 0.313939
0 0.295753 0.566667 0.188982 0.315152
0 0.111888 0.566667 0.188300 0.312727
0 0.116664 0.858636 0.184206 0.276061
0 0.298482 0.858030 0.180795 0.277273
0 0.477315 0.859848 0.177895 0.273636
0 0.649156 0.858788 0.167150 0.273939
0 0.816306 0.862273 0.176701 0.268788
