0 0.688295 0.250714 0.389313 0.221429
0 0.306616 0.247143 0.379135 0.228571
0 0.333333 0.119286 0.290076 0.041429
0 0.502545 0.122857 0.043257 0.048571
0 0.720102 0.120714 0.096692 0.041429
0 0.818066 0.452143 0.363868 0.210000
0 0.486005 0.451429 0.361323 0.188571
0 0.152672 0.436429 0.305344 0.210000
0 0.067430 0.301429 0.134860 0.071429
0 0.793893 0.633571 0.351145 0.167143
0 0.765903 0.790714 0.346056 0.164286
0 0.455471 0.785714 0.310433 0.157143
0 0.465649 0.627143 0.335878 0.168571
0 0.148855 0.784286 0.297710 0.154286
0 0.150127 0.627143 0.300254 0.168571
