0 0.184707 0.115140 0.369415 0.147534
0 0.378358 0.129788 0.060163 0.082661
0 0.418195 0.144437 0.052033 0.042900
0 0.048122 0.252734 0.096244 0.127654
0 0.286488 0.239654 0.393496 0.147534
0 0.106813 0.373586 0.213008 0.122422
0 0.349902 0.365215 0.276423 0.126607
0 0.053813 0.497724 0.107626 0.121669
0 0.301935 0.486591 0.378862 0.134978
0 0.130236 0.612461 0.260472 0.115527
0 0.381610 0.598550 0.265041 0.141256
0 0.087959 0.727365 0.175919 0.120560
0 0.349089 0.716786 0.352846 0.132885
0 0.410878 0.847579 0.261789 0.122422
0 0.144057 0.846010 0.288114 0.129746
0 0.086333 0.954463 0.172667 0.086533
0 0.356407 0.951690 0.377236 0.092078
0 0.717382 0.828745 0.364228 0.132885
0 0.658846 0.940704 0.250407 0.111959
0 0.888585 0.929565 0.218829 0.121679
0 0.940959 0.812004 0.112195 0.107773
0 0.887772 0.702661 0.220455 0.123468
0 0.655593 0.711032 0.247154 0.127654
0 0.925171 0.582086 0.145659 0.111404
0 0.691366 0.594888 0.354472 0.119283
0 0.860130 0.460872 0.275740 0.134099
0 0.608439 0.470373 0.250407 0.121376
0 0.921919 0.335672 0.152163 0.133377
0 0.673480 0.351613 0.370732 0.132885
0 0.863382 0.217111 0.269236 0.138211
0 0.609252 0.235992 0.252033 0.123468
0 0.915415 0.104216 0.165171 0.100323
0 0.667789 0.121941 0.356098 0.117190
