0 0.030195 0.143398 0.057359 0.273810
0 0.180087 0.170455 0.268398 0.319264
0 0.473918 0.027056 0.356061 0.049784
0 0.485281 0.214286 0.344156 0.378788
0 0.824242 0.043182 0.342424 0.086364
0 0.818831 0.273052 0.353247 0.435714
0 0.043506 0.403139 0.087013 0.267316
0 0.165476 0.010823 0.243506 0.021645
0 0.197944 0.447511 0.250000 0.345238
0 0.480411 0.533550 0.321429 0.374459
0 0.808550 0.636797 0.373810 0.444589
0 0.048377 0.625000 0.096753 0.256494
0 0.211472 0.599026 0.251082 0.146104
0 0.493398 0.808333 0.319264 0.374242
0 0.809632 0.863528 0.371645 0.263853
