0 0.186000 0.060000 0.352000 0.120000
0 0.201000 0.190000 0.322000 0.164000
0 0.195000 0.339000 0.282000 0.146000
0 0.206000 0.480000 0.280000 0.144000
0 0.227000 0.598000 0.266000 0.136000
0 0.227000 0.705000 0.258000 0.126000
0 0.245000 0.804000 0.254000 0.108000
0 0.479000 0.217000 0.306000 0.206000
0 0.479000 0.382000 0.290000 0.152000
0 0.475000 0.507000 0.266000 0.130000
0 0.476000 0.613000 0.248000 0.118000
0 0.474000 0.711000 0.240000 0.126000
0 0.484000 0.805000 0.232000 0.118000
0 0.480000 0.883000 0.212000 0.086000
0 0.258000 0.894000 0.236000 0.112000
0 0.702000 0.864000 0.212000 0.096000
0 0.705000 0.788000 0.210000 0.076000
0 0.716000 0.696000 0.240000 0.096000
0 0.727000 0.598000 0.258000 0.120000
0 0.747000 0.371000 0.258000 0.138000
0 0.738000 0.489000 0.260000 0.106000
0 0.760000 0.221000 0.344000 0.222000
0 0.916000 0.948000 0.168000 0.104000
0 0.924000 0.908000 0.152000 0.132000
0 0.903000 0.817000 0.194000 0.146000
0 0.914000 0.664000 0.172000 0.168000
0 0.926000 0.482000 0.148000 0.220000
0 0.367000 0.016000 0.026000 0.032000
0 0.368000 0.053000 0.024000 0.046000
0 0.372000 0.099000 0.028000 0.050000
0 0.435000 0.016000 0.094000 0.032000
0 0.431000 0.052000 0.090000 0.044000
0 0.433000 0.094000 0.094000 0.044000
0 0.541000 0.081000 0.082000 0.042000
0 0.622000 0.083000 0.080000 0.038000
0 0.543000 0.037000 0.082000 0.042000
0 0.626000 0.039000 0.080000 0.046000
0 0.543000 0.010000 0.082000 0.020000
0 0.626000 0.009000 0.084000 0.018000
