0 0.121212 0.140909 0.242424 0.236364
0 0.484848 0.131818 0.545455 0.236364
0 0.875758 0.127273 0.248485 0.236364
0 0.136364 0.356818 0.272727 0.213636
0 0.518182 0.350000 0.503030 0.209091
0 0.878788 0.345455 0.242424 0.209091
0 0.142424 0.552273 0.284848 0.195455
0 0.512121 0.540909 0.478788 0.181818
0 0.869697 0.536364 0.260606 0.181818
0 0.251515 0.713636 0.503030 0.172727
0 0.766667 0.709091 0.466667 0.163636
0 0.145455 0.865909 0.290909 0.150000
0 0.503030 0.852273 0.436364 0.177273
0 0.863636 0.865909 0.272727 0.150000
0 0.021212 0.965909 0.042424 0.068182
0 0.272727 0.965909 0.496970 0.068182
0 0.821212 0.968182 0.357576 0.063636
