0 0.093953 0.135401 0.143411 0.177778
0 0.234264 0.139018 0.146512 0.182946
0 0.381163 0.137468 0.147287 0.177778
0 0.524574 0.134367 0.142636 0.177778
0 0.520698 0.311628 0.141085 0.176744
0 0.381550 0.315245 0.140310 0.179845
0 0.240853 0.315762 0.139535 0.172610
0 0.095116 0.314212 0.155039 0.175711
0 0.011512 0.142636 0.023023 0.169509
0 0.013062 0.314667 0.026124 0.176000
0 0.013062 0.487700 0.026124 0.171266
0 0.097442 0.483721 0.145736 0.169509
0 0.241628 0.484755 0.142636 0.169509
0 0.383876 0.484755 0.144961 0.173643
0 0.526512 0.482687 0.141860 0.169509
0 0.667209 0.306977 0.150388 0.177778
0 0.669922 0.479070 0.144961 0.168475
0 0.808682 0.354005 0.137209 0.083721
0 0.922915 0.213302 0.150171 0.143938
0 0.922915 0.327349 0.150171 0.126698
0 0.811783 0.441860 0.138760 0.089922
0 0.938806 0.476021 0.118388 0.178708
0 0.944620 0.641344 0.106760 0.180879
0 0.817984 0.549871 0.148062 0.119897
0 0.816434 0.670284 0.146512 0.118863
0 0.670698 0.647545 0.143411 0.164341
0 0.527287 0.650646 0.143411 0.164341
0 0.385039 0.652196 0.139535 0.163307
0 0.245116 0.654264 0.146512 0.165375
0 0.099767 0.653230 0.144186 0.169509
0 0.014612 0.655297 0.029225 0.167442
0 0.100155 0.822222 0.140310 0.162274
0 0.246279 0.820672 0.148837 0.167442
0 0.390078 0.818088 0.140310 0.168475
0 0.529612 0.819121 0.141860 0.172610
0 0.672248 0.817054 0.146512 0.168475
0 0.816822 0.817054 0.144186 0.170543
0 0.943845 0.818408 0.108310 0.171183
0 0.941000 0.950667 0.114000 0.093333
0 0.815295 0.948796 0.142589 0.097075
0 0.672248 0.950904 0.143411 0.090956
0 0.530775 0.951897 0.136434 0.090873
0 0.016550 0.825323 0.033101 0.164341
0 0.021589 0.951525 0.043178 0.089716
0 0.104031 0.950863 0.129457 0.092941
0 0.215899 0.949313 0.184202 0.096041
0 0.390853 0.950904 0.140310 0.090956
0 0.313209 0.950346 0.017581 0.093974
