0 0.090853 0.437209 0.041085 0.051680
0 0.080000 0.489406 0.078295 0.050646
0 0.131550 0.536951 0.257364 0.054780
0 0.127016 0.602171 0.254031 0.075659
0 0.127791 0.814470 0.255581 0.363824
0 0.356744 0.804093 0.289147 0.386481
0 0.365659 0.591731 0.262016 0.069251
0 0.310233 0.548320 0.106202 0.017571
0 0.213721 0.347804 0.296124 0.389664
0 0.492791 0.386047 0.300775 0.426873
0 0.637752 0.791731 0.283721 0.392765
0 0.870202 0.772610 0.255597 0.385530
0 0.855969 0.555556 0.270543 0.077519
0 0.624186 0.568475 0.256589 0.076486
0 0.824961 0.496124 0.217829 0.064083
0 0.743953 0.329199 0.258915 0.385530
0 0.493178 0.161240 0.289147 0.031008
0 0.485039 0.133333 0.266667 0.024806
0 0.711008 0.131783 0.205426 0.032041
0 0.689690 0.111628 0.193798 0.018605
0 0.481163 0.112661 0.238760 0.024806
0 0.254419 0.118346 0.233333 0.025840
0 0.232326 0.139018 0.251163 0.025840
0 0.860620 0.443928 0.062791 0.052713
