0 0.231000 0.181682 0.462000 0.348348
0 0.332000 0.105105 0.380000 0.210210
0 0.538000 0.280781 0.172000 0.198198
0 0.584000 0.169670 0.136000 0.183183
0 0.561000 0.070571 0.254000 0.141141
0 0.728000 0.124625 0.104000 0.159159
0 0.706000 0.216967 0.124000 0.160661
0 0.656000 0.314565 0.096000 0.142643
0 0.185000 0.411411 0.370000 0.267267
0 0.256000 0.666667 0.512000 0.282282
0 0.455000 0.433934 0.198000 0.192192
0 0.570000 0.601351 0.160000 0.178679
0 0.603000 0.442943 0.126000 0.150150
0 0.720000 0.446697 0.120000 0.124625
0 0.694000 0.579580 0.116000 0.144144
0 0.788000 0.565315 0.088000 0.118619
0 0.746000 0.341592 0.100000 0.121622
0 0.811000 0.173423 0.086000 0.127628
0 0.207000 0.861111 0.410000 0.277778
0 0.500000 0.795045 0.200000 0.253754
0 0.383000 0.933934 0.282000 0.129129
0 0.606000 0.893393 0.184000 0.213213
0 0.741000 0.867117 0.170000 0.265766
0 0.663000 0.727477 0.138000 0.187688
0 0.769000 0.680180 0.094000 0.141141
0 0.836000 0.812312 0.132000 0.249249
0 0.922000 0.755255 0.104000 0.210210
0 0.973000 0.705706 0.054000 0.171171
0 0.792000 0.259760 0.060000 0.108108
0 0.835000 0.361862 0.078000 0.111111
0 0.813000 0.452703 0.074000 0.106607
0 0.860000 0.553303 0.068000 0.100601
0 0.845000 0.657658 0.078000 0.123123
0 0.906000 0.631381 0.056000 0.100601
0 0.920000 0.541291 0.060000 0.097598
0 0.871000 0.457207 0.066000 0.091592
0 0.855000 0.282282 0.070000 0.108108
0 0.877000 0.206456 0.066000 0.106607
0 0.927000 0.234985 0.042000 0.091592
0 0.964000 0.250751 0.036000 0.078078
0 0.911000 0.298799 0.050000 0.096096
0 0.961000 0.313814 0.054000 0.081081
0 0.894000 0.374625 0.060000 0.088589
0 0.953000 0.382883 0.074000 0.078078
0 0.924000 0.458709 0.044000 0.082583
0 0.969000 0.454955 0.058000 0.072072
0 0.952000 0.609610 0.064000 0.096096
0 0.963000 0.529279 0.038000 0.085586
0 0.988000 0.524024 0.020000 0.081081
0 0.991000 0.590090 0.018000 0.078078
