0 0.125000 0.260638 0.174000 0.196809
0 0.108000 0.458777 0.184000 0.210106
0 0.095000 0.662234 0.182000 0.202128
0 0.086000 0.889628 0.168000 0.210106
0 0.314000 0.889628 0.312000 0.210106
0 0.322000 0.668883 0.296000 0.188830
0 0.330000 0.477394 0.288000 0.210106
0 0.338000 0.296543 0.276000 0.215426
0 0.541000 0.187500 0.154000 0.210106
0 0.549000 0.343085 0.146000 0.191489
0 0.549000 0.513298 0.154000 0.186170
0 0.548000 0.686170 0.156000 0.191489
0 0.550000 0.837766 0.160000 0.095745
0 0.753000 0.837766 0.242000 0.095745
0 0.748000 0.695479 0.244000 0.178191
0 0.733000 0.521277 0.242000 0.186170
0 0.735000 0.359043 0.230000 0.175532
0 0.729000 0.195479 0.218000 0.178191
0 0.911000 0.203457 0.162000 0.162234
0 0.916000 0.352394 0.152000 0.151596
0 0.922000 0.513298 0.144000 0.170213
0 0.925000 0.690160 0.134000 0.178191
