0 0.116621 0.177514 0.166990 0.165626
0 0.337981 0.130115 0.295146 0.214660
0 0.738864 0.106622 0.518272 0.213244
0 0.126330 0.308271 0.178641 0.132937
0 0.341864 0.294106 0.279612 0.167805
0 0.736922 0.279941 0.522155 0.200495
0 0.132155 0.440119 0.174757 0.132937
0 0.347689 0.455374 0.279612 0.159088
0 0.733126 0.469539 0.483495 0.185240
0 0.141864 0.561069 0.182524 0.143833
0 0.357398 0.595938 0.248544 0.176523
0 0.717592 0.635165 0.475728 0.202674
0 0.144777 0.678751 0.161165 0.154730
0 0.347689 0.728875 0.256311 0.191778
0 0.698175 0.792619 0.475728 0.223377
0 0.137981 0.786626 0.174757 0.165626
0 0.338951 0.859632 0.231068 0.204853
0 0.673903 0.911390 0.469903 0.173254
0 0.974786 0.462963 0.046427 0.178451
0 0.985553 0.294106 0.021359 0.165626
0 0.963136 0.639878 0.069728 0.183769
0 0.951485 0.806370 0.093029 0.194218
0 0.120505 0.032591 0.089320 0.056662
0 0.124388 0.089798 0.108738 0.070827
0 0.255456 0.053839 0.157282 0.070827
