0 0.121000 0.151026 0.202000 0.296188
0 0.321000 0.149560 0.198000 0.293255
0 0.512000 0.153959 0.188000 0.284457
0 0.694000 0.161290 0.176000 0.293255
0 0.868000 0.177419 0.164000 0.284457
0 0.752000 0.444282 0.420000 0.296188
0 0.302000 0.442815 0.476000 0.304985
0 0.320000 0.928152 0.448000 0.131965
0 0.747000 0.923754 0.394000 0.146628
0 0.532000 0.725806 0.192000 0.272727
0 0.709000 0.722874 0.182000 0.260997
0 0.876000 0.722874 0.156000 0.255132
0 0.348000 0.730205 0.192000 0.275660
0 0.153000 0.734604 0.190000 0.284457
0 0.022000 0.406158 0.044000 0.114370
0 0.022000 0.517595 0.044000 0.108504
0 0.024000 0.624633 0.048000 0.105572
