0 0.081000 0.101949 0.162000 0.113943
0 0.095000 0.215892 0.186000 0.113943
0 0.107000 0.318591 0.214000 0.133433
0 0.116000 0.410045 0.232000 0.124438
0 0.101000 0.518741 0.202000 0.155922
0 0.093000 0.657421 0.122000 0.133433
0 0.129000 0.769115 0.114000 0.089955
0 0.155000 0.837331 0.102000 0.055472
0 0.349000 0.269865 0.246000 0.110945
0 0.345000 0.373313 0.238000 0.110945
0 0.581000 0.307346 0.234000 0.053973
0 0.267000 0.492504 0.254000 0.139430
0 0.274000 0.628936 0.280000 0.160420
0 0.277000 0.751874 0.258000 0.100450
0 0.300000 0.833583 0.220000 0.074963
0 0.318000 0.907796 0.232000 0.085457
0 0.601000 0.356072 0.222000 0.106447
0 0.495000 0.395052 0.258000 0.139430
0 0.512000 0.497751 0.248000 0.101949
0 0.536000 0.630435 0.280000 0.184408
0 0.555000 0.800600 0.306000 0.194903
0 0.585000 0.913793 0.298000 0.172414
0 0.669000 0.454273 0.086000 0.092954
0 0.681000 0.520990 0.090000 0.118441
0 0.702000 0.597451 0.068000 0.082459
0 0.841000 0.416792 0.198000 0.170915
0 0.840000 0.329835 0.192000 0.041979
0 0.828000 0.355322 0.224000 0.131934
0 0.848000 0.562219 0.184000 0.122939
