0 0.480633 0.096522 0.320216 0.160653
0 0.795062 0.083496 0.327932 0.158482
0 0.475810 0.248491 0.333719 0.169337
0 0.818364 0.228952 0.359105 0.182363
0 0.488349 0.412943 0.354938 0.179106
0 0.827045 0.391494 0.341744 0.185098
0 0.495100 0.585537 0.372299 0.185619
0 0.836690 0.571643 0.322454 0.196040
0 0.491242 0.778755 0.395448 0.209500
0 0.837654 0.770049 0.320525 0.224741
0 0.503781 0.939951 0.393519 0.110720
0 0.849228 0.938453 0.297377 0.113716
0 0.226968 0.782011 0.190972 0.200816
0 0.200926 0.937780 0.208333 0.112891
0 0.225039 0.590422 0.175540 0.191047
0 0.252045 0.332074 0.121528 0.323477
0 0.309915 0.117146 0.028935 0.108549
0 0.677392 0.005883 0.270062 0.009769
0 0.978318 0.053102 0.034722 0.104207
