0 0.027000 0.041333 0.054000 0.082667
0 0.124000 0.070667 0.164000 0.141333
0 0.298000 0.065333 0.188000 0.130667
0 0.558000 0.082667 0.332000 0.165333
0 0.733000 0.080000 0.030000 0.160000
0 0.865000 0.100000 0.258000 0.200000
0 0.984000 0.104000 0.032000 0.202667
0 0.971000 0.345333 0.058000 0.280000
0 0.843000 0.326667 0.258000 0.285333
0 0.560000 0.262667 0.336000 0.253333
0 0.725000 0.252000 0.026000 0.184000
0 0.301000 0.218667 0.190000 0.213333
0 0.537000 0.457333 0.302000 0.253333
0 0.704000 0.418667 0.032000 0.165333
0 0.827000 0.561333 0.234000 0.269333
0 0.961000 0.601333 0.078000 0.248000
0 0.957000 0.833333 0.086000 0.242667
0 0.822000 0.766667 0.216000 0.269333
0 0.940000 0.928000 0.120000 0.144000
0 0.783000 0.880000 0.214000 0.240000
0 0.714000 0.989333 0.044000 0.021333
0 0.691000 0.820000 0.046000 0.184000
0 0.698000 0.566667 0.040000 0.157333
0 0.539000 0.632000 0.294000 0.261333
0 0.544000 0.786667 0.284000 0.277333
0 0.540000 0.897333 0.264000 0.205333
0 0.322000 0.826667 0.176000 0.186667
0 0.314000 0.705333 0.184000 0.210667
0 0.166000 0.616000 0.132000 0.176000
0 0.175000 0.698667 0.114000 0.101333
0 0.058000 0.620000 0.116000 0.082667
0 0.055000 0.560000 0.110000 0.170667
0 0.155000 0.497333 0.138000 0.189333
0 0.048000 0.444000 0.096000 0.162667
0 0.304000 0.561333 0.176000 0.221333
0 0.300000 0.394667 0.180000 0.234667
0 0.144000 0.364000 0.148000 0.189333
0 0.135000 0.208000 0.170000 0.192000
0 0.043000 0.321333 0.086000 0.157333
0 0.031000 0.168000 0.062000 0.176000
