0 0.193194 0.132746 0.218056 0.198859
0 0.394583 0.132226 0.195833 0.204065
0 0.598056 0.129623 0.211111 0.198859
0 0.807778 0.125458 0.208333 0.198859
0 0.814722 0.322755 0.216667 0.197818
0 0.607083 0.325879 0.218056 0.197818
0 0.404306 0.328482 0.209722 0.194694
0 0.193889 0.329002 0.219444 0.193653
0 0.196667 0.525779 0.219444 0.201982
0 0.407778 0.521614 0.205556 0.195735
0 0.615417 0.520052 0.209722 0.190530
0 0.821667 0.515888 0.211111 0.190530
0 0.820278 0.706938 0.208333 0.193653
0 0.618889 0.709541 0.208333 0.190530
0 0.410556 0.714747 0.225000 0.194694
0 0.204306 0.720994 0.215278 0.207188
0 0.211250 0.898509 0.220833 0.166583
0 0.418889 0.893824 0.205556 0.167625
0 0.620278 0.892262 0.200000 0.172830
0 0.816111 0.889659 0.202778 0.171789
