0 0.249000 0.061333 0.154000 0.122667
0 0.200000 0.232000 0.200000 0.224000
0 0.192000 0.333333 0.188000 0.144000
0 0.174000 0.502667 0.252000 0.210667
0 0.182000 0.669333 0.228000 0.176000
0 0.159000 0.872000 0.282000 0.250667
0 0.407000 0.072000 0.154000 0.101333
0 0.389000 0.178667 0.158000 0.112000
0 0.384000 0.296000 0.168000 0.122667
0 0.373000 0.440000 0.178000 0.181333
0 0.375000 0.636000 0.190000 0.253333
0 0.553000 0.888000 0.254000 0.224000
0 0.571000 0.684000 0.206000 0.184000
0 0.560000 0.529333 0.196000 0.168000
0 0.570000 0.404000 0.184000 0.168000
0 0.570000 0.274667 0.168000 0.138667
0 0.568000 0.157333 0.164000 0.117333
0 0.564000 0.056000 0.160000 0.112000
0 0.719000 0.044000 0.174000 0.088000
0 0.732000 0.118667 0.188000 0.141333
0 0.780000 0.240000 0.188000 0.165333
0 0.810000 0.348000 0.204000 0.168000
0 0.822000 0.477333 0.232000 0.186667
0 0.860000 0.610667 0.256000 0.197333
0 0.877000 0.760000 0.246000 0.202667
0 0.898000 0.910667 0.204000 0.178667
0 0.976000 0.562667 0.048000 0.192000
0 0.959000 0.316000 0.082000 0.258667
0 0.910000 0.120000 0.180000 0.240000
