0 0.171589 0.133850 0.343178 0.265633
0 0.536202 0.153488 0.420155 0.304910
0 0.851984 0.293540 0.292031 0.556072
0 0.572248 0.417054 0.278295 0.251163
0 0.308682 0.385013 0.261240 0.247028
0 0.108411 0.345220 0.216822 0.266667
0 0.820310 0.582429 0.303101 0.371059
0 0.559457 0.617571 0.244961 0.199483
0 0.331163 0.581395 0.217829 0.166408
0 0.124961 0.561240 0.241085 0.179845
0 0.166047 0.711111 0.203876 0.144703
0 0.347054 0.728682 0.207752 0.177778
0 0.558682 0.778295 0.227907 0.177778
0 0.794729 0.825323 0.275194 0.180879
0 0.761008 0.934367 0.232558 0.124031
0 0.548992 0.913695 0.200775 0.142636
0 0.360233 0.862532 0.187597 0.145736
0 0.193566 0.830491 0.186047 0.139535
