0 0.193000 0.130045 0.386000 0.260090
0 0.647000 0.118834 0.534000 0.237668
0 0.955000 0.139013 0.090000 0.278027
0 0.116000 0.377803 0.232000 0.257848
0 0.382000 0.362108 0.300000 0.271300
0 0.733000 0.343049 0.422000 0.304933
0 0.971000 0.375561 0.058000 0.226457
0 0.200000 0.622197 0.400000 0.248879
0 0.659000 0.615471 0.526000 0.271300
0 0.957000 0.602018 0.078000 0.239910
0 0.152000 0.859865 0.268000 0.239910
0 0.434000 0.872197 0.304000 0.255605
0 0.776000 0.855381 0.384000 0.289238
0 0.339000 0.983184 0.498000 0.033632
0 0.976000 0.794843 0.048000 0.239910
