0 0.076554 0.064047 0.153108 0.121906
0 0.265869 0.051568 0.253025 0.103135
0 0.463201 0.035066 0.152640 0.070132
0 0.562211 0.026815 0.053630 0.049505
0 0.791742 0.097979 0.408182 0.191832
0 0.788992 0.323437 0.413683 0.296875
0 0.788992 0.607586 0.413683 0.291079
0 0.793117 0.857864 0.405432 0.278022
0 0.770833 0.974407 0.341667 0.044936
0 0.417822 0.950686 0.369912 0.092378
0 0.398570 0.821473 0.380913 0.260932
0 0.390319 0.574464 0.391914 0.297030
0 0.509268 0.344988 0.154015 0.178424
0 0.481078 0.152640 0.213146 0.216584
0 0.263806 0.172236 0.237899 0.198020
0 0.079304 0.202052 0.158608 0.183395
0 0.101994 0.355420 0.203988 0.170410
0 0.310561 0.344988 0.240649 0.166048
0 0.306436 0.446060 0.193894 0.038160
0 0.118042 0.514645 0.169142 0.109323
0 0.122855 0.632219 0.167767 0.146452
0 0.131106 0.762686 0.165017 0.151609
