0 0.491000 0.866567 0.350000 0.266867
0 0.683000 0.718891 0.326000 0.178411
0 0.685000 0.606447 0.346000 0.181409
0 0.917000 0.556972 0.138000 0.154423
0 0.906000 0.652924 0.136000 0.148426
0 0.754000 0.805847 0.172000 0.166417
0 0.737000 0.895052 0.190000 0.161919
0 0.899000 0.732384 0.134000 0.154423
0 0.893000 0.807346 0.138000 0.148426
0 0.477000 0.951274 0.330000 0.097451
0 0.178000 0.892054 0.284000 0.185907
0 0.202000 0.949775 0.240000 0.094453
0 0.409000 0.760870 0.202000 0.100450
0 0.684000 0.486507 0.368000 0.166417
0 0.927000 0.446777 0.134000 0.149925
0 0.897000 0.323838 0.206000 0.155922
0 0.701000 0.345577 0.386000 0.196402
0 0.361000 0.359820 0.286000 0.179910
0 0.127000 0.408546 0.254000 0.190405
0 0.127000 0.559970 0.254000 0.199400
0 0.365000 0.490255 0.274000 0.170915
0 0.359000 0.607196 0.270000 0.164918
0 0.388000 0.709145 0.240000 0.167916
0 0.150000 0.786357 0.300000 0.220390
0 0.142000 0.278111 0.280000 0.130435
0 0.140000 0.186657 0.276000 0.118441
0 0.468000 0.237631 0.384000 0.097451
0 0.125000 0.688906 0.250000 0.190405
