0 0.180000 0.227000 0.360000 0.390000
0 0.161000 0.557000 0.318000 0.298000
0 0.175000 0.803000 0.298000 0.282000
0 0.218000 0.972000 0.284000 0.056000
0 0.490000 0.981000 0.264000 0.038000
0 0.767000 0.956000 0.270000 0.084000
0 0.743000 0.848000 0.310000 0.244000
0 0.460000 0.843000 0.288000 0.258000
0 0.462000 0.576000 0.304000 0.304000
0 0.474000 0.242000 0.364000 0.396000
0 0.227000 0.027000 0.314000 0.042000
0 0.522000 0.028000 0.244000 0.056000
0 0.814000 0.226000 0.368000 0.452000
0 0.957000 0.419000 0.086000 0.370000
0 0.772000 0.580000 0.344000 0.308000
0 0.941000 0.704000 0.118000 0.208000
0 0.930000 0.902000 0.140000 0.196000
