0 0.020000 0.455022 0.040000 0.160420
0 0.018000 0.319340 0.036000 0.104948
0 0.149000 0.132684 0.298000 0.265367
0 0.463000 0.131184 0.294000 0.259370
0 0.775000 0.134933 0.302000 0.269865
0 0.959000 0.236132 0.082000 0.112444
0 0.972000 0.328336 0.056000 0.065967
0 0.966000 0.440030 0.064000 0.154423
0 0.977000 0.670915 0.046000 0.259370
0 0.993000 0.903298 0.014000 0.190405
0 0.840000 0.903298 0.296000 0.190405
0 0.723000 0.402549 0.450000 0.274363
0 0.265000 0.398801 0.450000 0.272864
0 0.514000 0.901799 0.308000 0.196402
0 0.180000 0.901049 0.304000 0.197901
0 0.019000 0.938531 0.038000 0.119940
0 0.022000 0.790855 0.044000 0.172414
0 0.023000 0.620690 0.046000 0.167916
0 0.270000 0.667166 0.448000 0.275862
0 0.723000 0.671664 0.458000 0.272864
