0 0.043000 0.066313 0.086000 0.132626
0 0.107000 0.029178 0.046000 0.058355
0 0.114000 0.144562 0.136000 0.193634
0 0.024000 0.202918 0.048000 0.183024
0 0.111000 0.328912 0.134000 0.190981
0 0.024000 0.372679 0.048000 0.177719
0 0.111000 0.511936 0.130000 0.180371
0 0.023000 0.530504 0.046000 0.143236
0 0.246000 0.515915 0.140000 0.193634
0 0.248000 0.323607 0.144000 0.201592
0 0.249000 0.132626 0.142000 0.206897
0 0.249000 0.021220 0.138000 0.042440
0 0.391000 0.014589 0.146000 0.029178
0 0.390000 0.119363 0.148000 0.212202
0 0.391000 0.318302 0.150000 0.201592
0 0.389000 0.514589 0.150000 0.196286
0 0.544000 0.514589 0.160000 0.206897
0 0.544000 0.310345 0.156000 0.201592
0 0.546000 0.115385 0.160000 0.204244
0 0.547000 0.007958 0.170000 0.015915
0 0.544000 0.716180 0.160000 0.206897
0 0.538000 0.909814 0.168000 0.180371
0 0.435000 0.931034 0.062000 0.132626
0 0.336000 0.923077 0.172000 0.153846
0 0.159000 0.868700 0.202000 0.262599
0 0.339000 0.782493 0.142000 0.217507
0 0.075000 0.726790 0.150000 0.259947
0 0.224000 0.726790 0.264000 0.254642
0 0.031000 0.917772 0.062000 0.127321
0 0.029000 0.982759 0.058000 0.034483
0 0.698000 0.034483 0.144000 0.068966
0 0.705000 0.190981 0.166000 0.244032
0 0.705000 0.425729 0.166000 0.246684
0 0.706000 0.665782 0.164000 0.244032
0 0.704000 0.892573 0.168000 0.214854
0 0.892000 0.868700 0.216000 0.262599
0 0.894000 0.647215 0.212000 0.297082
0 0.893000 0.347480 0.214000 0.312997
0 0.861000 0.031830 0.186000 0.063660
0 0.866000 0.143236 0.196000 0.259947
0 0.978000 0.128647 0.044000 0.124668
0 0.416000 0.656499 0.100000 0.129973
0 0.439000 0.790451 0.082000 0.153846
