0 0.384000 0.177000 0.540000 0.354000
0 0.087000 0.060000 0.110000 0.120000
0 0.670000 0.235000 0.156000 0.342000
0 0.024000 0.041000 0.048000 0.082000
0 0.738000 0.116000 0.268000 0.228000
0 0.900000 0.196000 0.200000 0.344000
0 0.140000 0.344000 0.280000 0.564000
0 0.329000 0.415000 0.282000 0.438000
0 0.495000 0.472000 0.206000 0.344000
0 0.637000 0.503000 0.210000 0.290000
0 0.743000 0.297000 0.114000 0.282000
0 0.799000 0.348000 0.094000 0.244000
0 0.844000 0.385000 0.096000 0.210000
0 0.886000 0.407000 0.068000 0.186000
0 0.919000 0.433000 0.066000 0.158000
0 0.961000 0.458000 0.078000 0.148000
0 0.769000 0.551000 0.158000 0.222000
0 0.858000 0.578000 0.092000 0.172000
0 0.933000 0.614000 0.134000 0.212000
0 0.836000 0.680000 0.112000 0.040000
0 0.793000 0.821000 0.414000 0.354000
0 0.538000 0.787000 0.156000 0.282000
0 0.602000 0.766000 0.072000 0.236000
0 0.305000 0.813000 0.434000 0.370000
0 0.085000 0.810000 0.170000 0.376000
0 0.525000 0.912000 0.130000 0.060000
0 0.606000 0.951000 0.476000 0.098000
0 0.325000 0.986000 0.090000 0.024000
