0 0.455000 0.331452 0.298000 0.233871
0 0.789000 0.319355 0.398000 0.241935
0 0.489000 0.111290 0.446000 0.222581
0 0.149000 0.108871 0.298000 0.217742
0 0.172000 0.362903 0.344000 0.306452
0 0.501000 0.525806 0.322000 0.174194
0 0.780000 0.516935 0.264000 0.175806
0 0.720000 0.661290 0.280000 0.132258
0 0.476000 0.670968 0.216000 0.135484
0 0.192000 0.605645 0.376000 0.208065
0 0.201000 0.775000 0.390000 0.159677
0 0.044000 0.614516 0.088000 0.200000
0 0.036000 0.786290 0.072000 0.143548
0 0.511000 0.770968 0.246000 0.090323
0 0.724000 0.761290 0.192000 0.093548
0 0.898000 0.743548 0.204000 0.129032
0 0.915000 0.595968 0.170000 0.172581
0 0.944000 0.389516 0.112000 0.243548
0 0.844000 0.104032 0.312000 0.208065
