0 0.078137 0.261798 0.156274 0.443371
0 0.086599 0.626077 0.168231 0.408712
0 0.130282 0.850294 0.187726 0.293405
0 0.046527 0.873256 0.090975 0.243926
0 0.169993 0.137683 0.138628 0.205982
0 0.202845 0.328487 0.126354 0.236337
0 0.212592 0.509535 0.141516 0.255852
0 0.217646 0.669984 0.111191 0.208150
0 0.244361 0.810919 0.101083 0.225496
0 0.290570 0.123589 0.137184 0.192973
0 0.314758 0.287833 0.122022 0.209235
0 0.324866 0.434731 0.119134 0.192973
0 0.331726 0.574040 0.141516 0.222244
0 0.353025 0.714975 0.149458 0.235253
0 0.420534 0.097028 0.135740 0.170206
0 0.424505 0.230375 0.132130 0.198393
0 0.409704 0.398413 0.062094 0.144188
0 0.429921 0.536096 0.086643 0.157197
0 0.450498 0.651554 0.062816 0.153945
0 0.684794 0.147982 0.397112 0.293796
0 0.554830 0.400581 0.249819 0.289459
0 0.823347 0.228228 0.349307 0.396396
0 0.617646 0.647760 0.272924 0.250431
0 0.594542 0.808209 0.297473 0.308973
0 0.836343 0.584068 0.323314 0.333366
0 0.874610 0.859162 0.246780 0.265609
0 0.716924 0.892770 0.068592 0.204898
