0 0.126556 0.111515 0.197169 0.209697
0 0.185571 0.396364 0.255159 0.386667
0 0.048439 0.401818 0.096879 0.380606
0 0.052874 0.742424 0.105748 0.305455
0 0.205014 0.727879 0.251748 0.327273
0 0.224800 0.919242 0.224458 0.154848
0 0.059696 0.944697 0.119393 0.103939
0 0.448917 0.719394 0.270169 0.298182
0 0.722838 0.726061 0.281767 0.318788
0 0.720109 0.392121 0.292683 0.358788
0 0.724203 0.115758 0.307692 0.225455
0 0.435954 0.400606 0.282449 0.351515
0 0.421286 0.120606 0.303599 0.235152
0 0.728978 0.938182 0.269487 0.115152
0 0.456422 0.930909 0.251066 0.129697
