0 0.096667 0.633333 0.193333 0.373333
0 0.253333 0.410000 0.173333 0.273333
0 0.400000 0.433333 0.173333 0.240000
0 0.576667 0.410000 0.166667 0.260000
0 0.460000 0.180000 0.293333 0.266667
0 0.800000 0.130000 0.400000 0.260000
0 0.776667 0.410000 0.233333 0.326667
0 0.920000 0.406667 0.146667 0.320000
0 0.920000 0.676667 0.146667 0.233333
0 0.766667 0.680000 0.200000 0.213333
0 0.580000 0.670000 0.186667 0.260000
0 0.220000 0.650000 0.213333 0.353333
0 0.400000 0.673333 0.200000 0.280000
0 0.100000 0.910000 0.200000 0.180000
0 0.270000 0.903333 0.206667 0.180000
0 0.440000 0.900000 0.200000 0.173333
0 0.596667 0.886667 0.180000 0.186667
0 0.766667 0.880000 0.173333 0.186667
0 0.926667 0.880000 0.146667 0.173333
