0 0.024000 0.124390 0.048000 0.248780
0 0.143000 0.125203 0.246000 0.250407
0 0.364000 0.124390 0.228000 0.248780
0 0.585000 0.124390 0.218000 0.242276
0 0.801000 0.122764 0.230000 0.239024
0 0.945000 0.120325 0.110000 0.237398
0 0.139000 0.355285 0.278000 0.216260
0 0.403000 0.351220 0.274000 0.214634
0 0.679000 0.349593 0.278000 0.214634
0 0.903000 0.347967 0.194000 0.214634
0 0.059000 0.556098 0.118000 0.182114
0 0.202000 0.555285 0.212000 0.186992
0 0.393000 0.549593 0.202000 0.185366
0 0.589000 0.551220 0.194000 0.185366
0 0.782000 0.550407 0.208000 0.186992
0 0.933000 0.549593 0.134000 0.185366
0 0.031000 0.732520 0.062000 0.170732
0 0.173000 0.734959 0.258000 0.172358
0 0.428000 0.729268 0.240000 0.167480
0 0.670000 0.729268 0.244000 0.164228
0 0.890000 0.732520 0.220000 0.177236
0 0.076000 0.891870 0.152000 0.144715
0 0.226000 0.890244 0.188000 0.147967
0 0.399000 0.884553 0.174000 0.143089
0 0.572000 0.885366 0.176000 0.141463
0 0.744000 0.888618 0.188000 0.147967
0 0.911000 0.891057 0.178000 0.149593
0 0.868000 0.979675 0.216000 0.040650
0 0.649000 0.978862 0.214000 0.042276
0 0.430000 0.978862 0.220000 0.042276
0 0.200000 0.982114 0.220000 0.035772
0 0.045000 0.984553 0.090000 0.030894
