0 0.074407 0.241734 0.147154 0.422764
0 0.075220 0.549051 0.148780 0.198374
0 0.075211 0.730992 0.150423 0.180683
0 0.223593 0.214092 0.152846 0.174526
0 0.224000 0.361518 0.155285 0.155014
0 0.222780 0.462331 0.152846 0.050949
0 0.281317 0.607046 0.269919 0.247154
0 0.279691 0.811382 0.273171 0.241734
0 0.296358 0.937127 0.239837 0.115989
0 0.352049 0.298645 0.102439 0.250407
0 0.417902 0.565854 0.237398 0.325203
0 0.476846 0.855827 0.121138 0.280759
0 0.402455 0.244986 0.042276 0.125745
0 0.412211 0.356098 0.021138 0.098645
0 0.563431 0.202710 0.291057 0.208130
0 0.560585 0.356098 0.288618 0.178862
0 0.621154 0.527913 0.177236 0.177778
0 0.615870 0.689973 0.168293 0.183198
0 0.619528 0.853117 0.167480 0.201626
0 0.620748 0.947967 0.166667 0.094309
0 0.821154 0.321409 0.230894 0.131165
0 0.820748 0.422222 0.230081 0.115989
0 0.820341 0.526829 0.226016 0.110569
0 0.768309 0.634688 0.133333 0.155014
0 0.883756 0.634146 0.100813 0.108401
0 0.769122 0.758808 0.136585 0.136585
0 0.882537 0.733333 0.090244 0.109485
0 0.879285 0.878049 0.236585 0.231978
0 0.730911 0.884011 0.069919 0.139837
0 0.732130 0.963686 0.059350 0.065041
0 0.819935 0.963144 0.121138 0.066125
