0 0.234000 0.133333 0.464000 0.266667
0 0.240000 0.528000 0.480000 0.448000
0 0.251000 0.886667 0.442000 0.221333
0 0.648000 0.360000 0.368000 0.293333
0 0.588000 0.686667 0.216000 0.322667
0 0.853000 0.522667 0.210000 0.160000
0 0.741000 0.597333 0.098000 0.138667
0 0.873000 0.650667 0.254000 0.160000
0 0.718000 0.700000 0.080000 0.178667
0 0.876000 0.764000 0.244000 0.162667
0 0.713000 0.792000 0.078000 0.181333
0 0.806000 0.873333 0.120000 0.173333
0 0.713000 0.900000 0.106000 0.194667
0 0.806000 0.941333 0.116000 0.112000
0 0.927000 0.889333 0.142000 0.216000
0 0.895000 0.428000 0.026000 0.040000
0 0.943000 0.436000 0.070000 0.136000
