0 0.136347 0.140114 0.272694 0.279159
0 0.141513 0.372747 0.282288 0.236376
0 0.140037 0.596289 0.278598 0.211776
0 0.138745 0.794160 0.276753 0.197872
0 0.139114 0.930927 0.278229 0.132349
0 0.419373 0.910605 0.277860 0.172993
0 0.427675 0.759666 0.285609 0.197337
0 0.426015 0.572758 0.299262 0.207498
0 0.431734 0.370608 0.315867 0.219263
0 0.429889 0.140382 0.325461 0.257233
0 0.730812 0.164715 0.285978 0.252420
0 0.923539 0.194310 0.148923 0.214279
0 0.717159 0.373015 0.271956 0.206963
0 0.914683 0.380357 0.166635 0.184213
0 0.702768 0.566608 0.254982 0.184502
0 0.688561 0.730253 0.246494 0.178084
0 0.673985 0.885074 0.238745 0.176480
0 0.904720 0.551366 0.186561 0.166854
0 0.896048 0.705118 0.203904 0.153484
0 0.880812 0.847639 0.204428 0.160436
0 0.665498 0.966094 0.222509 0.061501
0 0.868384 0.948647 0.198595 0.095713
