0 0.183605 0.182212 0.367209 0.174243
0 0.486977 0.194832 0.236434 0.226357
0 0.654419 0.223773 0.113953 0.168475
0 0.852372 0.247928 0.291256 0.213189
0 0.877953 0.435101 0.240093 0.208868
0 0.871364 0.616724 0.253271 0.209447
0 0.849659 0.810016 0.296682 0.228031
0 0.575349 0.763824 0.363566 0.121964
0 0.566822 0.671318 0.357364 0.125065
0 0.573411 0.565891 0.390698 0.127132
0 0.571860 0.458915 0.393798 0.109561
0 0.566822 0.358656 0.388372 0.107494
0 0.185155 0.359483 0.370310 0.187700
0 0.190194 0.549323 0.380388 0.197354
0 0.195620 0.741230 0.391240 0.202873
0 0.200271 0.894574 0.400543 0.203618
