0 0.295752 0.073872 0.415033 0.147744
0 0.307516 0.220882 0.366667 0.154104
0 0.245752 0.410209 0.491503 0.229443
0 0.266993 0.592932 0.481699 0.164377
0 0.302288 0.733582 0.455556 0.165845
0 0.297386 0.858577 0.427451 0.154593
0 0.326173 0.950571 0.393580 0.095864
0 0.730148 0.968313 0.412296 0.060379
0 0.747407 0.882864 0.446914 0.156354
0 0.767148 0.754232 0.461704 0.157832
0 0.755543 0.616175 0.484914 0.175205
0 0.745667 0.443040 0.504667 0.203741
0 0.743457 0.232128 0.508148 0.231389
0 0.730617 0.060435 0.451852 0.120869
0 0.074388 0.265060 0.148775 0.119360
0 0.032071 0.583466 0.063252 0.237387
0 0.048775 0.732833 0.095768 0.146033
0 0.049220 0.860695 0.097550 0.129696
