0 0.165000 0.118441 0.190000 0.194903
0 0.470000 0.095952 0.440000 0.191904
0 0.742000 0.116192 0.120000 0.193403
0 0.841000 0.154423 0.090000 0.161919
0 0.912000 0.188906 0.072000 0.140930
0 0.806000 0.051724 0.148000 0.100450
0 0.938000 0.044978 0.124000 0.086957
0 0.941000 0.119940 0.118000 0.101949
0 0.971000 0.211394 0.058000 0.092954
0 0.206000 0.271364 0.260000 0.173913
0 0.530000 0.263868 0.408000 0.194903
0 0.798000 0.267616 0.144000 0.136432
0 0.902000 0.286357 0.076000 0.095952
0 0.154000 0.439280 0.308000 0.200900
0 0.436000 0.446027 0.292000 0.175412
0 0.788000 0.444528 0.424000 0.220390
0 0.171000 0.611694 0.342000 0.221889
0 0.176000 0.746627 0.352000 0.182909
0 0.337000 0.589955 0.022000 0.145427
0 0.472000 0.611694 0.256000 0.182909
0 0.469000 0.766867 0.254000 0.214393
0 0.324000 0.832834 0.076000 0.049475
0 0.474000 0.874063 0.212000 0.104948
0 0.797000 0.653673 0.406000 0.257871
0 0.794000 0.839580 0.412000 0.290855
0 0.790000 0.934783 0.420000 0.127436
