0 0.191000 0.216642 0.290000 0.124438
0 0.475000 0.224888 0.278000 0.137931
0 0.449000 0.343328 0.258000 0.122939
0 0.170000 0.336582 0.312000 0.124438
0 0.768000 0.218891 0.352000 0.137931
0 0.866000 0.322339 0.244000 0.158921
0 0.725000 0.333583 0.298000 0.127436
0 0.698000 0.395052 0.284000 0.061469
0 0.446000 0.446027 0.212000 0.088456
0 0.170000 0.479760 0.340000 0.173913
0 0.644000 0.508246 0.472000 0.209895
0 0.904000 0.566717 0.192000 0.329835
0 0.697000 0.636432 0.314000 0.124438
0 0.094000 0.633433 0.188000 0.136432
0 0.330000 0.599700 0.312000 0.218891
0 0.111000 0.749625 0.222000 0.116942
0 0.369000 0.709895 0.298000 0.220390
0 0.127000 0.816342 0.250000 0.148426
0 0.131000 0.933283 0.258000 0.112444
0 0.385000 0.919790 0.262000 0.103448
0 0.384000 0.846327 0.264000 0.073463
0 0.887000 0.790105 0.182000 0.176912
0 0.897000 0.880810 0.206000 0.199400
0 0.659000 0.937031 0.278000 0.110945
0 0.659000 0.840330 0.282000 0.130435
0 0.677000 0.734633 0.318000 0.158921
