0 0.185000 0.305333 0.222000 0.306667
0 0.335000 0.298667 0.170000 0.298667
0 0.498000 0.126667 0.184000 0.253333
0 0.502000 0.346667 0.164000 0.197333
0 0.669000 0.357333 0.178000 0.208000
0 0.682000 0.132000 0.204000 0.248000
0 0.869000 0.133333 0.222000 0.256000
0 0.836000 0.362667 0.204000 0.213333
0 0.206000 0.530667 0.172000 0.181333
0 0.351000 0.532000 0.162000 0.173333
0 0.502000 0.536000 0.156000 0.181333
0 0.657000 0.541333 0.162000 0.170667
0 0.808000 0.546667 0.184000 0.192000
0 0.228000 0.700000 0.164000 0.173333
0 0.365000 0.689333 0.146000 0.152000
0 0.502000 0.690667 0.140000 0.144000
0 0.642000 0.702667 0.148000 0.152000
0 0.784000 0.706667 0.160000 0.154667
0 0.252000 0.832000 0.140000 0.128000
0 0.377000 0.830667 0.130000 0.130667
0 0.504000 0.826667 0.128000 0.128000
0 0.632000 0.833333 0.132000 0.125333
0 0.766000 0.845333 0.148000 0.138667
0 0.260000 0.940000 0.136000 0.120000
0 0.380000 0.948000 0.124000 0.104000
0 0.500000 0.945333 0.120000 0.109333
0 0.623000 0.945333 0.118000 0.109333
0 0.748000 0.956000 0.136000 0.088000
