0 0.871000 0.848000 0.226000 0.202667
0 0.659000 0.849333 0.214000 0.210667
0 0.440000 0.850667 0.204000 0.202667
0 0.220000 0.842667 0.204000 0.213333
0 0.207000 0.648000 0.194000 0.213333
0 0.060000 0.820000 0.120000 0.178667
0 0.071000 0.634667 0.142000 0.192000
0 0.436000 0.636000 0.208000 0.232000
0 0.248000 0.630667 0.196000 0.200000
0 0.651000 0.638667 0.214000 0.226667
0 0.846000 0.641333 0.252000 0.216000
0 0.990000 0.840000 0.020000 0.208000
0 0.972000 0.641333 0.056000 0.205333
0 0.979000 0.488000 0.042000 0.101333
0 0.936000 0.489333 0.048000 0.104000
0 0.892000 0.486667 0.040000 0.098667
0 0.850000 0.486667 0.044000 0.098667
0 0.808000 0.489333 0.044000 0.098667
0 0.765000 0.489333 0.042000 0.098667
0 0.723000 0.486667 0.046000 0.093333
0 0.681000 0.486667 0.042000 0.093333
0 0.641000 0.482667 0.046000 0.085333
0 0.601000 0.482667 0.038000 0.085333
0 0.565000 0.482667 0.042000 0.085333
0 0.481000 0.484000 0.054000 0.082667
0 0.436000 0.484000 0.036000 0.082667
0 0.398000 0.485333 0.040000 0.085333
0 0.358000 0.488000 0.040000 0.090667
0 0.322000 0.485333 0.036000 0.085333
0 0.284000 0.486667 0.044000 0.088000
0 0.245000 0.488000 0.042000 0.085333
0 0.208000 0.489333 0.044000 0.088000
0 0.171000 0.489333 0.034000 0.088000
0 0.138000 0.489333 0.036000 0.088000
0 0.105000 0.490667 0.038000 0.090667
0 0.071000 0.492000 0.042000 0.093333
0 0.040000 0.493333 0.024000 0.090667
0 0.014000 0.497333 0.028000 0.098667
0 0.978000 0.273333 0.044000 0.178667
0 0.936000 0.273333 0.048000 0.178667
0 0.895000 0.274667 0.050000 0.181333
0 0.840000 0.278667 0.060000 0.178667
0 0.795000 0.284000 0.034000 0.168000
0 0.759000 0.284000 0.038000 0.168000
0 0.720000 0.282667 0.048000 0.165333
0 0.675000 0.285333 0.046000 0.160000
0 0.635000 0.285333 0.042000 0.160000
0 0.591000 0.284000 0.046000 0.157333
0 0.553000 0.285333 0.034000 0.154667
0 0.513000 0.280000 0.042000 0.160000
0 0.470000 0.282667 0.048000 0.160000
0 0.429000 0.282667 0.046000 0.160000
0 0.389000 0.282667 0.046000 0.160000
0 0.347000 0.285333 0.046000 0.160000
0 0.304000 0.286667 0.048000 0.162667
0 0.259000 0.285333 0.046000 0.165333
0 0.220000 0.290667 0.036000 0.165333
0 0.186000 0.292000 0.032000 0.162667
0 0.154000 0.260000 0.040000 0.226667
0 0.113000 0.258667 0.058000 0.229333
0 0.076000 0.260000 0.048000 0.237333
0 0.036000 0.261333 0.052000 0.240000
0 0.010000 0.374667 0.020000 0.040000
0 0.010000 0.328000 0.020000 0.053333
0 0.010000 0.225333 0.020000 0.157333
0 0.483000 0.380000 0.058000 0.018667
0 0.434000 0.381333 0.040000 0.016000
0 0.397000 0.381333 0.038000 0.016000
0 0.357000 0.382667 0.042000 0.013333
0 0.318000 0.384000 0.036000 0.016000
0 0.280000 0.384000 0.040000 0.010667
0 0.242000 0.386667 0.036000 0.010667
0 0.205000 0.388000 0.042000 0.008000
0 0.565000 0.376000 0.042000 0.026667
0 0.603000 0.376000 0.034000 0.021333
