0 0.105942 0.272580 0.135266 0.172754
0 0.257633 0.274649 0.193237 0.178961
0 0.442657 0.274131 0.190338 0.198616
0 0.635411 0.260683 0.199034 0.223443
0 0.901729 0.253959 0.192541 0.255511
0 0.870812 0.508979 0.254377 0.331078
0 0.639275 0.491885 0.305314 0.288614
0 0.406908 0.473782 0.259903 0.246201
0 0.222367 0.460851 0.261836 0.220340
0 0.069396 0.443782 0.138792 0.211029
0 0.203043 0.651191 0.186473 0.195513
0 0.391932 0.684811 0.204831 0.225512
0 0.616087 0.732913 0.251208 0.259649
0 0.868396 0.781067 0.259208 0.279407
0 0.869000 0.928229 0.258000 0.139259
0 0.397246 0.862738 0.201932 0.225512
0 0.615604 0.899265 0.244444 0.197188
0 0.214638 0.812567 0.171014 0.199650
0 0.069396 0.773428 0.138792 0.180689
0 0.063599 0.620344 0.127198 0.178589
