0 0.946000 0.212000 0.108000 0.264000
0 0.942000 0.470667 0.116000 0.258667
0 0.939000 0.718667 0.122000 0.248000
0 0.820000 0.208000 0.164000 0.266667
0 0.672000 0.202667 0.156000 0.261333
0 0.526000 0.194667 0.148000 0.266667
0 0.817000 0.462667 0.158000 0.253333
0 0.671000 0.457333 0.150000 0.253333
0 0.528000 0.448000 0.144000 0.250667
0 0.813000 0.709333 0.154000 0.250667
0 0.669000 0.700000 0.150000 0.248000
0 0.529000 0.689333 0.138000 0.242667
0 0.941000 0.877333 0.118000 0.080000
0 0.816000 0.870667 0.148000 0.093333
0 0.674000 0.866667 0.144000 0.101333
0 0.535000 0.858667 0.134000 0.117333
0 0.331000 0.166667 0.250000 0.306667
0 0.363000 0.460000 0.190000 0.285333
0 0.337000 0.722667 0.234000 0.298667
0 0.190000 0.452000 0.160000 0.285333
0 0.120000 0.717333 0.200000 0.277333
0 0.367000 0.858667 0.182000 0.117333
0 0.201000 0.882667 0.150000 0.074667
0 0.063000 0.873333 0.126000 0.088000
0 0.060000 0.442667 0.120000 0.277333
0 0.105000 0.161333 0.210000 0.301333
