0 0.200000 0.150675 0.400000 0.301349
0 0.558000 0.155172 0.352000 0.310345
0 0.857000 0.122189 0.286000 0.244378
0 0.847000 0.250375 0.306000 0.029985
0 0.824000 0.272114 0.352000 0.043478
0 0.713000 0.449775 0.574000 0.353823
0 0.346000 0.419790 0.180000 0.254873
0 0.198000 0.406297 0.188000 0.242879
0 0.078000 0.398051 0.156000 0.232384
0 0.883000 0.689655 0.234000 0.353823
0 0.694000 0.705397 0.216000 0.256372
0 0.523000 0.676912 0.194000 0.235382
0 0.235000 0.631934 0.406000 0.250375
0 0.057000 0.656672 0.114000 0.233883
0 0.678000 0.880810 0.476000 0.238381
0 0.387000 0.814093 0.134000 0.158921
0 0.270000 0.791604 0.144000 0.161919
0 0.159000 0.766117 0.146000 0.149925
0 0.081000 0.854573 0.162000 0.197901
0 0.288000 0.909295 0.316000 0.172414
0 0.562000 0.961019 0.236000 0.074963
