0 0.692000 0.225333 0.144000 0.274667
0 0.552000 0.229333 0.136000 0.272000
0 0.414000 0.236000 0.144000 0.274667
0 0.287000 0.241333 0.142000 0.264000
0 0.684000 0.478667 0.136000 0.226667
0 0.553000 0.477333 0.126000 0.229333
0 0.424000 0.482667 0.132000 0.224000
0 0.302000 0.482667 0.136000 0.229333
0 0.577000 0.722667 0.142000 0.245333
0 0.424000 0.720000 0.140000 0.245333
0 0.292000 0.721333 0.156000 0.242667
0 0.676000 0.690667 0.120000 0.208000
0 0.912000 0.225333 0.176000 0.306667
0 0.902000 0.494667 0.196000 0.285333
0 0.897000 0.714667 0.206000 0.256000
0 0.812000 0.214667 0.056000 0.258667
0 0.799000 0.442667 0.034000 0.229333
0 0.788000 0.642667 0.036000 0.224000
0 0.778000 0.208000 0.036000 0.224000
0 0.773000 0.422667 0.034000 0.216000
0 0.764000 0.604000 0.032000 0.205333
0 0.895000 0.046667 0.210000 0.093333
