0 0.055000 0.049333 0.098000 0.098667
0 0.173000 0.032000 0.082000 0.064000
0 0.291000 0.029333 0.118000 0.058667
0 0.287000 0.114667 0.122000 0.112000
0 0.175000 0.124000 0.086000 0.109333
0 0.082000 0.189333 0.096000 0.096000
0 0.082000 0.300000 0.108000 0.114667
0 0.221000 0.288000 0.178000 0.117333
0 0.221000 0.425333 0.182000 0.162667
0 0.065000 0.428000 0.130000 0.152000
0 0.065000 0.573333 0.130000 0.154667
0 0.492000 0.273333 0.372000 0.445333
0 0.308000 0.724000 0.360000 0.445333
0 0.674000 0.712000 0.376000 0.464000
