0 0.248668 0.260856 0.271671 0.423567
0 0.496852 0.261824 0.256659 0.376433
0 0.254964 0.601130 0.234867 0.285391
0 0.277724 0.818725 0.208717 0.197579
0 0.488378 0.576594 0.206780 0.286683
0 0.480145 0.801614 0.181598 0.227926
0 0.728087 0.246328 0.283293 0.382889
0 0.688620 0.556578 0.217918 0.259564
0 0.653511 0.773850 0.182567 0.203390
0 0.809443 0.747054 0.194189 0.187248
0 0.867554 0.499758 0.225182 0.339629
0 0.223002 0.054237 0.297821 0.107183
0 0.510654 0.045843 0.237772 0.090395
0 0.786925 0.055206 0.265375 0.110412
0 0.856174 0.175626 0.059080 0.129136
0 0.842373 0.287651 0.044068 0.093624
0 0.102894 0.181350 0.033441 0.150054
0 0.118006 0.322830 0.031511 0.134620
