0 0.657191 0.972727 0.163880 0.054545
0 0.784281 0.850000 0.418060 0.300000
0 0.500000 0.806818 0.150502 0.277273
0 0.317726 0.770455 0.220736 0.259091
0 0.369565 0.931818 0.117057 0.136364
0 0.500000 0.947727 0.150502 0.104545
0 0.259197 0.915909 0.103679 0.168182
0 0.128763 0.888636 0.157191 0.222727
0 0.026756 0.850000 0.053512 0.172727
0 0.167224 0.727273 0.093645 0.209091
0 0.085284 0.711364 0.070234 0.186364
0 0.026756 0.695455 0.053512 0.172727
0 0.983278 0.586364 0.033445 0.327273
0 0.856187 0.588636 0.234114 0.322727
0 0.645485 0.577273 0.187291 0.300000
0 0.479933 0.563636 0.150502 0.263636
0 0.347826 0.550000 0.120401 0.227273
0 0.240803 0.545455 0.100334 0.209091
0 0.752508 0.261364 0.428094 0.331818
0 0.468227 0.309091 0.147157 0.254545
0 0.342809 0.322727 0.123746 0.236364
0 0.232441 0.336364 0.096990 0.209091
0 0.113712 0.538636 0.153846 0.195455
0 0.016722 0.534091 0.033445 0.159091
0 0.142140 0.347727 0.083612 0.195455
0 0.068562 0.363636 0.070234 0.181818
0 0.016722 0.372727 0.033445 0.163636
0 0.015050 0.213636 0.030100 0.172727
0 0.065217 0.190909 0.076923 0.200000
0 0.143813 0.168182 0.080268 0.200000
0 0.229097 0.143182 0.096990 0.213636
0 0.334448 0.115909 0.120401 0.231818
0 0.212375 0.036364 0.117057 0.072727
0 0.317726 0.018182 0.100334 0.036364
0 0.108696 0.052273 0.090301 0.104545
0 0.463211 0.102273 0.150502 0.204545
0 0.630435 0.077273 0.183946 0.154545
0 0.842809 0.072727 0.247492 0.145455
0 0.981605 0.211364 0.036789 0.422727
