0 0.174000 0.198163 0.272000 0.170604
0 0.167000 0.347769 0.274000 0.154856
0 0.333000 0.362205 0.054000 0.131234
0 0.167000 0.500000 0.274000 0.154856
0 0.174000 0.644357 0.268000 0.170604
0 0.178000 0.788714 0.272000 0.181102
0 0.331000 0.494751 0.054000 0.133858
0 0.333000 0.624672 0.054000 0.141732
0 0.338000 0.746719 0.048000 0.149606
0 0.395000 0.362205 0.070000 0.115486
0 0.391000 0.482940 0.070000 0.120735
0 0.394000 0.608924 0.068000 0.125984
0 0.469000 0.817585 0.274000 0.217848
0 0.562000 0.221785 0.248000 0.160105
0 0.565000 0.362205 0.242000 0.146982
0 0.552000 0.502625 0.232000 0.149606
0 0.541000 0.644357 0.226000 0.149606
0 0.740000 0.514436 0.148000 0.146982
0 0.734000 0.670604 0.164000 0.170604
0 0.729000 0.822835 0.162000 0.154856
0 0.881000 0.387139 0.134000 0.112861
0 0.898000 0.526247 0.176000 0.165354
0 0.899000 0.685039 0.170000 0.157480
0 0.896000 0.837270 0.172000 0.162730
