0 0.089306 0.150966 0.178611 0.297768
0 0.319583 0.163981 0.337500 0.323796
0 0.656389 0.170748 0.352778 0.335249
0 0.888306 0.173913 0.219389 0.344828
0 0.870944 0.508829 0.254111 0.334666
0 0.634861 0.499230 0.320833 0.327961
0 0.592500 0.786065 0.297222 0.270698
0 0.335556 0.774092 0.255556 0.265492
0 0.333472 0.481009 0.309722 0.335249
0 0.099722 0.468745 0.199444 0.334791
0 0.103194 0.769865 0.206389 0.271364
0 0.103194 0.949525 0.206389 0.093703
0 0.318889 0.951608 0.227778 0.093703
0 0.551528 0.958375 0.265278 0.080168
0 0.840389 0.831876 0.315222 0.326920
