0 0.081000 0.065333 0.162000 0.130667
0 0.237000 0.060000 0.166000 0.120000
0 0.436000 0.053333 0.236000 0.106667
0 0.639000 0.050667 0.170000 0.101333
0 0.612000 0.161333 0.236000 0.130667
0 0.415000 0.166667 0.162000 0.125333
0 0.213000 0.178667 0.246000 0.144000
0 0.051000 0.190667 0.102000 0.130667
0 0.092000 0.309333 0.184000 0.122667
0 0.262000 0.296000 0.180000 0.128000
0 0.058000 0.426667 0.116000 0.117333
0 0.231000 0.410667 0.254000 0.128000
0 0.101000 0.533333 0.202000 0.122667
0 0.274000 0.516000 0.172000 0.125333
0 0.071000 0.641333 0.142000 0.109333
0 0.249000 0.612000 0.226000 0.152000
0 0.108000 0.741333 0.216000 0.117333
0 0.284000 0.724000 0.156000 0.109333
0 0.103000 0.848000 0.202000 0.117333
0 0.284000 0.820000 0.168000 0.130667
0 0.117000 0.942667 0.218000 0.114667
0 0.305000 0.922667 0.158000 0.128000
0 0.224000 0.985333 0.324000 0.029333
0 0.459000 0.284000 0.230000 0.120000
0 0.431000 0.398667 0.154000 0.114667
0 0.620000 0.394667 0.232000 0.112000
0 0.652000 0.277333 0.160000 0.122667
0 0.469000 0.504000 0.222000 0.106667
0 0.655000 0.504000 0.154000 0.112000
0 0.435000 0.609333 0.146000 0.104000
0 0.614000 0.609333 0.220000 0.104000
0 0.465000 0.710667 0.218000 0.098667
0 0.650000 0.710667 0.148000 0.104000
0 0.437000 0.812000 0.146000 0.104000
0 0.617000 0.812000 0.214000 0.104000
0 0.484000 0.913333 0.212000 0.104000
0 0.661000 0.913333 0.146000 0.098667
0 0.458000 0.981333 0.144000 0.037333
0 0.635000 0.981333 0.214000 0.037333
0 0.746000 0.205333 0.032000 0.069333
0 0.862000 0.173333 0.208000 0.117333
0 0.982000 0.190667 0.036000 0.082667
0 0.795000 0.290667 0.126000 0.117333
0 0.928000 0.286667 0.140000 0.114667
0 0.812000 0.404000 0.160000 0.120000
0 0.946000 0.394667 0.104000 0.117333
0 0.788000 0.514667 0.128000 0.117333
0 0.925000 0.504000 0.146000 0.106667
0 0.805000 0.613333 0.162000 0.112000
0 0.942000 0.612000 0.116000 0.114667
0 0.782000 0.722667 0.124000 0.112000
0 0.922000 0.714667 0.156000 0.106667
0 0.804000 0.805333 0.168000 0.122667
0 0.943000 0.813333 0.114000 0.106667
0 0.802000 0.916000 0.136000 0.104000
0 0.932000 0.914667 0.132000 0.106667
0 0.870000 0.982667 0.260000 0.034667
