0 0.435000 0.346327 0.306000 0.233883
0 0.730000 0.510495 0.300000 0.226387
0 0.439000 0.540480 0.290000 0.160420
0 0.713000 0.695652 0.282000 0.149925
0 0.442000 0.692654 0.272000 0.146927
0 0.701000 0.829835 0.266000 0.136432
0 0.442000 0.823838 0.256000 0.133433
0 0.153000 0.577211 0.306000 0.260870
0 0.151000 0.757121 0.302000 0.182909
0 0.157000 0.884558 0.314000 0.200900
0 0.145000 0.413043 0.290000 0.154423
0 0.145000 0.251874 0.290000 0.182909
0 0.447000 0.166417 0.282000 0.128936
0 0.736000 0.188906 0.296000 0.182909
0 0.724000 0.339580 0.276000 0.118441
0 0.911000 0.862819 0.178000 0.178411
0 0.915000 0.718891 0.170000 0.190405
0 0.925000 0.556222 0.150000 0.194903
0 0.935000 0.344078 0.130000 0.268366
0 0.931000 0.183658 0.138000 0.196402
