0 0.770620 0.105581 0.314085 0.209050
0 0.456761 0.058597 0.361521 0.117195
0 0.394563 0.175264 0.530986 0.333636
0 0.731887 0.294043 0.318310 0.317799
0 0.941000 0.277678 0.114000 0.154148
0 0.914239 0.452267 0.167521 0.256857
0 0.935366 0.723388 0.125268 0.283358
0 0.928324 0.903108 0.139352 0.133813
0 0.656535 0.849399 0.300000 0.203771
0 0.679775 0.575417 0.295775 0.337859
0 0.274394 0.679878 0.548789 0.331398
0 0.253972 0.916443 0.507944 0.162595
0 0.314282 0.391706 0.528169 0.329413
0 0.042000 0.467766 0.084000 0.332834
