0 0.204290 0.207092 0.217391 0.230320
0 0.420232 0.202746 0.220290 0.173826
0 0.616609 0.240771 0.256522 0.186863
0 0.815884 0.235339 0.260870 0.167308
0 0.176029 0.339635 0.227536 0.221628
0 0.399217 0.368968 0.218841 0.186863
0 0.594145 0.379289 0.223188 0.170567
0 0.801391 0.379832 0.266667 0.180345
0 0.160812 0.517806 0.231884 0.180345
0 0.376029 0.528670 0.227536 0.182517
0 0.582551 0.532473 0.246377 0.179258
0 0.784725 0.543880 0.262319 0.167308
0 0.046348 0.831280 0.092696 0.331443
0 0.194145 0.818200 0.208696 0.359603
0 0.383275 0.828521 0.221739 0.338961
0 0.552841 0.835582 0.262319 0.320492
0 0.715159 0.839385 0.305797 0.315060
0 0.862261 0.819829 0.269565 0.354171
0 0.961290 0.757523 0.073420 0.236078
0 0.499000 0.322665 0.998000 0.642331
