0 0.143182 0.029769 0.284211 0.055208
0 0.143049 0.178073 0.286097 0.256555
0 0.141429 0.423802 0.282858 0.254390
0 0.141429 0.647340 0.282858 0.255472
0 0.143049 0.863842 0.286097 0.257637
0 0.480834 0.030852 0.392713 0.057373
0 0.835085 0.033558 0.325506 0.056290
0 0.473951 0.187274 0.383806 0.259802
0 0.469903 0.444911 0.387045 0.274957
0 0.831117 0.198727 0.333765 0.287038
0 0.825773 0.458984 0.344130 0.272792
0 0.467474 0.685228 0.383806 0.270627
0 0.823425 0.716870 0.349150 0.266795
0 0.467069 0.887116 0.373279 0.215419
0 0.819781 0.909849 0.356437 0.174284
