0 0.860000 0.256513 0.280000 0.509018
0 0.866000 0.601202 0.268000 0.184369
0 0.824000 0.777555 0.352000 0.180361
0 0.810000 0.929860 0.336000 0.140281
0 0.480000 0.921844 0.328000 0.140281
0 0.169000 0.918838 0.338000 0.134269
0 0.147000 0.720441 0.294000 0.266533
0 0.463000 0.761523 0.366000 0.180361
0 0.567000 0.588176 0.338000 0.202405
0 0.210000 0.587174 0.420000 0.212425
0 0.185000 0.270541 0.370000 0.440882
0 0.539000 0.269539 0.450000 0.442886
0 0.494000 0.027054 0.380000 0.054108
0 0.155000 0.029058 0.310000 0.058116
