0 0.239000 0.065217 0.282000 0.121439
0 0.226000 0.184408 0.228000 0.149925
0 0.468000 0.149175 0.260000 0.103448
0 0.480000 0.095202 0.228000 0.121439
0 0.584000 0.077211 0.032000 0.082459
0 0.763000 0.054723 0.314000 0.109445
0 0.758000 0.139430 0.308000 0.080960
0 0.732000 0.260870 0.416000 0.194903
0 0.426000 0.241379 0.196000 0.092954
0 0.428000 0.331334 0.192000 0.089955
0 0.161000 0.331334 0.082000 0.146927
0 0.255000 0.317091 0.178000 0.151424
0 0.168000 0.466267 0.080000 0.125937
0 0.161000 0.562219 0.050000 0.062969
0 0.264000 0.534483 0.112000 0.013493
0 0.261000 0.461769 0.118000 0.137931
0 0.376000 0.439280 0.120000 0.143928
0 0.375000 0.527736 0.106000 0.035982
0 0.478000 0.605697 0.100000 0.155922
0 0.475000 0.458771 0.102000 0.149925
0 0.589000 0.442279 0.130000 0.170915
0 0.721000 0.446027 0.150000 0.178411
0 0.858000 0.447526 0.144000 0.181409
0 0.721000 0.610945 0.398000 0.178411
0 0.304000 0.631934 0.328000 0.193403
0 0.577000 0.757121 0.130000 0.167916
0 0.705000 0.772114 0.138000 0.179910
0 0.839000 0.784108 0.138000 0.179910
0 0.588000 0.909295 0.124000 0.154423
0 0.485000 0.747376 0.062000 0.136432
0 0.486000 0.873313 0.084000 0.127436
0 0.716000 0.914543 0.128000 0.170915
0 0.853000 0.919040 0.142000 0.161919
0 0.305000 0.786357 0.318000 0.178411
0 0.298000 0.917541 0.296000 0.161919
