0 0.012000 0.764000 0.024000 0.200000
0 0.037000 0.922667 0.074000 0.144000
0 0.063000 0.873333 0.078000 0.125333
0 0.213000 0.834667 0.282000 0.282667
0 0.367000 0.961333 0.134000 0.077333
0 0.073000 0.729333 0.146000 0.162667
0 0.069000 0.608000 0.138000 0.176000
0 0.048000 0.462667 0.096000 0.157333
0 0.057000 0.302667 0.114000 0.173333
0 0.036000 0.122667 0.072000 0.186667
0 0.188000 0.108000 0.276000 0.216000
0 0.152000 0.306667 0.104000 0.192000
0 0.250000 0.305333 0.120000 0.210667
0 0.361000 0.304000 0.134000 0.224000
0 0.353000 0.102667 0.078000 0.189333
0 0.449000 0.097333 0.126000 0.194667
0 0.586000 0.089333 0.152000 0.178667
0 0.747000 0.088000 0.174000 0.176000
0 0.917000 0.085333 0.166000 0.170667
0 0.501000 0.308000 0.150000 0.248000
0 0.664000 0.316000 0.192000 0.280000
0 0.867000 0.333333 0.258000 0.330667
0 0.897000 0.630667 0.206000 0.306667
0 0.635000 0.564000 0.306000 0.280000
0 0.850000 0.832000 0.216000 0.336000
0 0.968000 0.885333 0.064000 0.229333
0 0.833000 0.974667 0.122000 0.050667
0 0.658000 0.790667 0.192000 0.274667
0 0.618000 0.910667 0.288000 0.178667
0 0.409000 0.874667 0.130000 0.213333
0 0.178000 0.630667 0.092000 0.162667
0 0.271000 0.657333 0.098000 0.173333
0 0.376000 0.697333 0.116000 0.210667
0 0.504000 0.729333 0.148000 0.258667
0 0.363000 0.512000 0.238000 0.213333
0 0.171000 0.484000 0.166000 0.189333
