0 0.180328 0.092308 0.360656 0.144615
0 0.618852 0.076923 0.536885 0.153846
0 0.090164 0.229231 0.180328 0.138462
0 0.371926 0.218462 0.424180 0.160000
0 0.792008 0.200769 0.415984 0.161538
0 0.100410 0.360000 0.200820 0.123077
0 0.380123 0.353077 0.395492 0.127692
0 0.787910 0.346154 0.424180 0.141538
0 0.033811 0.478462 0.067623 0.116923
0 0.235656 0.475385 0.372951 0.116923
0 0.616803 0.477692 0.401639 0.121538
0 0.903689 0.480000 0.192623 0.126154
0 0.050205 0.586923 0.100410 0.109231
0 0.266393 0.587692 0.368852 0.107692
0 0.634221 0.588462 0.391393 0.121538
0 0.912910 0.598462 0.174180 0.129231
0 0.152664 0.690769 0.301230 0.104615
0 0.477459 0.693846 0.364754 0.104615
0 0.163934 0.780769 0.327869 0.106154
0 0.498975 0.796154 0.358607 0.109231
0 0.830943 0.710000 0.338115 0.124615
0 0.835041 0.810000 0.329918 0.121538
0 0.190574 0.868462 0.323770 0.103077
0 0.512295 0.887692 0.352459 0.095385
0 0.843238 0.904615 0.313525 0.107692
0 0.850410 0.972308 0.299180 0.055385
0 0.475410 0.959231 0.323770 0.078462
0 0.163934 0.943077 0.319672 0.110769
0 0.021516 0.860769 0.043033 0.096923
0 0.012295 0.775385 0.024590 0.098462
