0 0.916000 0.090692 0.160000 0.181384
0 0.767000 0.091885 0.158000 0.183771
0 0.623000 0.089499 0.146000 0.178998
0 0.781000 0.272076 0.438000 0.190931
0 0.611000 0.447494 0.138000 0.169451
0 0.756000 0.448687 0.140000 0.171838
0 0.899000 0.457041 0.154000 0.178998
0 0.983000 0.453461 0.034000 0.176611
0 0.769000 0.625298 0.462000 0.186158
0 0.768000 0.792363 0.464000 0.181384
0 0.260000 0.084726 0.520000 0.169451
0 0.266000 0.266110 0.532000 0.193317
0 0.273000 0.451074 0.530000 0.195704
0 0.258000 0.628878 0.516000 0.198091
0 0.268000 0.799523 0.508000 0.195704
