0 0.271967 0.049322 0.169919 0.098645
0 0.098797 0.166938 0.173171 0.160434
0 0.106114 0.321951 0.173171 0.151762
0 0.113431 0.464499 0.169919 0.139837
0 0.121154 0.605962 0.175610 0.156098
0 0.130911 0.740921 0.173984 0.152846
0 0.271561 0.165312 0.162602 0.150678
0 0.272374 0.314905 0.164228 0.150678
0 0.278065 0.454743 0.152846 0.131165
0 0.282537 0.590244 0.160163 0.152846
0 0.290667 0.721951 0.156911 0.145257
0 0.454081 0.144715 0.200813 0.222222
0 0.449610 0.347967 0.191870 0.199458
0 0.450016 0.528997 0.176423 0.166938
0 0.456520 0.698103 0.166667 0.182114
0 0.636602 0.154472 0.172358 0.191870
0 0.630911 0.338211 0.173984 0.184282
0 0.628472 0.514363 0.173984 0.170190
0 0.625220 0.686179 0.173984 0.182114
0 0.813837 0.153930 0.201626 0.195122
0 0.955106 0.161106 0.085789 0.179122
0 0.811398 0.338211 0.196748 0.179946
0 0.953073 0.333702 0.089854 0.175263
0 0.796764 0.507859 0.177236 0.174526
0 0.940472 0.500813 0.115057 0.166938
0 0.787821 0.671545 0.159350 0.163686
0 0.932341 0.657691 0.131317 0.174049
