0 0.138143 0.234535 0.276286 0.206986
0 0.441853 0.227003 0.338462 0.208430
0 0.802293 0.222360 0.383883 0.225971
0 0.856872 0.443688 0.245421 0.222876
0 0.619875 0.440076 0.224176 0.219780
0 0.394601 0.434917 0.221978 0.207398
0 0.185810 0.425115 0.195604 0.185730
0 0.049498 0.426663 0.098996 0.178507
0 0.152842 0.605685 0.279121 0.187793
0 0.444784 0.622195 0.320879 0.227003
0 0.785077 0.649538 0.359707 0.209462
0 0.820608 0.842491 0.228571 0.188825
0 0.590205 0.821338 0.210256 0.198112
0 0.391304 0.795542 0.193407 0.191921
0 0.206322 0.773358 0.185348 0.176443
0 0.062000 0.757881 0.120879 0.166125
0 0.011769 0.590652 0.023538 0.155951
0 0.029718 0.892241 0.059436 0.145045
0 0.175553 0.911840 0.257143 0.170686
0 0.448447 0.930413 0.297436 0.133540
0 0.760168 0.872414 0.333333 0.248672
0 0.067813 0.973239 0.135626 0.047887
0 0.960220 0.895114 0.075560 0.203271
