0 0.142699 0.384824 0.249593 0.290515
0 0.352455 0.142547 0.244715 0.285095
0 0.595138 0.145257 0.242276 0.284011
0 0.837415 0.145799 0.274797 0.289431
0 0.361398 0.400000 0.210569 0.242818
0 0.581317 0.410840 0.217886 0.247154
0 0.807740 0.417344 0.252846 0.260163
0 0.165057 0.628726 0.226016 0.227642
0 0.369122 0.626558 0.203252 0.212466
0 0.574407 0.640108 0.207317 0.207046
0 0.778472 0.645528 0.221951 0.220054
0 0.187821 0.824390 0.211382 0.213550
0 0.379285 0.827100 0.187805 0.186450
0 0.569528 0.837398 0.187805 0.196206
0 0.760585 0.841734 0.204065 0.202710
