0 0.860000 0.553333 0.276000 0.488000
0 0.622000 0.534667 0.280000 0.466667
0 0.609000 0.866667 0.238000 0.261333
0 0.854000 0.885333 0.272000 0.224000
0 0.401000 0.526667 0.306000 0.445333
0 0.354000 0.209333 0.344000 0.408000
0 0.167000 0.562667 0.218000 0.320000
0 0.136000 0.218667 0.268000 0.373333
0 0.051000 0.544000 0.102000 0.293333
0 0.624000 0.158667 0.212000 0.306667
0 0.844000 0.160000 0.232000 0.314667
0 0.389000 0.861333 0.222000 0.277333
0 0.204000 0.834667 0.208000 0.293333
0 0.073000 0.810667 0.146000 0.272000
0 0.075000 0.952000 0.150000 0.090667
0 0.289000 0.972000 0.290000 0.056000
