0 0.293000 0.206412 0.402000 0.086614
0 0.658000 0.219910 0.400000 0.097863
0 0.235000 0.303712 0.450000 0.121485
0 0.646000 0.314961 0.448000 0.119235
0 0.214000 0.416760 0.424000 0.129359
0 0.639000 0.433633 0.498000 0.127109
0 0.195000 0.553993 0.390000 0.172103
0 0.631000 0.578178 0.582000 0.179978
0 0.161000 0.748594 0.322000 0.264342
0 0.597000 0.787964 0.730000 0.307087
0 0.099000 0.930259 0.198000 0.139483
0 0.556000 0.938695 0.808000 0.122610
0 0.935000 0.224972 0.130000 0.132733
0 0.947000 0.386389 0.106000 0.192351
0 0.961000 0.624297 0.078000 0.292463
0 0.958000 0.885827 0.084000 0.228346
