0 0.902000 0.172336 0.196000 0.145125
0 0.694000 0.180839 0.224000 0.141723
0 0.481000 0.184807 0.222000 0.145125
0 0.273000 0.196145 0.238000 0.142857
0 0.901000 0.302154 0.198000 0.128118
0 0.902000 0.419501 0.196000 0.115646
0 0.902000 0.527211 0.196000 0.108844
0 0.896000 0.626984 0.188000 0.097506
0 0.647000 0.310658 0.314000 0.138322
0 0.338000 0.323129 0.328000 0.133787
0 0.699000 0.425737 0.206000 0.116780
0 0.501000 0.434807 0.206000 0.114512
0 0.306000 0.440476 0.212000 0.114512
0 0.662000 0.534580 0.288000 0.112245
0 0.372000 0.543651 0.288000 0.105442
0 0.706000 0.633220 0.192000 0.100907
0 0.517000 0.638889 0.190000 0.096372
0 0.332000 0.643424 0.196000 0.096372
0 0.900000 0.722222 0.200000 0.097506
0 0.667000 0.728458 0.270000 0.094104
0 0.396000 0.735828 0.272000 0.095238
0 0.901000 0.855442 0.198000 0.166667
0 0.714000 0.816327 0.184000 0.086168
0 0.539000 0.821429 0.178000 0.089569
0 0.368000 0.826531 0.184000 0.092971
0 0.191000 0.583333 0.110000 0.048753
0 0.076000 0.585601 0.132000 0.046485
0 0.175000 0.535714 0.094000 0.048753
0 0.085000 0.539116 0.102000 0.048753
0 0.176000 0.489229 0.104000 0.048753
0 0.067000 0.492063 0.134000 0.049887
0 0.162000 0.439909 0.112000 0.052154
0 0.064000 0.442744 0.100000 0.051020
0 0.149000 0.388889 0.106000 0.054422
0 0.052000 0.393424 0.104000 0.054422
0 0.144000 0.336168 0.100000 0.057823
0 0.050000 0.339002 0.100000 0.056689
0 0.130000 0.280045 0.112000 0.061224
0 0.043000 0.282880 0.086000 0.060091
