0 0.200000 0.205000 0.370000 0.180000
0 0.337500 0.065000 0.075000 0.110000
0 0.535000 0.095000 0.330000 0.160000
0 0.555000 0.237500 0.350000 0.205000
0 0.817500 0.105000 0.245000 0.190000
0 0.952500 0.137500 0.065000 0.155000
0 0.972500 0.292500 0.025000 0.165000
0 0.840000 0.255000 0.260000 0.180000
0 0.840000 0.397500 0.240000 0.155000
0 0.892500 0.477500 0.185000 0.205000
0 0.775000 0.547500 0.090000 0.155000
0 0.905000 0.665000 0.160000 0.180000
0 0.910000 0.812500 0.140000 0.115000
0 0.792500 0.820000 0.095000 0.080000
0 0.792500 0.702500 0.105000 0.165000
0 0.677500 0.572500 0.165000 0.165000
0 0.502500 0.572500 0.215000 0.175000
0 0.562500 0.405000 0.335000 0.180000
0 0.587500 0.747500 0.325000 0.185000
0 0.597500 0.837500 0.295000 0.045000
0 0.347500 0.765000 0.195000 0.190000
0 0.137500 0.745000 0.235000 0.110000
0 0.212500 0.592500 0.395000 0.225000
0 0.215000 0.382500 0.400000 0.205000
