0 0.141914 0.318313 0.230871 0.111325
0 0.106265 0.428795 0.160000 0.111084
0 0.151479 0.543483 0.235487 0.126177
0 0.082700 0.662500 0.165400 0.235800
0 0.131494 0.883700 0.262989 0.228600
0 0.234800 0.696900 0.286400 0.289800
0 0.119172 0.994023 0.049656 0.007955
0 0.289606 0.976036 0.292787 0.043928
0 0.352376 0.858597 0.199321 0.241176
0 0.403281 0.730882 0.073077 0.028733
0 0.397059 0.654864 0.062443 0.138688
0 0.388100 0.583400 0.041400 0.007600
0 0.338600 0.530000 0.147200 0.102800
0 0.292500 0.427800 0.224200 0.108800
0 0.325800 0.322600 0.147600 0.108400
0 0.402900 0.323800 0.012600 0.104400
0 0.407200 0.426300 0.016800 0.107000
0 0.417300 0.329800 0.018600 0.132000
0 0.421200 0.446000 0.023600 0.140000
0 0.516900 0.330100 0.195800 0.146600
0 0.568700 0.471000 0.284200 0.155200
0 0.516700 0.580800 0.203400 0.203600
0 0.568500 0.732600 0.286600 0.172400
0 0.535100 0.847200 0.191800 0.200000
0 0.562300 0.955500 0.271400 0.085000
0 0.735600 0.327800 0.245600 0.139600
0 0.790100 0.458700 0.171400 0.143800
0 0.742400 0.593500 0.248400 0.150600
0 0.790200 0.710500 0.161200 0.144600
0 0.745400 0.841500 0.236400 0.159000
0 0.775200 0.942000 0.157600 0.112000
0 0.925800 0.931000 0.144400 0.134000
0 0.927400 0.817900 0.141200 0.135800
0 0.929900 0.700800 0.136200 0.133600
0 0.929000 0.577300 0.138000 0.129000
0 0.935300 0.454600 0.125400 0.131600
0 0.927500 0.323000 0.141000 0.142000
