0 0.092000 0.183658 0.076000 0.070465
0 0.086000 0.249625 0.080000 0.067466
0 0.083000 0.311094 0.074000 0.064468
0 0.080000 0.375562 0.080000 0.064468
0 0.075000 0.439280 0.082000 0.065967
0 0.068000 0.502999 0.080000 0.070465
0 0.214000 0.194903 0.176000 0.077961
0 0.208000 0.258621 0.176000 0.073463
0 0.205000 0.320840 0.174000 0.071964
0 0.200000 0.381559 0.168000 0.070465
0 0.196000 0.443028 0.164000 0.070465
0 0.183000 0.508996 0.162000 0.073463
0 0.334000 0.511994 0.152000 0.070465
0 0.342000 0.449775 0.152000 0.065967
0 0.352000 0.389805 0.148000 0.065967
0 0.362000 0.329835 0.152000 0.068966
0 0.490000 0.532984 0.168000 0.058471
0 0.527000 0.255622 0.174000 0.064468
0 0.522000 0.314093 0.168000 0.058471
0 0.498000 0.482759 0.168000 0.056972
0 0.506000 0.425787 0.172000 0.059970
0 0.513000 0.368816 0.174000 0.059970
0 0.650000 0.527736 0.152000 0.059970
0 0.654000 0.469265 0.152000 0.062969
0 0.666000 0.413043 0.148000 0.061469
0 0.673000 0.356072 0.150000 0.064468
0 0.680000 0.298351 0.152000 0.065967
0 0.608000 0.236882 0.308000 0.068966
0 0.824000 0.247376 0.132000 0.065967
0 0.817000 0.302849 0.134000 0.059970
0 0.810000 0.362069 0.136000 0.061469
0 0.803000 0.416792 0.138000 0.059970
0 0.795000 0.473013 0.134000 0.058471
0 0.788000 0.532234 0.132000 0.059970
0 0.917000 0.532984 0.130000 0.061469
0 0.923000 0.479010 0.134000 0.061469
0 0.928000 0.424288 0.136000 0.056972
0 0.937000 0.367316 0.122000 0.059970
0 0.940000 0.310345 0.120000 0.062969
0 0.942000 0.250375 0.112000 0.062969
0 0.100000 0.779610 0.196000 0.437781
0 0.094000 0.556222 0.132000 0.011994
0 0.087000 0.549475 0.118000 0.013493
0 0.074000 0.539730 0.092000 0.008996
0 0.264000 0.780360 0.216000 0.436282
0 0.228000 0.556972 0.184000 0.013493
0 0.201000 0.545727 0.178000 0.014993
0 0.438000 0.786357 0.220000 0.424288
0 0.418000 0.570465 0.172000 0.010495
0 0.389000 0.562219 0.162000 0.008996
0 0.367000 0.555472 0.158000 0.007496
0 0.336000 0.547226 0.140000 0.008996
0 0.625000 0.785607 0.214000 0.380810
0 0.603000 0.782609 0.198000 0.392804
0 0.593000 0.580960 0.142000 0.010495
0 0.549000 0.568216 0.146000 0.011994
0 0.803000 0.785607 0.214000 0.398801
0 0.785000 0.586957 0.194000 0.028486
0 0.717000 0.579460 0.130000 0.025487
0 0.693000 0.571964 0.142000 0.016492
0 0.668000 0.565217 0.140000 0.017991
0 0.936000 0.783358 0.128000 0.391304
0 0.906000 0.582459 0.152000 0.013493
0 0.850000 0.574213 0.136000 0.014993
0 0.805000 0.565217 0.150000 0.008996
0 0.375448 0.204208 0.154483 0.073412
0 0.367862 0.266763 0.142069 0.072378
