0 0.920000 0.362319 0.160000 0.260870
0 0.980000 0.191304 0.036000 0.098551
0 0.902000 0.597101 0.196000 0.255072
0 0.948000 0.840580 0.104000 0.249275
0 0.708000 0.620290 0.220000 0.226087
0 0.825000 0.844928 0.178000 0.240580
0 0.914000 0.982609 0.172000 0.034783
0 0.723000 0.976812 0.210000 0.046377
0 0.528000 0.960870 0.180000 0.078261
0 0.670000 0.843478 0.156000 0.226087
0 0.531000 0.843478 0.138000 0.208696
0 0.518000 0.649275 0.180000 0.226087
0 0.762000 0.402899 0.172000 0.249275
0 0.622000 0.431884 0.144000 0.226087
0 0.483000 0.462319 0.130000 0.217391
0 0.521000 0.301449 0.106000 0.139130
0 0.640000 0.271014 0.136000 0.142029
0 0.746000 0.282609 0.080000 0.055072
0 0.875000 0.284058 0.162000 0.173913
0 0.895000 0.134783 0.134000 0.182609
0 0.787000 0.178261 0.118000 0.176812
0 0.684000 0.204348 0.108000 0.142029
0 0.569000 0.207246 0.094000 0.072464
0 0.585000 0.117391 0.126000 0.165217
0 0.712000 0.078261 0.148000 0.156522
0 0.860000 0.050725 0.164000 0.101449
0 0.511000 0.197101 0.034000 0.086957
0 0.114000 0.895652 0.228000 0.208696
0 0.273000 0.884058 0.098000 0.231884
0 0.354000 0.875362 0.076000 0.237681
0 0.412000 0.847826 0.048000 0.188406
0 0.368000 0.963768 0.088000 0.072464
0 0.355000 0.672464 0.102000 0.214493
0 0.264000 0.665217 0.096000 0.246377
0 0.110000 0.665217 0.220000 0.310145
0 0.107000 0.369565 0.214000 0.321739
0 0.261000 0.427536 0.094000 0.252174
0 0.340000 0.472464 0.076000 0.202899
0 0.398000 0.489855 0.044000 0.173913
0 0.429000 0.339130 0.086000 0.162319
0 0.302000 0.291304 0.180000 0.228986
0 0.179000 0.252174 0.070000 0.063768
0 0.430000 0.260870 0.132000 0.127536
0 0.440000 0.153623 0.116000 0.168116
0 0.336000 0.166667 0.100000 0.124638
0 0.347000 0.102899 0.034000 0.037681
0 0.309000 0.086957 0.046000 0.098551
0 0.263000 0.069565 0.054000 0.139130
0 0.239000 0.137681 0.098000 0.136232
0 0.188000 0.201449 0.048000 0.055072
0 0.083000 0.179710 0.166000 0.139130
0 0.204000 0.046377 0.064000 0.092754
0 0.097000 0.091304 0.194000 0.182609
