0 0.800000 0.898051 0.296000 0.152924
0 0.792000 0.749625 0.320000 0.170915
0 0.784000 0.640180 0.252000 0.104948
0 0.777000 0.541229 0.254000 0.101949
0 0.771000 0.441529 0.254000 0.106447
0 0.763000 0.357571 0.246000 0.094453
0 0.759000 0.295352 0.246000 0.098951
0 0.759000 0.227136 0.234000 0.103448
0 0.757000 0.157421 0.230000 0.122939
0 0.497000 0.897301 0.298000 0.148426
0 0.483000 0.769115 0.290000 0.137931
0 0.491000 0.635682 0.298000 0.143928
0 0.488000 0.494003 0.296000 0.139430
0 0.493000 0.361319 0.298000 0.131934
0 0.493000 0.254123 0.226000 0.079460
0 0.495000 0.170915 0.218000 0.089955
0 0.496000 0.092954 0.200000 0.062969
0 0.501000 0.051724 0.198000 0.037481
0 0.771000 0.078711 0.186000 0.040480
0 0.500000 0.028486 0.192000 0.020990
0 0.216000 0.036732 0.192000 0.028486
0 0.231000 0.100450 0.222000 0.110945
0 0.222000 0.193403 0.244000 0.128936
0 0.218000 0.265367 0.252000 0.092954
0 0.199000 0.362819 0.298000 0.134933
0 0.194000 0.494753 0.288000 0.131934
0 0.196000 0.631184 0.288000 0.134933
0 0.188000 0.765367 0.292000 0.136432
0 0.208000 0.902549 0.284000 0.137931
