0 0.201689 0.103333 0.144465 0.206667
0 0.075047 0.446667 0.112570 0.200000
0 0.077861 0.643333 0.118199 0.193333
0 0.075985 0.815000 0.118199 0.163333
0 0.132270 0.931667 0.159475 0.136667
0 0.211069 0.295000 0.136961 0.203333
0 0.307692 0.325000 0.105066 0.190000
0 0.405253 0.335000 0.097561 0.176667
0 0.213884 0.526667 0.030019 0.193333
0 0.291745 0.521667 0.121951 0.203333
0 0.389306 0.511667 0.069418 0.190000
0 0.228893 0.716667 0.060038 0.206667
0 0.322702 0.730000 0.123827 0.246667
0 0.201689 0.478333 0.110694 0.170000
0 0.141651 0.465000 0.024390 0.183333
0 0.165103 0.640000 0.067542 0.186667
0 0.169794 0.808333 0.065666 0.163333
0 0.218574 0.900000 0.046904 0.200000
0 0.264540 0.906667 0.048780 0.180000
0 0.350844 0.898333 0.131332 0.196667
0 0.382739 0.685000 0.037523 0.183333
0 0.325516 0.178333 0.103189 0.150000
0 0.300188 0.063333 0.131332 0.126667
0 0.404315 0.011667 0.076923 0.023333
0 0.461538 0.021667 0.030019 0.043333
0 0.418386 0.090000 0.101313 0.146667
0 0.490619 0.118333 0.046904 0.136667
0 0.416510 0.205000 0.075047 0.103333
0 0.469043 0.216667 0.033771 0.100000
0 0.499062 0.241667 0.026266 0.123333
0 0.459662 0.500000 0.075047 0.180000
0 0.454034 0.676667 0.105066 0.193333
0 0.432458 0.878333 0.095685 0.223333
0 0.491557 0.843333 0.041276 0.186667
0 0.470919 0.335000 0.045028 0.150000
0 0.550657 0.140000 0.076923 0.120000
0 0.578799 0.241667 0.080675 0.123333
0 0.524390 0.253333 0.031895 0.120000
0 0.598499 0.350000 0.071295 0.106667
0 0.502814 0.355000 0.018762 0.103333
0 0.539400 0.353333 0.054409 0.093333
0 0.655722 0.353333 0.046904 0.106667
0 0.564728 0.468333 0.135084 0.136667
0 0.523452 0.613333 0.048780 0.160000
0 0.563790 0.605000 0.039400 0.143333
0 0.597561 0.595000 0.031895 0.136667
0 0.623827 0.591667 0.024390 0.136667
0 0.537523 0.755000 0.058161 0.163333
0 0.589118 0.730000 0.045028 0.140000
0 0.631332 0.713333 0.039400 0.133333
0 0.663227 0.696667 0.028143 0.126667
0 0.655722 0.585000 0.039400 0.123333
0 0.692308 0.578333 0.048780 0.110000
0 0.686679 0.686667 0.022514 0.120000
0 0.535647 0.838333 0.043152 0.050000
0 0.570356 0.831667 0.030019 0.076667
0 0.601313 0.826667 0.031895 0.106667
0 0.644465 0.825000 0.054409 0.143333
0 0.683865 0.790000 0.031895 0.126667
