0 0.100000 0.052273 0.200000 0.095455
0 0.075000 0.145455 0.150000 0.100000
0 0.256818 0.093182 0.222727 0.122727
0 0.075000 0.234091 0.150000 0.104545
0 0.070455 0.325000 0.140909 0.086364
0 0.061364 0.402273 0.122727 0.086364
0 0.050000 0.484091 0.100000 0.086364
0 0.145455 0.490909 0.100000 0.109091
0 0.059091 0.570455 0.118182 0.095455
0 0.063636 0.659091 0.127273 0.109091
0 0.236364 0.531818 0.118182 0.154545
0 0.184091 0.579545 0.122727 0.095455
0 0.161364 0.672727 0.068182 0.100000
0 0.240909 0.684091 0.090909 0.159091
0 0.318182 0.734091 0.054545 0.104545
0 0.306818 0.640909 0.059091 0.109091
0 0.418182 0.545455 0.209091 0.154545
0 0.429545 0.656818 0.195455 0.131818
0 0.429545 0.743182 0.186364 0.113636
0 0.438636 0.838636 0.177273 0.131818
0 0.222727 0.204545 0.136364 0.109091
0 0.179545 0.293182 0.068182 0.095455
0 0.275000 0.318182 0.113636 0.118182
0 0.372727 0.211364 0.172727 0.131818
0 0.411364 0.338636 0.159091 0.113636
0 0.331818 0.440909 0.145455 0.127273
0 0.463636 0.440909 0.109091 0.081818
0 0.163636 0.390909 0.072727 0.109091
0 0.247727 0.418182 0.086364 0.118182
0 0.634091 0.525000 0.231818 0.159091
0 0.643182 0.650000 0.222727 0.163636
0 0.629545 0.772727 0.213636 0.172727
0 0.615909 0.379545 0.240909 0.150000
0 0.577273 0.227273 0.254545 0.154545
0 0.577273 0.097727 0.272727 0.131818
0 0.793182 0.088636 0.304545 0.122727
0 0.850000 0.227273 0.300000 0.181818
0 0.865909 0.388636 0.268182 0.177273
0 0.877273 0.547727 0.245455 0.168182
0 0.879545 0.697727 0.240909 0.186364
0 0.868182 0.834091 0.263636 0.213636
0 0.627273 0.900000 0.200000 0.181818
0 0.861364 0.934091 0.268182 0.131818
0 0.304545 0.547727 0.027273 0.086364
