0 0.165587 0.230688 0.331175 0.370370
0 0.460143 0.233862 0.389683 0.336508
0 0.814984 0.219534 0.366032 0.339598
0 0.813317 0.480423 0.362698 0.205291
0 0.473238 0.494180 0.336508 0.215873
0 0.163714 0.509524 0.295238 0.235979
0 0.457762 0.702646 0.315079 0.203175
0 0.793873 0.696825 0.360317 0.259259
0 0.176413 0.710053 0.257143 0.184127
0 0.187524 0.896825 0.252381 0.200000
0 0.447841 0.868254 0.300000 0.164021
0 0.769667 0.865608 0.364286 0.260317
0 0.982841 0.760000 0.030317 0.186667
0 0.426016 0.033862 0.113492 0.065608
0 0.796159 0.024868 0.284317 0.049735
