0 0.173000 0.262000 0.258000 0.088000
0 0.406000 0.268000 0.236000 0.088000
0 0.145000 0.357000 0.278000 0.106000
0 0.393000 0.362000 0.258000 0.112000
0 0.128000 0.465000 0.256000 0.126000
0 0.372000 0.478000 0.288000 0.136000
0 0.115000 0.657000 0.230000 0.266000
0 0.353000 0.671000 0.322000 0.274000
0 0.137000 0.836000 0.274000 0.104000
0 0.371000 0.844000 0.282000 0.104000
0 0.173000 0.932000 0.266000 0.100000
0 0.397000 0.933000 0.242000 0.074000
0 0.640000 0.271000 0.240000 0.086000
0 0.872000 0.258000 0.252000 0.104000
0 0.645000 0.364000 0.258000 0.108000
0 0.878000 0.354000 0.240000 0.116000
0 0.654000 0.521000 0.284000 0.218000
0 0.648000 0.786000 0.276000 0.320000
0 0.642000 0.958000 0.236000 0.080000
0 0.886000 0.505000 0.224000 0.362000
0 0.886000 0.721000 0.224000 0.218000
0 0.869000 0.912000 0.262000 0.176000
