0 0.244284 0.202295 0.260448 0.296121
0 0.455104 0.158907 0.271642 0.280935
0 0.638313 0.136671 0.282836 0.247310
0 0.845776 0.178974 0.164925 0.219108
0 0.218910 0.459910 0.255970 0.318900
0 0.457716 0.411099 0.239552 0.242971
0 0.676000 0.407844 0.222388 0.301545
0 0.847642 0.411099 0.152239 0.253818
0 0.215552 0.710474 0.250746 0.295036
0 0.449507 0.673594 0.230597 0.303714
0 0.653985 0.666001 0.205224 0.288528
0 0.820776 0.645935 0.165672 0.261411
0 0.199015 0.858665 0.257970 0.276857
0 0.442045 0.892832 0.221642 0.208521
0 0.640552 0.882528 0.196269 0.229131
0 0.806224 0.828163 0.145522 0.163789
0 0.708000 0.943813 0.240000 0.106560
0 0.870806 0.931881 0.234388 0.130423
0 0.933642 0.918735 0.128716 0.156196
0 0.100627 0.269004 0.028358 0.084606
