0 0.089447 0.313279 0.110569 0.123577
0 0.191480 0.324661 0.116260 0.126829
0 0.304488 0.325203 0.103252 0.123577
0 0.392699 0.334417 0.073171 0.126829
0 0.069528 0.437398 0.124390 0.139837
0 0.178472 0.443360 0.113008 0.143089
0 0.294325 0.444444 0.112195 0.138753
0 0.379285 0.453117 0.078862 0.130081
0 0.059366 0.568564 0.115447 0.144173
0 0.165057 0.573442 0.128455 0.138753
0 0.278065 0.572900 0.120325 0.139837
0 0.369122 0.582114 0.078049 0.140921
0 0.051228 0.705149 0.102455 0.163686
0 0.149610 0.718699 0.139837 0.158266
0 0.267902 0.717615 0.124390 0.151762
0 0.364650 0.719241 0.083740 0.146341
0 0.038634 0.866667 0.073984 0.174526
0 0.126439 0.869919 0.148780 0.168022
0 0.253675 0.870461 0.136585 0.164770
0 0.358553 0.871545 0.097561 0.175610
0 0.510992 0.097561 0.134146 0.162602
0 0.645951 0.090515 0.139024 0.155014
0 0.782943 0.094309 0.138211 0.166938
0 0.916276 0.115447 0.139837 0.152846
0 0.500016 0.257995 0.143089 0.175610
0 0.647577 0.255285 0.145528 0.174526
0 0.786195 0.259621 0.151220 0.172358
0 0.926439 0.268293 0.139024 0.165854
0 0.487008 0.426558 0.151220 0.168022
0 0.641480 0.429268 0.149593 0.179946
0 0.788228 0.435772 0.161789 0.184282
0 0.926033 0.437398 0.139837 0.185366
0 0.471561 0.620596 0.177236 0.224390
0 0.638634 0.622222 0.165041 0.216802
0 0.813024 0.627100 0.188618 0.224390
0 0.938439 0.634146 0.119122 0.210298
0 0.482537 0.847154 0.173171 0.239566
0 0.656927 0.858537 0.175610 0.238482
0 0.828878 0.857453 0.182927 0.240650
0 0.950634 0.855512 0.094732 0.233691
0 0.499000 0.500000 0.998000 0.994667
