0 0.163085 0.112362 0.271277 0.224468
0 0.019574 0.112362 0.039149 0.224468
0 0.423723 0.117149 0.260638 0.234043
0 0.684362 0.120340 0.264894 0.236170
0 0.907404 0.122660 0.181191 0.238681
0 0.901021 0.373745 0.193957 0.268511
0 0.674255 0.369277 0.263830 0.265957
0 0.408830 0.362894 0.277660 0.261702
0 0.147128 0.359702 0.279787 0.268085
0 0.138723 0.621936 0.277447 0.267021
0 0.397660 0.624596 0.272340 0.270213
0 0.666809 0.632574 0.268085 0.264894
0 0.899426 0.636191 0.197149 0.263617
0 0.896234 0.885234 0.203532 0.225532
0 0.668404 0.880979 0.281915 0.234043
0 0.391277 0.879383 0.268085 0.237234
0 0.131809 0.877000 0.263617 0.242000
