0 0.230273 0.094804 0.156428 0.180940
0 0.384539 0.091553 0.154986 0.183107
0 0.553582 0.093178 0.164357 0.186357
0 0.726590 0.089386 0.157149 0.174439
0 0.260550 0.279535 0.185263 0.192858
0 0.426349 0.280077 0.153544 0.191774
0 0.577731 0.277910 0.150661 0.198275
0 0.730194 0.278452 0.148498 0.199359
0 0.084659 0.188524 0.165078 0.372714
0 0.046453 0.396008 0.087225 0.198275
0 0.118900 0.610536 0.233561 0.466976
0 0.030060 0.921589 0.060120 0.150797
0 0.209368 0.599701 0.280417 0.521149
0 0.344891 0.621370 0.260233 0.488645
0 0.478972 0.613244 0.222748 0.517899
0 0.608728 0.612703 0.195355 0.542819
0 0.744612 0.619203 0.157149 0.540652
0 0.140165 0.919867 0.144894 0.147352
0 0.294791 0.926909 0.145615 0.137601
0 0.451579 0.934493 0.153544 0.122432
0 0.597555 0.936119 0.148498 0.117015
0 0.752901 0.873819 0.162195 0.241614
