0 0.037000 0.155922 0.074000 0.113943
0 0.045000 0.263868 0.086000 0.110945
0 0.182000 0.164168 0.236000 0.133433
0 0.190000 0.275112 0.236000 0.127436
0 0.418000 0.180660 0.244000 0.130435
0 0.420000 0.293103 0.240000 0.127436
0 0.671000 0.195652 0.266000 0.133433
0 0.657000 0.310345 0.262000 0.125937
0 0.894000 0.207646 0.212000 0.130435
0 0.883000 0.326837 0.234000 0.125937
0 0.021000 0.408546 0.042000 0.091454
0 0.034000 0.493253 0.068000 0.092954
0 0.142000 0.421289 0.232000 0.113943
0 0.156000 0.510495 0.216000 0.106447
0 0.370000 0.445277 0.232000 0.113943
0 0.364000 0.532984 0.220000 0.109445
0 0.610000 0.470015 0.248000 0.115442
0 0.588000 0.559220 0.232000 0.113943
0 0.851000 0.482009 0.282000 0.100450
0 0.726000 0.575712 0.080000 0.089955
0 0.727000 0.671664 0.226000 0.086957
0 0.721000 0.739880 0.214000 0.091454
0 0.521000 0.647676 0.206000 0.080960
0 0.520000 0.715142 0.200000 0.086957
0 0.314000 0.631184 0.212000 0.092954
0 0.317000 0.698651 0.206000 0.086957
0 0.110000 0.612444 0.200000 0.091454
0 0.128000 0.682909 0.208000 0.082459
0 0.013000 0.598201 0.022000 0.068966
0 0.019000 0.665667 0.038000 0.071964
0 0.500000 0.071964 1.000000 0.143928
0 0.500000 0.386057 0.996000 0.142429
0 0.872000 0.680660 0.256000 0.440780
0 0.408000 0.751124 0.812000 0.104948
