0 0.168028 0.126568 0.329329 0.253136
0 0.342233 0.362656 0.605654 0.332693
0 0.467675 0.115719 0.278445 0.231438
0 0.217145 0.645755 0.301767 0.316161
0 0.328099 0.760973 0.554770 0.472207
0 0.483929 0.584795 0.254417 0.268634
0 0.393117 0.940234 0.379505 0.113684
0 0.724919 0.104354 0.241696 0.204575
0 0.753187 0.320811 0.233216 0.259335
0 0.719618 0.543467 0.216961 0.237638
0 0.724919 0.731511 0.244523 0.254169
0 0.677841 0.892707 0.191682 0.208739
0 0.907958 0.502655 0.179505 0.209741
0 0.917145 0.683467 0.158304 0.224206
0 0.880749 0.863245 0.233922 0.261401
0 0.912905 0.098155 0.169611 0.190110
0 0.925770 0.301180 0.144459 0.220073
