0 0.576000 0.441529 0.272000 0.103448
0 0.312000 0.442279 0.260000 0.089955
0 0.134000 0.424288 0.112000 0.071964
0 0.299000 0.347076 0.274000 0.097451
0 0.120000 0.350825 0.120000 0.077961
0 0.149000 0.272864 0.210000 0.083958
0 0.337000 0.260120 0.174000 0.091454
0 0.563000 0.248126 0.286000 0.100450
0 0.569000 0.347826 0.294000 0.098951
0 0.853000 0.439280 0.294000 0.110945
0 0.849000 0.329085 0.302000 0.115442
0 0.847000 0.216642 0.302000 0.139430
0 0.839000 0.131184 0.278000 0.085457
0 0.568000 0.158171 0.256000 0.094453
0 0.322000 0.517991 0.240000 0.076462
0 0.546000 0.553223 0.316000 0.131934
0 0.262000 0.626687 0.280000 0.152924
0 0.851000 0.544228 0.294000 0.107946
0 0.104000 0.510495 0.204000 0.106447
0 0.092000 0.592954 0.184000 0.073463
0 0.068000 0.661919 0.116000 0.073463
0 0.076000 0.733133 0.112000 0.071964
0 0.268000 0.739130 0.284000 0.104948
0 0.550000 0.667166 0.308000 0.104948
0 0.553000 0.761619 0.294000 0.107946
0 0.542000 0.844828 0.280000 0.097451
0 0.506000 0.919790 0.220000 0.091454
0 0.281000 0.825337 0.258000 0.103448
0 0.272000 0.906297 0.256000 0.103448
0 0.847000 0.642429 0.306000 0.097451
0 0.850000 0.727886 0.292000 0.088456
0 0.772000 0.813343 0.180000 0.217391
