0 0.858000 0.216216 0.132000 0.180180
0 0.854000 0.390390 0.136000 0.174174
0 0.854000 0.557057 0.140000 0.171171
0 0.849000 0.711712 0.138000 0.156156
0 0.847000 0.867868 0.130000 0.180180
0 0.708000 0.111111 0.108000 0.072072
0 0.812000 0.139640 0.096000 0.033033
0 0.723000 0.222222 0.134000 0.168168
0 0.721000 0.388889 0.130000 0.171171
0 0.719000 0.545045 0.126000 0.165165
0 0.716000 0.692192 0.128000 0.153153
0 0.724000 0.851351 0.132000 0.183183
0 0.644000 0.162162 0.024000 0.066066
0 0.596000 0.270270 0.120000 0.144144
0 0.570000 0.405405 0.156000 0.150150
0 0.575000 0.548048 0.158000 0.147147
0 0.575000 0.684685 0.154000 0.144144
0 0.575000 0.797297 0.154000 0.147147
0 0.566000 0.905405 0.164000 0.189189
0 0.206000 0.180180 0.132000 0.108108
0 0.156000 0.285285 0.120000 0.102102
0 0.141000 0.390390 0.086000 0.114114
0 0.146000 0.500000 0.088000 0.111111
0 0.149000 0.623123 0.094000 0.135135
0 0.163000 0.738739 0.066000 0.102102
0 0.166000 0.831832 0.072000 0.108108
0 0.172000 0.912913 0.068000 0.072072
0 0.083000 0.708709 0.090000 0.150150
0 0.090000 0.843844 0.096000 0.180180
0 0.100000 0.942943 0.096000 0.114114
0 0.279000 0.274775 0.130000 0.117117
0 0.254000 0.370871 0.140000 0.147147
0 0.255000 0.500000 0.142000 0.123123
0 0.261000 0.605105 0.134000 0.141141
0 0.263000 0.714715 0.134000 0.168168
0 0.266000 0.822823 0.140000 0.168168
0 0.271000 0.914414 0.138000 0.171171
0 0.358000 0.837838 0.044000 0.144144
0 0.353000 0.759760 0.046000 0.138138
0 0.350000 0.669670 0.044000 0.138138
0 0.349000 0.573574 0.046000 0.114114
0 0.348000 0.484985 0.048000 0.099099
0 0.347000 0.384384 0.046000 0.102102
0 0.302000 0.213213 0.056000 0.042042
0 0.375000 0.213213 0.070000 0.090090
0 0.389000 0.318318 0.094000 0.078078
0 0.390000 0.397898 0.040000 0.087087
0 0.391000 0.480480 0.042000 0.096096
0 0.393000 0.561562 0.046000 0.084084
0 0.392000 0.641141 0.044000 0.093093
0 0.393000 0.720721 0.042000 0.096096
0 0.395000 0.797297 0.038000 0.099099
0 0.426000 0.394895 0.040000 0.081081
0 0.430000 0.472973 0.040000 0.081081
0 0.438000 0.677177 0.052000 0.117117
0 0.438000 0.743243 0.048000 0.129129
0 0.436000 0.615616 0.056000 0.108108
0 0.438000 0.539039 0.048000 0.099099
0 0.454000 0.430931 0.016000 0.129129
0 0.474000 0.349850 0.036000 0.087087
0 0.485000 0.768769 0.030000 0.102102
