0 0.448000 0.057333 0.316000 0.114667
0 0.172000 0.225333 0.344000 0.221333
0 0.202000 0.409333 0.208000 0.184000
0 0.398000 0.404000 0.204000 0.200000
0 0.595000 0.404000 0.198000 0.205333
0 0.487000 0.208000 0.310000 0.202667
0 0.818000 0.218667 0.364000 0.208000
0 0.814000 0.413333 0.240000 0.186667
0 0.756000 0.585333 0.308000 0.157333
0 0.503000 0.588000 0.190000 0.157333
0 0.278000 0.850667 0.264000 0.160000
0 0.249000 0.572000 0.294000 0.178667
0 0.233000 0.728000 0.190000 0.138667
0 0.408000 0.725333 0.172000 0.138667
0 0.597000 0.730667 0.178000 0.138667
0 0.785000 0.722667 0.182000 0.122667
0 0.497000 0.865333 0.166000 0.125333
0 0.726000 0.852000 0.272000 0.136000
0 0.935000 0.637333 0.130000 0.256000
0 0.924000 0.808000 0.152000 0.181333
0 0.271000 0.961333 0.162000 0.077333
0 0.427000 0.962667 0.170000 0.074667
0 0.591000 0.956000 0.162000 0.088000
0 0.753000 0.958667 0.178000 0.082667
