0 0.091125 0.104167 0.182250 0.208333
0 0.314672 0.117708 0.286719 0.231250
0 0.520141 0.147917 0.239844 0.287500
0 0.764672 0.127604 0.267969 0.253125
0 0.756859 0.357812 0.257031 0.236458
0 0.741234 0.561458 0.241406 0.220833
0 0.928797 0.528125 0.138406 0.291667
0 0.901391 0.732292 0.157031 0.229167
0 0.713891 0.738021 0.235156 0.251042
0 0.519750 0.382812 0.223438 0.217708
0 0.292797 0.325521 0.225781 0.215625
0 0.095812 0.308854 0.191625 0.203125
0 0.094641 0.494792 0.189281 0.189583
0 0.292797 0.513542 0.217969 0.202083
0 0.514672 0.569271 0.213281 0.182292
0 0.499437 0.726562 0.196875 0.209375
0 0.492016 0.847917 0.194531 0.131250
0 0.298266 0.836458 0.199219 0.156250
0 0.297875 0.690625 0.217188 0.191667
0 0.099328 0.671396 0.198656 0.180125
0 0.113891 0.823958 0.189844 0.168750
0 0.120531 0.897917 0.168750 0.029167
0 0.706469 0.871875 0.228125 0.081250
0 0.884984 0.865625 0.142969 0.097917
