0 0.675000 0.250375 0.438000 0.230885
0 0.669000 0.471514 0.414000 0.220390
0 0.343000 0.267616 0.222000 0.187406
0 0.172000 0.279610 0.144000 0.151424
0 0.080000 0.380060 0.048000 0.181409
0 0.167000 0.425787 0.146000 0.143928
0 0.934000 0.255622 0.104000 0.208396
0 0.345000 0.448276 0.226000 0.176912
0 0.914000 0.457271 0.096000 0.194903
0 0.063000 0.536732 0.074000 0.128936
0 0.165000 0.559970 0.150000 0.160420
0 0.333000 0.604948 0.230000 0.196402
0 0.644000 0.659670 0.396000 0.245877
0 0.072000 0.649175 0.048000 0.113943
0 0.165000 0.686657 0.146000 0.176912
0 0.343000 0.753373 0.222000 0.214393
0 0.640000 0.837331 0.380000 0.265367
0 0.864000 0.808846 0.072000 0.184408
0 0.880000 0.648426 0.068000 0.181409
0 0.950000 0.620690 0.064000 0.167916
0 0.929000 0.772864 0.054000 0.160420
0 0.978000 0.739880 0.044000 0.148426
0 0.978000 0.449025 0.044000 0.184408
0 0.986000 0.263118 0.028000 0.190405
