0 0.159358 0.279675 0.318715 0.236314
0 0.384976 0.269919 0.137398 0.195122
0 0.503268 0.265041 0.102439 0.159350
0 0.191886 0.480217 0.383740 0.244986
0 0.469935 0.426558 0.170732 0.185366
0 0.167488 0.662331 0.334976 0.305691
0 0.392699 0.610298 0.136585 0.210298
0 0.513837 0.559892 0.107317 0.181030
0 0.008951 0.733333 0.017902 0.118157
0 0.042293 0.767480 0.084553 0.195122
0 0.237008 0.830894 0.324390 0.289431
0 0.478065 0.705149 0.162602 0.211382
0 0.007325 0.826526 0.014650 0.111718
0 0.047171 0.875881 0.068293 0.173442
0 0.208146 0.928997 0.281301 0.134417
0 0.404894 0.889995 0.126829 0.214678
0 0.510992 0.813550 0.091870 0.181030
0 0.573593 0.256369 0.041463 0.122493
0 0.680911 0.267209 0.184553 0.131165
0 0.801642 0.257453 0.073171 0.111653
0 0.655707 0.388076 0.207317 0.147425
0 0.775220 0.373442 0.041463 0.120325
0 0.816276 0.353930 0.040650 0.107317
0 0.569122 0.481301 0.037398 0.117073
0 0.677659 0.501897 0.184553 0.149593
0 0.797171 0.457453 0.067480 0.117073
0 0.652862 0.615176 0.193496 0.157182
0 0.763837 0.577778 0.044715 0.136585
0 0.800829 0.545257 0.048780 0.110569
0 0.569935 0.697019 0.027642 0.106233
0 0.669935 0.713821 0.172358 0.170190
0 0.787008 0.644444 0.065041 0.126829
0 0.898797 0.259621 0.139024 0.092141
0 0.975220 0.254201 0.028455 0.089973
0 0.991285 0.250667 0.013431 0.080000
0 0.903268 0.340921 0.138211 0.092141
0 0.983561 0.331491 0.028878 0.076314
0 0.897984 0.418970 0.137398 0.096477
0 0.980504 0.398374 0.032520 0.072629
0 0.889447 0.499187 0.128455 0.098645
0 0.967902 0.476423 0.036585 0.087805
0 0.885382 0.575068 0.128455 0.109485
0 0.962211 0.540379 0.033333 0.074797
