0 0.307519 0.130749 0.457364 0.141602
0 0.423411 0.235142 0.236434 0.118863
0 0.428062 0.346253 0.242636 0.121964
0 0.433101 0.502326 0.260465 0.186047
0 0.420310 0.658915 0.253488 0.127132
0 0.418760 0.786047 0.264341 0.135401
0 0.415659 0.919897 0.264341 0.128165
0 0.700155 0.832558 0.304651 0.294574
0 0.914775 0.825871 0.166450 0.281075
0 0.877178 0.555287 0.241643 0.254760
0 0.901209 0.364103 0.193581 0.141127
0 0.786589 0.398966 0.044961 0.126098
0 0.752093 0.422222 0.041085 0.108527
0 0.648217 0.380879 0.175969 0.187080
0 0.627287 0.197416 0.174419 0.173643
0 0.181938 0.273385 0.254264 0.172610
0 0.173411 0.432041 0.262016 0.171576
0 0.162946 0.626357 0.276744 0.227390
0 0.148605 0.862532 0.286822 0.244961
0 0.674186 0.578811 0.258915 0.210853
0 0.967101 0.266667 0.061798 0.058667
