0 0.162000 0.079787 0.292000 0.159574
0 0.155000 0.304521 0.246000 0.289894
0 0.358000 0.285904 0.176000 0.242021
0 0.193000 0.557181 0.274000 0.305851
0 0.162000 0.796543 0.236000 0.300532
0 0.358000 0.708777 0.164000 0.263298
0 0.199000 0.912234 0.242000 0.175532
0 0.380000 0.946809 0.116000 0.106383
0 0.456000 0.089096 0.248000 0.178191
0 0.517000 0.280585 0.134000 0.204787
0 0.465000 0.481383 0.222000 0.212766
0 0.506000 0.650266 0.128000 0.210106
0 0.454000 0.813830 0.216000 0.234043
0 0.496000 0.925532 0.112000 0.148936
0 0.641000 0.093085 0.126000 0.186170
0 0.635000 0.440160 0.126000 0.172872
0 0.641000 0.590426 0.150000 0.191489
0 0.635000 0.727394 0.150000 0.183511
0 0.634000 0.857713 0.160000 0.199468
0 0.647000 0.276596 0.134000 0.180851
0 0.756000 0.098404 0.100000 0.170213
0 0.832000 0.118351 0.068000 0.146277
0 0.756000 0.265957 0.096000 0.154255
0 0.831000 0.264628 0.074000 0.135638
0 0.742000 0.416223 0.092000 0.151596
0 0.818000 0.397606 0.072000 0.135638
0 0.755000 0.543883 0.082000 0.162234
0 0.820000 0.515957 0.064000 0.143617
0 0.745000 0.674202 0.070000 0.162234
0 0.812000 0.630319 0.064000 0.148936
0 0.752000 0.788564 0.080000 0.172872
0 0.818000 0.738032 0.056000 0.146277
0 0.907000 0.134309 0.094000 0.135638
0 0.970000 0.142287 0.060000 0.119681
0 0.907000 0.263298 0.094000 0.127660
0 0.891000 0.384309 0.082000 0.119681
0 0.946000 0.376330 0.036000 0.098404
0 0.887000 0.496011 0.078000 0.130319
0 0.943000 0.466755 0.042000 0.109043
0 0.976000 0.448138 0.032000 0.098404
0 0.870000 0.599734 0.064000 0.119681
0 0.938000 0.563830 0.080000 0.138298
0 0.869000 0.700798 0.058000 0.125000
0 0.932000 0.654255 0.064000 0.138298
