0 0.108411 0.239793 0.216822 0.204651
0 0.395504 0.066667 0.295349 0.131266
0 0.685039 0.068217 0.201550 0.134367
0 0.901984 0.232041 0.192031 0.203618
0 0.725736 0.233075 0.230233 0.203618
0 0.523411 0.233592 0.214729 0.208786
0 0.307519 0.237726 0.218605 0.208786
0 0.289690 0.471835 0.246512 0.257364
0 0.530388 0.464083 0.234884 0.254264
0 0.754419 0.464083 0.253488 0.248062
0 0.919426 0.456072 0.157147 0.245478
0 0.946558 0.732827 0.102884 0.297654
0 0.801705 0.736951 0.290698 0.310078
0 0.543566 0.746770 0.267442 0.304910
0 0.271860 0.755556 0.280620 0.312145
0 0.081279 0.759142 0.162558 0.311049
0 0.096008 0.473333 0.192016 0.264000
