0 0.905000 0.731231 0.190000 0.273273
0 0.718000 0.732733 0.228000 0.270270
0 0.505000 0.731231 0.218000 0.267267
0 0.287000 0.732733 0.226000 0.264264
0 0.096000 0.735736 0.192000 0.264264
0 0.888000 0.476727 0.224000 0.223724
0 0.695000 0.477477 0.210000 0.225225
0 0.498000 0.479730 0.196000 0.220721
0 0.299000 0.482733 0.202000 0.223724
0 0.106000 0.484234 0.212000 0.226727
0 0.717000 0.265015 0.198000 0.190691
0 0.532000 0.265015 0.188000 0.190691
0 0.342000 0.266517 0.188000 0.193694
0 0.163000 0.268018 0.198000 0.193694
