0 0.280000 0.170000 0.266667 0.220000
0 0.530000 0.150000 0.260000 0.206667
0 0.773333 0.116667 0.306667 0.206667
0 0.826667 0.290000 0.333333 0.246667
0 0.540000 0.293333 0.240000 0.146667
0 0.303333 0.330000 0.260000 0.140000
0 0.273333 0.490000 0.226667 0.206667
0 0.470000 0.470000 0.220000 0.233333
0 0.666667 0.450000 0.213333 0.220000
0 0.876667 0.466667 0.206667 0.146667
0 0.880000 0.583333 0.200000 0.140000
0 0.680000 0.606667 0.200000 0.133333
0 0.490000 0.626667 0.206667 0.133333
0 0.296667 0.646667 0.206667 0.120000
0 0.326667 0.750000 0.266667 0.113333
0 0.580000 0.726667 0.253333 0.120000
0 0.843333 0.706667 0.273333 0.133333
0 0.850000 0.820000 0.273333 0.120000
0 0.593333 0.830000 0.253333 0.113333
0 0.353333 0.850000 0.253333 0.113333
