0 0.103854 0.322708 0.207708 0.274583
0 0.320729 0.331771 0.226042 0.259375
0 0.547292 0.340104 0.222917 0.248958
0 0.782188 0.294271 0.246875 0.284375
0 0.876458 0.498958 0.225000 0.337500
0 0.675937 0.593750 0.194792 0.262500
0 0.475938 0.599479 0.201042 0.263542
0 0.266562 0.596875 0.221875 0.279167
0 0.084062 0.601042 0.168125 0.289583
0 0.159271 0.864062 0.219792 0.257292
0 0.370729 0.863854 0.196875 0.258958
0 0.576458 0.854167 0.210417 0.256250
0 0.756146 0.827604 0.178125 0.286458
0 0.903125 0.798542 0.180417 0.290417
