0 0.218023 0.086364 0.436047 0.172727
0 0.563953 0.097727 0.255814 0.186364
0 0.543605 0.259091 0.226744 0.145455
0 0.218023 0.243182 0.424419 0.150000
0 0.229651 0.377273 0.389535 0.118182
0 0.526163 0.384091 0.215116 0.104545
0 0.886628 0.040909 0.226744 0.081818
0 0.828488 0.161364 0.343023 0.286364
0 0.819767 0.322727 0.360465 0.236364
0 0.636628 0.395455 0.052326 0.090909
0 0.822674 0.579545 0.343023 0.259091
0 0.351744 0.579545 0.563953 0.259091
0 0.046512 0.575000 0.081395 0.259091
0 0.816860 0.836364 0.354651 0.263636
0 0.363372 0.838636 0.540698 0.268182
0 0.061047 0.840909 0.110465 0.272727
0 0.831395 0.981818 0.325581 0.036364
0 0.375000 0.984091 0.529070 0.031818
0 0.052326 0.988636 0.104651 0.022727
