0 0.094925 0.078333 0.189850 0.150000
0 0.312970 0.071667 0.253759 0.136667
0 0.589286 0.056667 0.306391 0.113333
0 0.872180 0.050000 0.255639 0.100000
0 0.856203 0.310000 0.280075 0.433333
0 0.599624 0.285000 0.244361 0.390000
0 0.375940 0.291667 0.214286 0.356667
0 0.189850 0.300000 0.176692 0.333333
0 0.054511 0.296667 0.109023 0.293333
0 0.092105 0.586667 0.184211 0.300000
0 0.298872 0.631667 0.251880 0.343333
0 0.065789 0.846667 0.131579 0.300000
0 0.207707 0.866667 0.171053 0.260000
0 0.387218 0.888333 0.199248 0.216667
0 0.598684 0.911667 0.227444 0.176667
0 0.563910 0.666667 0.293233 0.386667
0 0.855263 0.718333 0.285714 0.430000
0 0.845865 0.940000 0.259398 0.120000
