0 0.468077 0.153587 0.296154 0.144934
0 0.127692 0.272562 0.226923 0.138444
0 0.413269 0.270399 0.344231 0.136281
0 0.626731 0.284460 0.086538 0.110323
0 0.159423 0.401813 0.294231 0.126547
0 0.444038 0.405058 0.290385 0.128710
0 0.625769 0.392619 0.084615 0.108160
0 0.140192 0.525655 0.225000 0.121139
0 0.426731 0.515921 0.375000 0.140607
0 0.613269 0.479688 0.040385 0.094099
0 0.207500 0.638141 0.271154 0.110323
0 0.487308 0.618132 0.300000 0.193606
0 0.179615 0.744679 0.230769 0.126547
0 0.462308 0.724669 0.330769 0.175218
0 0.241154 0.836073 0.257692 0.105996
0 0.504615 0.828502 0.265385 0.201177
0 0.179615 0.938284 0.203846 0.120057
0 0.414231 0.939366 0.323077 0.104915
0 0.595000 0.890153 0.042308 0.088691
0 0.066154 0.842844 0.115385 0.312062
0 0.744038 0.458597 0.213462 0.127628
0 0.923423 0.457839 0.149154 0.130440
0 0.741154 0.575409 0.211538 0.114649
0 0.916692 0.582980 0.162615 0.127628
0 0.731538 0.691680 0.192308 0.124383
0 0.912846 0.700485 0.170308 0.133339
0 0.736346 0.800922 0.198077 0.120057
0 0.922462 0.813360 0.151077 0.116812
0 0.717115 0.907999 0.190385 0.124383
0 0.902269 0.922623 0.191462 0.125508
