0 0.111000 0.197901 0.222000 0.266867
0 0.127000 0.047226 0.114000 0.043478
0 0.362000 0.086207 0.124000 0.031484
0 0.385000 0.067466 0.066000 0.020990
0 0.503000 0.079460 0.106000 0.041979
0 0.547000 0.082459 0.098000 0.041979
0 0.641000 0.090705 0.094000 0.022489
0 0.662000 0.014243 0.076000 0.025487
0 0.592000 0.014243 0.072000 0.025487
0 0.452000 0.015742 0.096000 0.028486
0 0.722000 0.062219 0.084000 0.037481
0 0.844000 0.086957 0.156000 0.065967
0 0.183000 0.014993 0.082000 0.029985
0 0.322000 0.014993 0.112000 0.026987
0 0.324000 0.209895 0.332000 0.329835
0 0.633000 0.205397 0.306000 0.332834
0 0.877000 0.246627 0.246000 0.256372
0 0.869000 0.467766 0.262000 0.188906
0 0.981000 0.493253 0.038000 0.131934
0 0.627000 0.467016 0.266000 0.202399
0 0.360000 0.478261 0.280000 0.206897
0 0.118000 0.458021 0.236000 0.259370
0 0.048000 0.656672 0.096000 0.062969
0 0.050000 0.715142 0.100000 0.059970
0 0.177000 0.715142 0.146000 0.077961
0 0.157000 0.653673 0.154000 0.062969
0 0.272000 0.712144 0.056000 0.056972
0 0.303000 0.653673 0.138000 0.068966
0 0.414000 0.646177 0.092000 0.056972
0 0.075000 0.869565 0.150000 0.236882
0 0.196000 0.868066 0.200000 0.248876
0 0.369000 0.817091 0.242000 0.362819
0 0.587000 0.920540 0.190000 0.110945
0 0.569000 0.739880 0.246000 0.253373
0 0.780000 0.744378 0.244000 0.250375
0 0.911000 0.743628 0.178000 0.251874
0 0.921000 0.919790 0.158000 0.103448
0 0.773000 0.919040 0.198000 0.101949
