0 0.150000 0.165680 0.300000 0.331361
0 0.458000 0.136095 0.384000 0.266272
0 0.825000 0.144970 0.350000 0.289941
0 0.824000 0.393491 0.352000 0.207101
0 0.966000 0.557692 0.068000 0.316568
0 0.154000 0.426036 0.308000 0.236686
0 0.463000 0.393491 0.362000 0.260355
0 0.810000 0.579882 0.340000 0.165680
0 0.454000 0.590237 0.316000 0.150888
0 0.157000 0.606509 0.314000 0.153846
0 0.195000 0.739645 0.298000 0.153846
0 0.473000 0.710059 0.294000 0.218935
0 0.789000 0.718935 0.310000 0.165680
0 0.253000 0.872781 0.278000 0.136095
0 0.516000 0.821006 0.268000 0.221893
0 0.790000 0.834320 0.280000 0.159763
0 0.278000 0.960059 0.256000 0.079882
0 0.523000 0.951183 0.250000 0.097633
0 0.816000 0.894970 0.284000 0.210059
