0 0.298175 0.275578 0.201774 0.282932
0 0.460219 0.269355 0.171503 0.261956
0 0.276439 0.517206 0.184083 0.240370
0 0.449668 0.509502 0.169129 0.218798
0 0.266677 0.733310 0.175464 0.250390
0 0.439962 0.706961 0.171482 0.237411
0 0.269606 0.908500 0.169231 0.176333
0 0.433677 0.909167 0.161914 0.175000
0 0.635460 0.116000 0.180488 0.210667
0 0.630488 0.319500 0.172420 0.212333
0 0.618574 0.510500 0.171107 0.224333
0 0.613227 0.712667 0.176923 0.188000
0 0.596154 0.853333 0.167167 0.272667
0 0.774203 0.897937 0.189681 0.184127
0 0.788218 0.716333 0.178536 0.199333
0 0.789400 0.528500 0.175422 0.206333
0 0.804221 0.332667 0.185178 0.224000
