0 0.014000 0.088757 0.028000 0.153846
0 0.077000 0.082840 0.106000 0.165680
0 0.193000 0.069527 0.130000 0.139053
0 0.355000 0.051775 0.194000 0.103550
0 0.012000 0.239645 0.024000 0.153846
0 0.076000 0.232249 0.104000 0.168639
0 0.193000 0.213018 0.134000 0.201183
0 0.355000 0.177515 0.194000 0.236686
0 0.066000 0.397929 0.132000 0.174556
0 0.169000 0.396450 0.082000 0.183432
0 0.261000 0.394970 0.110000 0.204142
0 0.405000 0.394970 0.178000 0.227811
0 0.065000 0.559172 0.130000 0.177515
0 0.165000 0.573964 0.082000 0.177515
0 0.263000 0.596154 0.122000 0.210059
0 0.407000 0.615385 0.166000 0.230769
0 0.063000 0.717456 0.126000 0.204142
0 0.198000 0.760355 0.144000 0.224852
0 0.362000 0.816568 0.188000 0.254438
0 0.062000 0.880178 0.124000 0.227811
0 0.192000 0.903846 0.144000 0.192308
0 0.055000 0.952663 0.110000 0.094675
0 0.145000 0.983728 0.070000 0.032544
0 0.359000 0.934911 0.190000 0.124260
0 0.520000 0.973373 0.136000 0.053254
0 0.573000 0.862426 0.242000 0.275148
0 0.844000 0.897929 0.312000 0.198225
0 0.561000 0.032544 0.218000 0.065089
0 0.567000 0.152367 0.234000 0.257396
0 0.585000 0.405325 0.190000 0.254438
0 0.583000 0.653846 0.194000 0.278107
0 0.801000 0.693787 0.242000 0.322485
0 0.789000 0.125740 0.238000 0.251479
0 0.839000 0.389053 0.322000 0.316568
0 0.956000 0.710059 0.084000 0.331361
0 0.954000 0.118343 0.092000 0.236686
