0 0.215196 0.114948 0.329897 0.225773
0 0.571897 0.103608 0.383505 0.205155
0 0.670351 0.315464 0.304124 0.294845
0 0.396124 0.329381 0.269072 0.269072
0 0.151794 0.342268 0.231959 0.251546
0 0.199216 0.608247 0.353608 0.284536
0 0.131175 0.860825 0.244330 0.272165
0 0.410557 0.871134 0.320619 0.253608
0 0.772412 0.844330 0.332990 0.307216
0 0.875505 0.816495 0.135052 0.315464
0 0.935979 0.581639 0.124041 0.255278
0 0.954536 0.842784 0.086928 0.304124
0 0.895258 0.355021 0.205485 0.226041
0 0.592000 0.607216 0.436082 0.305155
