0 0.889796 0.127334 0.187755 0.244482
0 0.868367 0.368421 0.185714 0.244482
0 0.868367 0.611205 0.189796 0.241087
0 0.865306 0.849745 0.183673 0.235993
0 0.682653 0.852292 0.189796 0.241087
0 0.684694 0.610357 0.189796 0.235993
0 0.682653 0.367572 0.189796 0.246180
0 0.696939 0.127334 0.197959 0.244482
0 0.506122 0.123090 0.183673 0.242784
0 0.489796 0.363328 0.191837 0.244482
0 0.493878 0.609508 0.187755 0.244482
0 0.488776 0.850594 0.185714 0.237691
0 0.310204 0.122241 0.200000 0.241087
0 0.305102 0.363328 0.185714 0.244482
0 0.302041 0.606961 0.187755 0.242784
0 0.301020 0.849745 0.189796 0.235993
0 0.115306 0.848896 0.181633 0.241087
0 0.114286 0.606961 0.183673 0.239389
0 0.120408 0.365025 0.179592 0.241087
0 0.117347 0.124788 0.185714 0.239389
