0 0.248000 0.082000 0.060000 0.044000
0 0.173000 0.050000 0.090000 0.096000
0 0.068000 0.051000 0.136000 0.102000
0 0.454000 0.052000 0.360000 0.104000
0 0.670000 0.044000 0.084000 0.084000
0 0.786000 0.079000 0.140000 0.102000
0 0.926000 0.068000 0.148000 0.136000
0 0.037000 0.185000 0.074000 0.162000
0 0.177000 0.180000 0.226000 0.172000
0 0.393000 0.164000 0.214000 0.184000
0 0.673000 0.170000 0.354000 0.172000
0 0.912000 0.204000 0.172000 0.160000
0 0.142000 0.348000 0.284000 0.164000
0 0.465000 0.338000 0.338000 0.168000
0 0.729000 0.331000 0.190000 0.154000
0 0.905000 0.359000 0.190000 0.170000
0 0.910000 0.498000 0.180000 0.140000
0 0.909000 0.638000 0.178000 0.152000
0 0.056000 0.510000 0.112000 0.156000
0 0.205000 0.499000 0.206000 0.158000
0 0.407000 0.494000 0.202000 0.152000
0 0.672000 0.486000 0.328000 0.160000
0 0.165000 0.652000 0.330000 0.180000
0 0.499000 0.637000 0.314000 0.158000
0 0.744000 0.629000 0.180000 0.130000
0 0.072000 0.809000 0.144000 0.154000
0 0.237000 0.778000 0.190000 0.156000
0 0.432000 0.771000 0.176000 0.134000
0 0.675000 0.770000 0.310000 0.156000
0 0.911000 0.771000 0.178000 0.138000
0 0.015000 0.942000 0.030000 0.112000
0 0.189000 0.916000 0.334000 0.164000
0 0.601000 0.962000 0.478000 0.076000
0 0.754000 0.884000 0.152000 0.140000
0 0.914000 0.882000 0.172000 0.140000
0 0.911000 0.965000 0.166000 0.070000
0 0.528000 0.909000 0.316000 0.182000
