0 0.325000 0.118000 0.170000 0.108000
0 0.329000 0.219000 0.162000 0.098000
0 0.363000 0.315000 0.110000 0.094000
0 0.362000 0.406000 0.108000 0.092000
0 0.253000 0.314000 0.110000 0.096000
0 0.253000 0.406000 0.110000 0.092000
0 0.193000 0.216000 0.118000 0.104000
0 0.183000 0.113000 0.122000 0.106000
0 0.064000 0.113000 0.128000 0.110000
0 0.071000 0.218000 0.130000 0.100000
0 0.107000 0.315000 0.178000 0.098000
0 0.113000 0.409000 0.174000 0.098000
0 0.336000 0.496000 0.160000 0.088000
0 0.200000 0.496000 0.112000 0.092000
0 0.085000 0.502000 0.122000 0.096000
0 0.338000 0.585000 0.156000 0.086000
0 0.205000 0.588000 0.110000 0.092000
0 0.092000 0.592000 0.120000 0.096000
0 0.122000 0.679000 0.168000 0.094000
0 0.123000 0.765000 0.166000 0.090000
0 0.259000 0.674000 0.106000 0.092000
0 0.365000 0.671000 0.106000 0.086000
0 0.366000 0.754000 0.108000 0.088000
0 0.261000 0.759000 0.106000 0.094000
0 0.338000 0.837000 0.156000 0.090000
0 0.341000 0.921000 0.154000 0.094000
0 0.208000 0.847000 0.112000 0.086000
0 0.209000 0.930000 0.110000 0.088000
0 0.099000 0.850000 0.110000 0.088000
0 0.103000 0.934000 0.110000 0.092000
0 0.025000 0.863000 0.050000 0.094000
0 0.026000 0.941000 0.052000 0.102000
0 0.022000 0.772000 0.044000 0.096000
0 0.021000 0.679000 0.042000 0.102000
0 0.019000 0.592000 0.038000 0.100000
0 0.016000 0.504000 0.032000 0.096000
0 0.541000 0.401000 0.158000 0.090000
0 0.669000 0.398000 0.102000 0.088000
0 0.766000 0.398000 0.100000 0.088000
0 0.770000 0.312000 0.100000 0.084000
0 0.671000 0.313000 0.102000 0.086000
0 0.539000 0.314000 0.166000 0.088000
0 0.745000 0.223000 0.150000 0.094000
0 0.748000 0.131000 0.148000 0.098000
0 0.622000 0.128000 0.104000 0.096000
0 0.511000 0.134000 0.118000 0.112000
0 0.511000 0.232000 0.114000 0.108000
0 0.619000 0.223000 0.102000 0.094000
0 0.515000 0.488000 0.110000 0.092000
0 0.621000 0.486000 0.102000 0.088000
0 0.741000 0.481000 0.142000 0.090000
0 0.738000 0.567000 0.144000 0.082000
0 0.617000 0.569000 0.098000 0.086000
0 0.515000 0.570000 0.110000 0.092000
0 0.760000 0.647000 0.096000 0.082000
0 0.664000 0.653000 0.096000 0.086000
0 0.539000 0.650000 0.158000 0.096000
0 0.759000 0.728000 0.098000 0.080000
0 0.665000 0.732000 0.094000 0.076000
0 0.539000 0.731000 0.158000 0.098000
0 0.732000 0.809000 0.144000 0.086000
0 0.613000 0.813000 0.094000 0.086000
0 0.512000 0.804000 0.108000 0.108000
0 0.610000 0.895000 0.096000 0.082000
0 0.509000 0.884000 0.106000 0.112000
0 0.729000 0.890000 0.142000 0.080000
0 0.854000 0.804000 0.100000 0.084000
0 0.851000 0.880000 0.106000 0.084000
0 0.946000 0.879000 0.088000 0.082000
0 0.878000 0.723000 0.148000 0.082000
0 0.883000 0.642000 0.150000 0.084000
0 0.860000 0.562000 0.108000 0.080000
0 0.863000 0.479000 0.106000 0.086000
0 0.957000 0.477000 0.086000 0.086000
0 0.955000 0.559000 0.090000 0.082000
0 0.948000 0.799000 0.088000 0.082000
0 0.993000 0.878000 0.014000 0.080000
0 0.996000 0.797000 0.008000 0.082000
0 0.974000 0.719000 0.048000 0.078000
0 0.978000 0.641000 0.044000 0.082000
0 0.892000 0.396000 0.156000 0.084000
0 0.895000 0.310000 0.154000 0.088000
0 0.876000 0.221000 0.112000 0.094000
0 0.964000 0.220000 0.068000 0.092000
0 0.985000 0.311000 0.030000 0.090000
0 0.983000 0.395000 0.030000 0.078000
0 0.875000 0.129000 0.110000 0.098000
0 0.963000 0.128000 0.070000 0.092000
