0 0.825000 0.101852 0.254000 0.203704
0 0.821000 0.316138 0.254000 0.224868
0 0.812000 0.531746 0.256000 0.227513
0 0.807000 0.731481 0.254000 0.219577
0 0.564000 0.251323 0.260000 0.232804
0 0.567000 0.470899 0.250000 0.232804
0 0.565000 0.686508 0.238000 0.230159
0 0.346000 0.492063 0.192000 0.195767
0 0.351000 0.678571 0.190000 0.193122
0 0.169000 0.253968 0.226000 0.201058
0 0.170000 0.448413 0.212000 0.214286
0 0.162000 0.640212 0.192000 0.201058
0 0.167000 0.783069 0.182000 0.121693
0 0.353000 0.800265 0.186000 0.082011
0 0.563000 0.808201 0.234000 0.066138
