0 0.043244 0.136853 0.086487 0.270386
0 0.164196 0.146152 0.203538 0.291845
0 0.324490 0.161888 0.222396 0.323319
0 0.499090 0.180486 0.242554 0.357654
0 0.691898 0.191216 0.244505 0.381974
0 0.892011 0.212561 0.212947 0.425122
0 0.042268 0.383634 0.084536 0.251788
0 0.153466 0.407954 0.156067 0.286123
0 0.305957 0.434421 0.165821 0.290415
0 0.477956 0.473763 0.192483 0.309013
0 0.676941 0.523834 0.210691 0.337625
0 0.889583 0.568898 0.217193 0.353362
0 0.049096 0.607525 0.096892 0.250358
0 0.161594 0.636137 0.156717 0.270386
0 0.313760 0.686209 0.164521 0.281831
0 0.478931 0.739142 0.178827 0.316166
0 0.672064 0.796366 0.207439 0.327611
0 0.886006 0.837854 0.224346 0.313305
