0 0.127000 0.050667 0.254000 0.101333
0 0.382000 0.049333 0.264000 0.098667
0 0.643000 0.030667 0.258000 0.056000
0 0.866000 0.025333 0.192000 0.050667
0 0.980000 0.026667 0.040000 0.053333
0 0.129000 0.262667 0.258000 0.349333
0 0.388000 0.254667 0.336000 0.344000
0 0.664000 0.216000 0.320000 0.336000
0 0.892000 0.060000 0.216000 0.018667
0 0.892000 0.205333 0.216000 0.282667
0 0.139000 0.568000 0.278000 0.336000
0 0.421000 0.530667 0.286000 0.293333
0 0.691000 0.484000 0.258000 0.269333
0 0.902000 0.469333 0.196000 0.245333
0 0.148000 0.836000 0.296000 0.328000
0 0.425000 0.778667 0.262000 0.277333
0 0.415000 0.928000 0.246000 0.144000
0 0.146000 0.974667 0.284000 0.050667
0 0.679000 0.721333 0.254000 0.258667
0 0.654000 0.909333 0.236000 0.181333
0 0.895000 0.685333 0.210000 0.256000
0 0.880000 0.894667 0.240000 0.210667
