0 0.207000 0.062430 0.142000 0.124859
0 0.393000 0.056805 0.222000 0.113611
0 0.573000 0.051181 0.142000 0.102362
0 0.775000 0.048931 0.258000 0.097863
0 0.243000 0.189539 0.206000 0.156355
0 0.421000 0.177165 0.154000 0.151856
0 0.607000 0.168729 0.210000 0.159730
0 0.811000 0.157480 0.186000 0.159730
0 0.913000 0.192913 0.034000 0.133858
0 0.785000 0.313273 0.258000 0.154106
0 0.914000 0.334646 0.028000 0.127109
0 0.575000 0.315523 0.142000 0.145107
0 0.395000 0.320585 0.214000 0.141732
0 0.228000 0.315523 0.132000 0.109111
0 0.119000 0.332396 0.102000 0.068616
0 0.042000 0.346457 0.052000 0.044994
0 0.126000 0.268841 0.072000 0.062992
0 0.048000 0.458943 0.096000 0.186727
0 0.241000 0.461755 0.306000 0.190101
0 0.436000 0.459505 0.088000 0.160855
0 0.599000 0.458943 0.206000 0.143982
0 0.804000 0.460630 0.180000 0.145107
0 0.769000 0.603487 0.250000 0.156355
0 0.901000 0.570866 0.030000 0.106862
0 0.912000 0.458380 0.016000 0.111361
0 0.930000 0.473566 0.024000 0.053993
0 0.970000 0.473003 0.056000 0.055118
0 0.923000 0.529246 0.018000 0.055118
0 0.966000 0.529809 0.064000 0.056243
0 0.959000 0.586052 0.082000 0.056243
0 0.969000 0.641732 0.062000 0.055118
0 0.926000 0.640607 0.012000 0.052868
0 0.959000 0.691789 0.078000 0.042745
0 0.566000 0.600112 0.144000 0.140607
0 0.455000 0.606299 0.054000 0.150731
0 0.395000 0.623172 0.066000 0.170979
0 0.197000 0.645107 0.330000 0.194601
0 0.281000 0.812711 0.286000 0.223847
0 0.462000 0.757593 0.080000 0.181102
0 0.607000 0.739033 0.210000 0.146232
0 0.806000 0.744094 0.180000 0.151856
0 0.546000 0.840270 0.208000 0.069741
0 0.749000 0.838020 0.250000 0.051744
0 0.725000 0.881890 0.274000 0.067492
0 0.679000 0.946569 0.326000 0.104612
0 0.448000 0.929696 0.272000 0.138358
0 0.019000 0.638358 0.038000 0.169854
0 0.070000 0.818335 0.140000 0.181102
0 0.190000 0.952193 0.236000 0.093363
0 0.036000 0.948256 0.072000 0.101237
