0 0.103183 0.118576 0.202199 0.237153
0 0.361256 0.119423 0.360243 0.233290
0 0.734520 0.121050 0.386285 0.234375
0 0.187645 0.374957 0.374711 0.279948
0 0.638310 0.382010 0.523727 0.291884
0 0.934578 0.395313 0.126678 0.368750
0 0.123843 0.615299 0.247685 0.239800
0 0.398148 0.628863 0.318287 0.260417
0 0.722946 0.650564 0.360243 0.262587
0 0.930237 0.733160 0.135359 0.314931
0 0.195602 0.844792 0.384838 0.234375
0 0.618056 0.876259 0.468750 0.240885
0 0.911024 0.890365 0.172164 0.214844
0 0.207176 0.961762 0.410880 0.073351
0 0.569126 0.978038 0.315914 0.040799
