0 0.059000 0.035000 0.118000 0.070000
0 0.178000 0.031000 0.132000 0.062000
0 0.312000 0.027000 0.136000 0.054000
0 0.454000 0.021000 0.152000 0.042000
0 0.026000 0.198000 0.052000 0.260000
0 0.156000 0.191000 0.236000 0.278000
0 0.398000 0.165000 0.256000 0.266000
0 0.065000 0.475000 0.130000 0.290000
0 0.295000 0.491000 0.350000 0.398000
0 0.066000 0.807000 0.132000 0.386000
0 0.021000 0.851000 0.042000 0.298000
0 0.280000 0.838000 0.372000 0.324000
0 0.657000 0.844000 0.402000 0.308000
0 0.921000 0.858000 0.158000 0.284000
0 0.982000 0.883000 0.036000 0.230000
0 0.667000 0.498000 0.398000 0.436000
0 0.919000 0.495000 0.158000 0.446000
0 0.608000 0.015000 0.160000 0.030000
0 0.775000 0.010000 0.170000 0.020000
0 0.928000 0.006000 0.140000 0.008000
0 0.667000 0.151000 0.282000 0.274000
0 0.898000 0.143000 0.204000 0.278000
