0 0.744000 0.513473 0.360000 0.194611
0 0.860000 0.457335 0.264000 0.151198
0 0.734000 0.678144 0.348000 0.170659
0 0.777000 0.781437 0.322000 0.239521
0 0.753000 0.909431 0.314000 0.181138
0 0.421000 0.945359 0.346000 0.109281
0 0.404000 0.862275 0.372000 0.149701
0 0.374000 0.739521 0.324000 0.158683
0 0.404000 0.633982 0.340000 0.136228
0 0.404000 0.497754 0.412000 0.157186
0 0.404000 0.375749 0.420000 0.140719
0 0.407000 0.262725 0.434000 0.094311
0 0.679000 0.262725 0.114000 0.091317
0 0.671000 0.359281 0.114000 0.113772
0 0.102000 0.377246 0.204000 0.113772
0 0.106000 0.498503 0.208000 0.128743
0 0.136000 0.616766 0.204000 0.116766
0 0.178000 0.731287 0.080000 0.118263
0 0.196000 0.843563 0.060000 0.106287
0 0.071000 0.682635 0.142000 0.212575
0 0.087000 0.842066 0.174000 0.229042
0 0.129000 0.934880 0.126000 0.130240
0 0.102000 0.258234 0.204000 0.121257
0 0.031000 0.126497 0.062000 0.136228
