0 0.895161 0.381818 0.209677 0.236364
0 0.645161 0.379545 0.306452 0.240909
0 0.322581 0.377273 0.322581 0.245455
0 0.084677 0.377273 0.169355 0.245455
0 0.959677 0.602273 0.080645 0.204545
0 0.774194 0.600000 0.306452 0.200000
0 0.479839 0.604545 0.298387 0.209091
0 0.165323 0.602273 0.314516 0.204545
0 0.895161 0.815909 0.209677 0.231818
0 0.649194 0.815909 0.330645 0.222727
0 0.314516 0.820455 0.322581 0.222727
0 0.084677 0.822727 0.169355 0.227273
0 0.685484 0.143182 0.258065 0.195455
0 0.439516 0.136364 0.250000 0.200000
0 0.177419 0.134091 0.258065 0.195455
