0 0.837000 0.188247 0.286000 0.197211
0 0.830000 0.372510 0.276000 0.175299
0 0.822000 0.573705 0.312000 0.310757
0 0.820000 0.808765 0.304000 0.322709
0 0.589000 0.115538 0.294000 0.195219
0 0.549000 0.328685 0.278000 0.243028
0 0.542000 0.563745 0.256000 0.247012
0 0.546000 0.775896 0.244000 0.260956
0 0.208000 0.320717 0.316000 0.258964
0 0.201000 0.565737 0.306000 0.258964
0 0.205000 0.788845 0.294000 0.282869
0 0.388000 0.738048 0.072000 0.189243
0 0.381000 0.543825 0.070000 0.211155
0 0.382000 0.330677 0.076000 0.223108
