0 0.113000 0.169854 0.226000 0.339708
0 0.457000 0.167042 0.454000 0.334083
0 0.810000 0.171541 0.380000 0.309336
0 0.963000 0.216535 0.070000 0.199100
0 0.880000 0.432508 0.240000 0.235096
0 0.602000 0.451069 0.468000 0.267717
0 0.187000 0.480877 0.374000 0.293588
0 0.137000 0.721597 0.274000 0.246344
0 0.441000 0.677165 0.330000 0.224972
0 0.729000 0.646232 0.322000 0.205849
0 0.915000 0.616423 0.170000 0.182227
0 0.896000 0.750844 0.208000 0.145107
0 0.698000 0.783465 0.272000 0.151856
0 0.464000 0.822835 0.268000 0.167604
0 0.167000 0.884702 0.330000 0.203600
0 0.208000 0.953318 0.304000 0.093363
0 0.470000 0.926884 0.256000 0.146232
0 0.683000 0.894826 0.230000 0.154106
0 0.868000 0.847019 0.220000 0.134983
