0 0.735000 0.378667 0.274000 0.208000
0 0.750000 0.256000 0.284000 0.197333
0 0.503000 0.277333 0.222000 0.170667
0 0.499000 0.389333 0.214000 0.160000
0 0.727000 0.497333 0.266000 0.200000
0 0.718000 0.601333 0.260000 0.200000
0 0.701000 0.706667 0.242000 0.176000
0 0.690000 0.790667 0.232000 0.173333
0 0.682000 0.869333 0.220000 0.165333
0 0.657000 0.929333 0.178000 0.136000
0 0.628000 0.968000 0.140000 0.064000
0 0.482000 0.937333 0.152000 0.120000
0 0.486000 0.877333 0.156000 0.122667
0 0.493000 0.818667 0.166000 0.128000
0 0.490000 0.746667 0.176000 0.122667
0 0.493000 0.673333 0.186000 0.152000
0 0.495000 0.581333 0.190000 0.144000
0 0.496000 0.494667 0.204000 0.130667
0 0.532000 0.140000 0.224000 0.152000
0 0.340000 0.117333 0.164000 0.133333
0 0.317000 0.246667 0.210000 0.157333
0 0.307000 0.358667 0.174000 0.136000
0 0.313000 0.453333 0.170000 0.144000
0 0.771000 0.100000 0.278000 0.168000
0 0.911000 0.065333 0.030000 0.130667
0 0.319000 0.544000 0.166000 0.133333
0 0.326000 0.622667 0.152000 0.125333
0 0.334000 0.692000 0.152000 0.141333
0 0.334000 0.765333 0.152000 0.128000
0 0.339000 0.830667 0.154000 0.114667
0 0.340000 0.888000 0.140000 0.106667
0 0.225000 0.833333 0.122000 0.114667
0 0.213000 0.780000 0.118000 0.109333
0 0.202000 0.714667 0.120000 0.117333
0 0.201000 0.650667 0.134000 0.106667
0 0.188000 0.573333 0.136000 0.122667
0 0.179000 0.504000 0.142000 0.112000
0 0.164000 0.420000 0.140000 0.114667
0 0.159000 0.329333 0.150000 0.104000
0 0.160000 0.229333 0.176000 0.133333
0 0.529000 0.038667 0.222000 0.072000
0 0.341000 0.036000 0.166000 0.066667
0 0.157000 0.037333 0.202000 0.069333
0 0.190000 0.121333 0.156000 0.109333
0 0.067000 0.108000 0.106000 0.098667
0 0.041000 0.244000 0.082000 0.146667
0 0.048000 0.353333 0.096000 0.146667
0 0.054000 0.452000 0.108000 0.168000
0 0.060000 0.540000 0.120000 0.173333
0 0.065000 0.617333 0.130000 0.200000
0 0.071000 0.694667 0.142000 0.200000
0 0.075000 0.756000 0.150000 0.189333
0 0.083000 0.820000 0.166000 0.200000
0 0.088000 0.877333 0.176000 0.186667
0 0.946000 0.349333 0.108000 0.074667
0 0.940000 0.404000 0.116000 0.077333
0 0.937000 0.461333 0.122000 0.069333
0 0.927000 0.508000 0.122000 0.072000
0 0.989000 0.521333 0.022000 0.056000
0 0.951000 0.286667 0.098000 0.077333
0 0.955000 0.222667 0.090000 0.072000
0 0.958000 0.161333 0.084000 0.077333
0 0.778989 0.021631 0.283511 0.040426
