0 0.606000 0.406000 0.196000 0.168000
0 0.794000 0.409000 0.208000 0.174000
0 0.398000 0.399000 0.216000 0.170000
0 0.497000 0.525000 0.250000 0.234000
0 0.743000 0.571000 0.254000 0.158000
0 0.588000 0.707000 0.176000 0.134000
0 0.757000 0.714000 0.186000 0.132000
0 0.405000 0.706000 0.182000 0.132000
0 0.492000 0.774000 0.224000 0.240000
0 0.713000 0.835000 0.230000 0.122000
0 0.273000 0.835000 0.226000 0.122000
0 0.223000 0.707000 0.186000 0.134000
0 0.238000 0.564000 0.260000 0.160000
0 0.503000 0.199000 0.286000 0.238000
0 0.778000 0.208000 0.292000 0.248000
0 0.197000 0.397000 0.210000 0.174000
0 0.219000 0.198000 0.306000 0.228000
0 0.191000 0.025000 0.130000 0.050000
0 0.324000 0.030000 0.144000 0.056000
0 0.459000 0.031000 0.126000 0.054000
0 0.575000 0.029000 0.110000 0.058000
0 0.906000 0.448000 0.072000 0.100000
0 0.918000 0.354000 0.076000 0.092000
0 0.895000 0.535000 0.062000 0.086000
0 0.945000 0.231000 0.082000 0.158000
