0 0.561433 0.436364 0.249147 0.336364
0 0.813993 0.456818 0.283276 0.350000
0 0.784983 0.729545 0.252560 0.240909
0 0.761092 0.902273 0.218430 0.186364
0 0.556314 0.693182 0.204778 0.231818
0 0.554608 0.822727 0.187713 0.090909
0 0.563140 0.900000 0.245734 0.200000
0 0.078498 0.125000 0.156997 0.240909
0 0.223549 0.127273 0.194539 0.236364
0 0.424915 0.129545 0.242321 0.250000
0 0.568259 0.136364 0.160410 0.254545
0 0.728669 0.134091 0.174061 0.250000
0 0.711604 0.268182 0.146758 0.018182
0 0.895904 0.140909 0.201365 0.281818
0 0.406143 0.356818 0.156997 0.204545
0 0.249147 0.345455 0.184300 0.200000
0 0.095563 0.340909 0.184300 0.190909
0 0.395904 0.543182 0.109215 0.186364
0 0.407850 0.711364 0.098976 0.168182
0 0.271331 0.529545 0.167235 0.186364
0 0.290102 0.690909 0.150171 0.154545
0 0.160410 0.672727 0.150171 0.154545
0 0.127986 0.520455 0.167235 0.177273
0 0.022184 0.659091 0.044369 0.190909
