0 0.792000 0.204648 0.312000 0.145427
0 0.793000 0.350825 0.314000 0.146927
0 0.805000 0.497751 0.314000 0.146927
0 0.803000 0.645427 0.318000 0.148426
0 0.804000 0.797601 0.316000 0.149925
0 0.487000 0.794603 0.314000 0.149925
0 0.489000 0.644678 0.310000 0.149925
0 0.492000 0.497751 0.304000 0.143928
0 0.483000 0.351574 0.306000 0.145427
0 0.481000 0.205397 0.306000 0.143928
0 0.176000 0.213643 0.304000 0.145427
0 0.176000 0.356822 0.304000 0.146927
0 0.186000 0.500750 0.304000 0.146927
0 0.178000 0.646177 0.312000 0.149925
0 0.176000 0.795352 0.308000 0.148426
