0 0.858000 0.834328 0.284000 0.328358
0 0.604000 0.829851 0.384000 0.340299
0 0.251000 0.858955 0.370000 0.282090
0 0.835000 0.555970 0.330000 0.249254
0 0.560000 0.535821 0.340000 0.262687
0 0.255000 0.590299 0.326000 0.285075
0 0.900000 0.299254 0.200000 0.264179
0 0.860000 0.172388 0.280000 0.234328
0 0.725000 0.361194 0.330000 0.238806
0 0.478000 0.325373 0.284000 0.185075
0 0.241000 0.361940 0.270000 0.204478
0 0.612000 0.185821 0.280000 0.177612
0 0.411000 0.173134 0.250000 0.146269
0 0.217000 0.193284 0.234000 0.156716
0 0.682000 0.092537 0.204000 0.185075
0 0.505000 0.054478 0.186000 0.108955
0 0.285000 0.060448 0.266000 0.120896
