0 0.238137 0.105159 0.461834 0.205982
0 0.586545 0.074262 0.244739 0.139851
0 0.852925 0.070343 0.289646 0.134680
0 0.176749 0.337160 0.348815 0.273197
0 0.517839 0.331740 0.460207 0.325235
0 0.587765 0.176169 0.235795 0.068299
0 0.850079 0.244485 0.295338 0.254735
0 0.867560 0.459459 0.260375 0.210210
0 0.146258 0.583797 0.287833 0.261272
0 0.512554 0.598432 0.454516 0.314394
0 0.163740 0.807125 0.251244 0.250431
0 0.480437 0.844527 0.395161 0.303553
0 0.840322 0.688956 0.314852 0.319814
0 0.812583 0.880303 0.319543 0.232001
0 0.157235 0.926920 0.261001 0.138767
0 0.430026 0.958901 0.286207 0.068299
0 0.651242 0.965753 0.165984 0.062488
0 0.953341 0.897898 0.088814 0.198198
