0 0.083030 0.052561 0.158788 0.104136
0 0.083636 0.168542 0.161212 0.167308
0 0.096667 0.326226 0.187273 0.161879
0 0.095455 0.481443 0.183636 0.162373
0 0.100606 0.633699 0.192727 0.154970
0 0.102727 0.783733 0.196970 0.157931
0 0.102515 0.916716 0.201030 0.163311
0 0.388182 0.853321 0.382424 0.199388
0 0.317576 0.720807 0.260606 0.154476
0 0.569394 0.722535 0.244242 0.158918
0 0.334848 0.974460 0.234545 0.047824
0 0.579394 0.964367 0.229091 0.066134
0 0.761515 0.859737 0.361818 0.177672
0 0.821212 0.961159 0.240000 0.072550
0 0.812539 0.720482 0.245390 0.156514
0 0.749064 0.563680 0.375177 0.162866
0 0.369986 0.565701 0.385816 0.159979
0 0.307929 0.406877 0.251773 0.164599
0 0.550128 0.411498 0.243972 0.162289
0 0.794721 0.409554 0.259238 0.163822
0 0.727566 0.260777 0.371261 0.186270
0 0.342815 0.253136 0.392375 0.184359
0 0.287977 0.083105 0.248680 0.166210
0 0.537537 0.089791 0.251613 0.165255
0 0.785337 0.093851 0.258065 0.157135
0 0.953131 0.104286 0.089738 0.171451
0 0.953274 0.256828 0.089453 0.162866
0 0.960681 0.416465 0.074638 0.155405
0 0.968658 0.570736 0.058684 0.154500
