0 0.025625 0.227167 0.051250 0.140333
0 0.085125 0.221000 0.081250 0.150000
0 0.160500 0.203333 0.088500 0.158667
0 0.249125 0.189833 0.102750 0.175000
0 0.031750 0.362667 0.063000 0.132000
0 0.094000 0.364833 0.080500 0.140333
0 0.172375 0.358000 0.088750 0.150000
0 0.260375 0.356333 0.098250 0.160000
0 0.037375 0.490667 0.068750 0.129333
0 0.104750 0.499500 0.081000 0.137000
0 0.179375 0.500833 0.083250 0.149000
0 0.266625 0.513833 0.098250 0.163667
0 0.011625 0.604333 0.022250 0.116667
0 0.048250 0.613333 0.065500 0.132000
0 0.112500 0.629167 0.075000 0.147667
0 0.184375 0.645167 0.084250 0.160333
0 0.266875 0.661667 0.091250 0.170000
0 0.363750 0.687667 0.108500 0.177333
0 0.368625 0.534667 0.113250 0.175333
0 0.365375 0.367500 0.113250 0.172333
0 0.357250 0.185500 0.115500 0.189667
0 0.479000 0.169500 0.136500 0.212333
0 0.483375 0.364500 0.133250 0.191667
0 0.485000 0.550667 0.123500 0.186667
0 0.486375 0.719167 0.124250 0.194333
0 0.625375 0.756167 0.151250 0.217000
0 0.625250 0.569000 0.153000 0.212667
0 0.629250 0.367333 0.156000 0.208667
0 0.627000 0.149667 0.159500 0.232667
0 0.808875 0.129167 0.205750 0.258333
0 0.804625 0.368167 0.199250 0.235000
0 0.797000 0.593500 0.190000 0.231667
0 0.789125 0.798500 0.181750 0.239000
0 0.938375 0.836833 0.119250 0.246333
0 0.943375 0.612333 0.109250 0.242000
0 0.946500 0.370667 0.103000 0.250667
0 0.950750 0.123000 0.094500 0.246000
