0 0.246753 0.106122 0.246753 0.183673
0 0.496753 0.112245 0.259740 0.183673
0 0.738636 0.115306 0.250000 0.189796
0 0.275974 0.285714 0.396104 0.175510
0 0.663961 0.292857 0.386364 0.181633
0 0.259740 0.454082 0.240260 0.161224
0 0.493506 0.456122 0.246753 0.165306
0 0.720779 0.459184 0.240260 0.155102
0 0.298701 0.581633 0.370130 0.208163
0 0.663961 0.609184 0.366883 0.169388
0 0.251623 0.757143 0.237013 0.142857
0 0.293831 0.862245 0.353896 0.181633
0 0.509740 0.759184 0.227273 0.146939
0 0.644481 0.889796 0.353896 0.122449
0 0.722403 0.759184 0.217532 0.134694
0 0.887987 0.916327 0.107143 0.163265
0 0.922078 0.824490 0.155844 0.265306
0 0.957792 0.647959 0.084416 0.226531
0 0.982143 0.493878 0.035714 0.142857
0 0.878247 0.080612 0.042208 0.034694
0 0.925325 0.067347 0.058442 0.044898
0 0.977273 0.056122 0.045455 0.051020
