0 0.697768 0.053365 0.494203 0.103209
0 0.325304 0.191882 0.407246 0.219455
0 0.750667 0.191339 0.440580 0.227060
0 0.318058 0.396671 0.389855 0.205332
0 0.722406 0.407535 0.442029 0.227060
0 0.295594 0.593855 0.371014 0.210764
0 0.707913 0.605806 0.450725 0.228147
0 0.315884 0.802447 0.379710 0.215110
0 0.732551 0.787780 0.450725 0.259653
0 0.330377 0.948026 0.379710 0.099950
0 0.752841 0.914890 0.465217 0.161876
0 0.949217 0.791582 0.089855 0.406319
0 0.049971 0.097864 0.099942 0.053147
0 0.165159 0.095192 0.165217 0.049975
0 0.312261 0.073463 0.152174 0.023901
0 0.341246 0.039241 0.218841 0.074963
0 0.074580 0.225561 0.137681 0.202073
0 0.068783 0.482498 0.128986 0.359603
