0 0.123179 0.185908 0.246358 0.276423
0 0.374000 0.179946 0.300813 0.290515
0 0.676439 0.170190 0.315447 0.301355
0 0.134569 0.447154 0.269106 0.248238
0 0.387415 0.452575 0.282114 0.254743
0 0.671967 0.454743 0.296748 0.265583
0 0.157740 0.679675 0.245528 0.214634
0 0.399203 0.688889 0.258537 0.230894
0 0.666276 0.699729 0.278862 0.241734
0 0.187821 0.885637 0.234146 0.214634
0 0.409366 0.891057 0.247967 0.212466
0 0.661805 0.899729 0.271545 0.192954
0 0.037407 0.750667 0.074813 0.381333
0 0.040252 0.930938 0.080504 0.127458
0 0.871154 0.448780 0.127642 0.251491
0 0.850016 0.598374 0.093496 0.054201
