0 0.118309 0.142005 0.145528 0.284011
0 0.237821 0.145257 0.126016 0.284011
0 0.345951 0.144715 0.106504 0.276423
0 0.447171 0.147967 0.094309 0.267751
0 0.533350 0.151762 0.092683 0.255827
0 0.616683 0.152846 0.098374 0.249322
0 0.693106 0.158266 0.095122 0.231978
0 0.763837 0.158266 0.088618 0.225474
0 0.827252 0.158266 0.085366 0.216802
0 0.916683 0.164228 0.140650 0.207046
0 0.191480 0.408672 0.228455 0.249322
0 0.392293 0.397290 0.189431 0.230894
0 0.562618 0.386450 0.164228 0.213550
0 0.707740 0.377778 0.156911 0.202710
0 0.827252 0.365312 0.127642 0.192954
0 0.941480 0.389160 0.112195 0.247154
0 0.139447 0.722493 0.153659 0.397832
0 0.263024 0.703523 0.132520 0.381572
0 0.366683 0.686179 0.144715 0.364228
0 0.509366 0.664499 0.241463 0.359892
0 0.669122 0.633062 0.239024 0.323035
0 0.807740 0.601626 0.226829 0.290515
0 0.911610 0.576152 0.172780 0.276423
0 0.203065 0.934981 0.241870 0.124705
0 0.417496 0.909507 0.187805 0.175653
0 0.590033 0.886201 0.176065 0.222266
0 0.737415 0.850949 0.162602 0.229810
0 0.869935 0.809756 0.146341 0.208130
0 0.953073 0.775436 0.089854 0.174873
