0 0.812000 0.149333 0.372000 0.298667
0 0.808000 0.458667 0.364000 0.346667
0 0.984000 0.678667 0.032000 0.237333
0 0.890000 0.749333 0.196000 0.304000
0 0.709000 0.769333 0.182000 0.290667
0 0.873000 0.941333 0.134000 0.117333
0 0.721000 0.948000 0.206000 0.104000
0 0.426000 0.153333 0.396000 0.306667
0 0.434000 0.478667 0.380000 0.360000
0 0.514000 0.789333 0.196000 0.304000
0 0.521000 0.962667 0.206000 0.074667
0 0.311000 0.974667 0.206000 0.050667
0 0.109000 0.988000 0.198000 0.024000
0 0.311000 0.804000 0.222000 0.317333
0 0.111000 0.805333 0.222000 0.378667
0 0.131000 0.492000 0.258000 0.344000
0 0.124000 0.161333 0.248000 0.322667
