0 0.928000 0.353000 0.144000 0.194000
0 0.516000 0.099000 0.140000 0.162000
0 0.843000 0.349000 0.142000 0.190000
0 0.759000 0.348000 0.134000 0.192000
0 0.673000 0.350000 0.106000 0.188000
0 0.590000 0.347000 0.088000 0.186000
0 0.499000 0.348000 0.090000 0.184000
0 0.418000 0.345000 0.112000 0.178000
0 0.335000 0.342000 0.122000 0.176000
0 0.258000 0.340000 0.148000 0.184000
0 0.182000 0.333000 0.160000 0.178000
0 0.125000 0.520000 0.146000 0.192000
0 0.213000 0.522000 0.150000 0.196000
0 0.326000 0.527000 0.124000 0.190000
0 0.420000 0.529000 0.108000 0.194000
0 0.516000 0.533000 0.100000 0.194000
0 0.593000 0.505000 0.062000 0.130000
0 0.667000 0.506000 0.094000 0.128000
0 0.764000 0.510000 0.096000 0.132000
0 0.854000 0.508000 0.104000 0.132000
0 0.938000 0.512000 0.104000 0.132000
0 0.921000 0.636000 0.102000 0.124000
0 0.895000 0.753000 0.094000 0.110000
0 0.833000 0.633000 0.094000 0.118000
0 0.756000 0.634000 0.080000 0.120000
0 0.817000 0.750000 0.070000 0.112000
0 0.771000 0.797000 0.102000 0.210000
0 0.680000 0.671000 0.108000 0.198000
0 0.586000 0.671000 0.096000 0.202000
0 0.492000 0.694000 0.092000 0.136000
0 0.398000 0.691000 0.096000 0.134000
0 0.300000 0.678000 0.092000 0.164000
0 0.205000 0.684000 0.098000 0.136000
0 0.677000 0.832000 0.094000 0.120000
0 0.583000 0.831000 0.094000 0.118000
0 0.491000 0.823000 0.090000 0.126000
0 0.400000 0.819000 0.088000 0.126000
0 0.309000 0.817000 0.094000 0.118000
0 0.220000 0.814000 0.096000 0.124000
0 0.115000 0.683000 0.106000 0.138000
0 0.131000 0.811000 0.102000 0.118000
