0 0.160931 0.104545 0.321861 0.209091
0 0.484199 0.103355 0.341991 0.204545
0 0.820238 0.105519 0.330087 0.208874
0 0.987121 0.101190 0.016667 0.202381
0 0.164935 0.315476 0.320346 0.217532
0 0.161472 0.512987 0.322944 0.203463
0 0.158766 0.711472 0.317532 0.204762
0 0.158983 0.902597 0.314935 0.183983
0 0.484740 0.308983 0.345238 0.208874
0 0.479329 0.512987 0.321429 0.203463
0 0.478247 0.712662 0.317100 0.198052
0 0.473377 0.902056 0.320346 0.182900
0 0.814827 0.305736 0.334416 0.208874
0 0.802381 0.509199 0.333333 0.198052
0 0.799134 0.700758 0.333333 0.202381
0 0.791558 0.898268 0.322511 0.192641
0 0.979004 0.301732 0.032900 0.212554
0 0.979545 0.504545 0.031818 0.200000
0 0.976840 0.701515 0.037229 0.203030
0 0.973052 0.896753 0.044805 0.193506
