0 0.467000 0.163664 0.362000 0.177177
0 0.945000 0.306306 0.110000 0.141141
0 0.822000 0.307808 0.264000 0.165165
0 0.681000 0.317568 0.206000 0.160661
0 0.480000 0.323574 0.228000 0.160661
0 0.270000 0.317568 0.236000 0.193694
0 0.087000 0.316817 0.174000 0.198198
0 0.935000 0.436937 0.130000 0.117117
0 0.798000 0.449700 0.192000 0.127628
0 0.620000 0.458709 0.196000 0.127628
0 0.432000 0.469219 0.196000 0.130631
0 0.160000 0.482733 0.320000 0.148649
0 0.932000 0.548048 0.136000 0.105105
0 0.794000 0.554805 0.176000 0.115616
0 0.629000 0.569820 0.166000 0.124625
0 0.456000 0.587838 0.188000 0.130631
0 0.266000 0.588589 0.200000 0.162162
0 0.089000 0.617868 0.178000 0.136637
0 0.099000 0.727477 0.198000 0.112613
0 0.279000 0.707958 0.190000 0.115616
0 0.459000 0.695195 0.170000 0.111111
0 0.624000 0.675676 0.160000 0.111111
0 0.769000 0.654655 0.150000 0.105105
0 0.903000 0.644144 0.158000 0.096096
0 0.982000 0.635886 0.036000 0.088589
0 0.958000 0.716216 0.084000 0.078078
0 0.862000 0.728979 0.144000 0.091592
0 0.736000 0.743243 0.152000 0.096096
0 0.595000 0.768018 0.150000 0.100601
0 0.440000 0.789039 0.168000 0.109610
0 0.199000 0.801802 0.306000 0.105105
0 0.088000 0.210210 0.176000 0.033033
0 0.228000 0.205706 0.124000 0.027027
