0 0.152000 0.146667 0.284000 0.234667
0 0.424000 0.137333 0.248000 0.210667
0 0.655000 0.136000 0.222000 0.192000
0 0.866000 0.149333 0.208000 0.186667
0 0.112000 0.444000 0.184000 0.349333
0 0.283000 0.437333 0.166000 0.336000
0 0.431000 0.418667 0.146000 0.320000
0 0.568000 0.412000 0.132000 0.306667
0 0.699000 0.404000 0.138000 0.301333
0 0.831000 0.397333 0.126000 0.293333
0 0.130000 0.789333 0.188000 0.362667
0 0.304000 0.762667 0.168000 0.341333
0 0.455000 0.732000 0.158000 0.322667
0 0.593000 0.710667 0.138000 0.306667
0 0.722000 0.702667 0.136000 0.296000
0 0.852000 0.690667 0.124000 0.288000
