0 0.736250 0.278333 0.262500 0.290000
0 0.742500 0.066667 0.295000 0.133333
0 0.735000 0.535000 0.245000 0.270000
0 0.720000 0.775000 0.225000 0.216667
0 0.715000 0.936667 0.210000 0.126667
0 0.500000 0.921667 0.220000 0.156667
0 0.491250 0.746667 0.227500 0.213333
0 0.488750 0.523333 0.247500 0.240000
0 0.467500 0.266667 0.265000 0.280000
0 0.461250 0.066667 0.277500 0.133333
0 0.191250 0.068333 0.277500 0.136667
0 0.203750 0.265000 0.292500 0.276667
0 0.230000 0.520000 0.265000 0.246667
0 0.266250 0.740000 0.237500 0.213333
0 0.275000 0.921667 0.215000 0.156667
