0 0.685000 0.432127 0.218000 0.162896
0 0.840000 0.427602 0.104000 0.167421
0 0.941000 0.420814 0.102000 0.167421
0 0.530000 0.438914 0.096000 0.162896
0 0.389000 0.437783 0.190000 0.156109
0 0.264000 0.445701 0.084000 0.144796
0 0.146000 0.455882 0.160000 0.142534
0 0.035000 0.460407 0.066000 0.133484
0 0.185000 0.313348 0.074000 0.147059
0 0.310000 0.298643 0.176000 0.167421
0 0.441000 0.286199 0.086000 0.160633
0 0.582000 0.276018 0.204000 0.171946
0 0.731000 0.266968 0.098000 0.167421
0 0.887000 0.257919 0.222000 0.176471
0 0.887000 0.098416 0.226000 0.178733
0 0.677000 0.111991 0.210000 0.165158
0 0.527000 0.126697 0.090000 0.158371
0 0.386000 0.139140 0.184000 0.169683
0 0.257000 0.158371 0.078000 0.149321
0 0.142000 0.175339 0.160000 0.151584
0 0.032000 0.188914 0.064000 0.138009
0 0.078000 0.322398 0.152000 0.151584
0 0.188000 0.592760 0.072000 0.144796
0 0.078000 0.595023 0.156000 0.140271
0 0.310000 0.591629 0.176000 0.151584
0 0.442000 0.590498 0.088000 0.153846
0 0.588000 0.591629 0.208000 0.160633
0 0.740000 0.590498 0.096000 0.167421
0 0.891000 0.587104 0.214000 0.169683
0 0.838000 0.754525 0.096000 0.165158
0 0.936000 0.760181 0.104000 0.171946
0 0.890000 0.916290 0.216000 0.167421
0 0.738000 0.908371 0.100000 0.160633
0 0.586000 0.897059 0.212000 0.160633
0 0.686000 0.752262 0.208000 0.160633
0 0.532000 0.744344 0.096000 0.149321
0 0.392000 0.743213 0.188000 0.147059
0 0.267000 0.738688 0.082000 0.142534
0 0.149000 0.734163 0.162000 0.142534
0 0.041000 0.725113 0.070000 0.133484
0 0.086000 0.859729 0.152000 0.140271
0 0.198000 0.871041 0.080000 0.135747
0 0.320000 0.884615 0.172000 0.149321
0 0.447000 0.890271 0.086000 0.147059
