0 0.907500 0.248333 0.105000 0.150000
0 0.926250 0.400000 0.107500 0.153333
0 0.940000 0.561667 0.120000 0.170000
0 0.952500 0.755000 0.095000 0.203333
0 0.808750 0.240000 0.112500 0.160000
0 0.822500 0.400000 0.115000 0.160000
0 0.837500 0.563333 0.115000 0.173333
0 0.851250 0.748333 0.127500 0.190000
0 0.697500 0.220000 0.125000 0.126667
0 0.700000 0.346667 0.140000 0.126667
0 0.712500 0.476667 0.140000 0.133333
0 0.718750 0.611667 0.142500 0.130000
0 0.738750 0.776667 0.122500 0.193333
0 0.570000 0.220000 0.125000 0.126667
0 0.566250 0.340000 0.127500 0.120000
0 0.580000 0.466667 0.130000 0.133333
0 0.587500 0.593333 0.130000 0.133333
0 0.632500 0.778333 0.115000 0.190000
0 0.523750 0.780000 0.112500 0.186667
0 0.426250 0.780000 0.082500 0.166667
0 0.337500 0.781667 0.095000 0.170000
0 0.238750 0.768333 0.107500 0.176667
0 0.140000 0.761667 0.105000 0.170000
0 0.052500 0.775000 0.105000 0.170000
0 0.457500 0.221667 0.090000 0.116667
0 0.463750 0.340000 0.082500 0.120000
0 0.455000 0.468333 0.120000 0.136667
0 0.456250 0.616667 0.137500 0.153333
0 0.350000 0.170000 0.125000 0.180000
0 0.361250 0.350000 0.117500 0.206667
0 0.318750 0.506667 0.162500 0.180000
0 0.303750 0.613333 0.107500 0.046667
0 0.235000 0.153333 0.125000 0.173333
0 0.232500 0.346667 0.125000 0.213333
0 0.118750 0.148333 0.122500 0.156667
0 0.112500 0.340000 0.135000 0.220000
0 0.045000 0.533333 0.090000 0.180000
0 0.031250 0.355000 0.062500 0.196667
0 0.035000 0.173333 0.070000 0.160000
