0 0.080000 0.201333 0.160000 0.402667
0 0.190000 0.170667 0.080000 0.341333
0 0.038000 0.460000 0.076000 0.152000
0 0.934000 0.513333 0.132000 0.333333
0 0.809000 0.066667 0.206000 0.133333
0 0.614000 0.065333 0.184000 0.130667
0 0.450000 0.062667 0.160000 0.125333
0 0.299000 0.056000 0.154000 0.112000
0 0.272000 0.178667 0.184000 0.133333
0 0.237000 0.293333 0.094000 0.101333
0 0.386000 0.310667 0.212000 0.157333
0 0.561000 0.333333 0.206000 0.170667
0 0.667000 0.325333 0.022000 0.133333
0 0.594000 0.192000 0.192000 0.138667
0 0.425000 0.174667 0.190000 0.125333
0 0.793000 0.209333 0.226000 0.157333
0 0.779000 0.342667 0.218000 0.125333
0 0.766000 0.417333 0.224000 0.056000
0 0.767000 0.534667 0.262000 0.237333
0 0.539000 0.504000 0.230000 0.197333
0 0.347000 0.466667 0.222000 0.192000
0 0.173000 0.433333 0.222000 0.205333
0 0.120000 0.609333 0.236000 0.210667
0 0.106000 0.766667 0.164000 0.168000
0 0.303000 0.654667 0.246000 0.248000
0 0.509000 0.705333 0.254000 0.264000
0 0.758000 0.756000 0.296000 0.301333
0 0.736000 0.921333 0.268000 0.157333
0 0.494000 0.881333 0.236000 0.205333
0 0.284000 0.825333 0.196000 0.200000
