0 0.147335 0.181592 0.169279 0.164179
0 0.278997 0.042289 0.131661 0.084577
0 0.286834 0.179104 0.128527 0.199005
0 0.057994 0.435323 0.115987 0.263682
0 0.173981 0.343284 0.166144 0.189055
0 0.305643 0.368159 0.115987 0.189055
0 0.186520 0.517413 0.159875 0.169154
0 0.311912 0.537313 0.115987 0.169154
0 0.067398 0.631841 0.134796 0.159204
0 0.197492 0.641791 0.150470 0.139303
0 0.318182 0.666667 0.103448 0.129353
0 0.098746 0.830846 0.197492 0.338308
0 0.227273 0.848259 0.304075 0.303483
0 0.495298 0.097015 0.300940 0.194030
0 0.470219 0.286070 0.244514 0.273632
0 0.721003 0.276119 0.263323 0.353234
0 0.880878 0.129353 0.213166 0.228856
0 0.909091 0.338308 0.150470 0.208955
0 0.893417 0.532338 0.144201 0.189055
0 0.884013 0.706468 0.144201 0.179104
0 0.866771 0.830846 0.134796 0.109453
0 0.976489 0.522388 0.047022 0.308458
0 0.963950 0.748756 0.072100 0.174129
0 0.960815 0.873134 0.078370 0.084577
0 0.891850 0.930348 0.197492 0.139303
0 0.476489 0.512438 0.231975 0.248756
0 0.708464 0.549751 0.244514 0.263682
0 0.476489 0.711443 0.219436 0.238806
0 0.697492 0.758706 0.241379 0.243781
0 0.479624 0.888060 0.206897 0.223881
0 0.689655 0.917910 0.225705 0.164179
0 0.462382 0.977612 0.147335 0.044776
