0 0.157034 0.125867 0.304828 0.250595
0 0.430828 0.316403 0.231724 0.250595
0 0.665310 0.128689 0.311724 0.257378
0 0.863379 0.126903 0.269241 0.248524
0 0.634276 0.315885 0.252414 0.230921
0 0.837724 0.336077 0.231724 0.178109
0 0.062310 0.316869 0.124621 0.270167
0 0.203931 0.321062 0.263448 0.257844
0 0.230828 0.513151 0.209655 0.140830
0 0.426690 0.500725 0.193103 0.136688
0 0.610138 0.493476 0.201379 0.136688
0 0.785310 0.487263 0.209655 0.138759
0 0.430138 0.622916 0.180690 0.122191
0 0.598414 0.612561 0.172414 0.111836
0 0.749448 0.608419 0.176552 0.105623
0 0.256345 0.631718 0.188966 0.121156
0 0.074724 0.529564 0.149448 0.157088
0 0.095414 0.652428 0.190828 0.127369
0 0.276345 0.732163 0.171034 0.106658
0 0.439103 0.723361 0.151724 0.101481
0 0.579793 0.714042 0.154483 0.097339
0 0.717034 0.704204 0.158621 0.094232
0 0.113586 0.750285 0.190345 0.109765
