0 0.271538 0.119948 0.221755 0.233596
0 0.459518 0.121654 0.174675 0.243307
0 0.614746 0.112730 0.139876 0.219160
0 0.782939 0.119291 0.178769 0.203412
0 0.793515 0.327953 0.175357 0.261155
0 0.784645 0.570735 0.160346 0.221785
0 0.780551 0.774803 0.153523 0.199475
0 0.629758 0.770866 0.148064 0.186352
0 0.627369 0.570079 0.156934 0.215223
0 0.630099 0.339764 0.162393 0.242782
0 0.467706 0.345669 0.154205 0.230971
0 0.477258 0.569423 0.148747 0.216535
0 0.483740 0.770866 0.142606 0.188976
0 0.324759 0.780709 0.191733 0.206037
0 0.307018 0.560892 0.208109 0.236220
0 0.291666 0.341732 0.218344 0.249344
0 0.919404 0.293176 0.109172 0.233596
0 0.898934 0.478215 0.070962 0.136483
