0 0.781000 0.486193 0.122000 0.143984
0 0.661000 0.497041 0.130000 0.153846
0 0.523000 0.502959 0.142000 0.161736
0 0.341000 0.510848 0.234000 0.173570
0 0.402000 0.340237 0.272000 0.175542
0 0.605000 0.339250 0.142000 0.165680
0 0.755000 0.339250 0.162000 0.161736
0 0.790000 0.186391 0.100000 0.159763
0 0.607000 0.176529 0.270000 0.171598
0 0.880000 0.229783 0.084000 0.120316
0 0.878000 0.350099 0.092000 0.124260
0 0.896000 0.459566 0.112000 0.114398
0 0.893000 0.573964 0.118000 0.118343
0 0.751000 0.638067 0.174000 0.159763
0 0.882000 0.686391 0.112000 0.118343
0 0.934000 0.786982 0.076000 0.110454
0 0.860000 0.785996 0.072000 0.100592
0 0.746000 0.778107 0.164000 0.163708
0 0.566000 0.657791 0.192000 0.183432
0 0.418000 0.674556 0.124000 0.173570
0 0.454000 0.824458 0.188000 0.173570
0 0.605000 0.798817 0.122000 0.165680
0 0.471000 0.945759 0.074000 0.096647
0 0.569000 0.933925 0.130000 0.124260
0 0.680000 0.919132 0.108000 0.149901
0 0.794000 0.908284 0.124000 0.147929
0 0.266000 0.897436 0.336000 0.205128
0 0.205000 0.714990 0.410000 0.282051
0 0.037000 0.478304 0.074000 0.147929
0 0.055000 0.845168 0.110000 0.309665
0 0.194000 0.500986 0.064000 0.157791
0 0.234000 0.341223 0.076000 0.165680
0 0.181000 0.349112 0.054000 0.149901
0 0.418000 0.186391 0.132000 0.132150
0 0.260000 0.190335 0.192000 0.187377
0 0.101000 0.238659 0.146000 0.122288
0 0.095000 0.355030 0.142000 0.142012
0 0.115000 0.491124 0.098000 0.142012
0 0.041000 0.564103 0.082000 0.043393
0 0.019000 0.673570 0.038000 0.037475
0 0.123000 0.566075 0.090000 0.043393
0 0.017000 0.343195 0.034000 0.130178
0 0.965000 0.683432 0.070000 0.116371
0 0.974000 0.572978 0.048000 0.112426
