0 0.162091 0.197659 0.324182 0.308991
0 0.458066 0.198717 0.337190 0.313224
0 0.786992 0.197659 0.363636 0.325922
0 0.750628 0.428874 0.297521 0.140739
0 0.465504 0.425699 0.276033 0.144972
0 0.174595 0.420408 0.322314 0.147088
0 0.212612 0.549507 0.276033 0.115343
0 0.469636 0.550566 0.254545 0.111110
0 0.726661 0.553211 0.266116 0.105819
0 0.744017 0.772256 0.314050 0.332272
0 0.463851 0.770669 0.292562 0.335446
0 0.186992 0.771727 0.310744 0.337563
0 0.219223 0.966440 0.262810 0.064560
0 0.466331 0.966963 0.257851 0.063491
0 0.725008 0.966969 0.259504 0.063502
