0 0.187204 0.088983 0.260664 0.177966
0 0.440758 0.050847 0.246445 0.101695
0 0.668246 0.072034 0.180095 0.144068
0 0.879147 0.088983 0.241706 0.177966
0 0.175355 0.343220 0.265403 0.347458
0 0.452607 0.258475 0.251185 0.313559
0 0.670616 0.211864 0.184834 0.135593
0 0.670616 0.347458 0.184834 0.135593
0 0.172986 0.720339 0.260664 0.338983
0 0.165877 0.944915 0.255924 0.110169
0 0.436019 0.889831 0.255924 0.220339
0 0.436019 0.593220 0.255924 0.355932
0 0.661137 0.478814 0.175355 0.127119
0 0.654028 0.614407 0.180095 0.144068
0 0.668246 0.745763 0.189573 0.135593
0 0.677725 0.885593 0.199052 0.144068
0 0.876777 0.385593 0.246445 0.313559
0 0.872038 0.750000 0.255924 0.398305
