0 0.061000 0.064000 0.122000 0.128000
0 0.060000 0.161333 0.120000 0.146667
0 0.030000 0.316000 0.056000 0.162667
0 0.264000 0.300000 0.416000 0.285333
0 0.034000 0.510667 0.068000 0.221333
0 0.037000 0.769333 0.074000 0.312000
0 0.264000 0.557333 0.392000 0.256000
0 0.258000 0.794667 0.380000 0.240000
0 0.583000 0.392000 0.246000 0.282667
0 0.604000 0.702667 0.308000 0.344000
0 0.842000 0.085333 0.128000 0.165333
0 0.837000 0.216000 0.122000 0.138667
0 0.938000 0.172000 0.120000 0.253333
0 0.843000 0.420000 0.310000 0.306667
0 0.867000 0.704000 0.258000 0.272000
0 0.984000 0.714667 0.032000 0.234667
