0 0.455208 0.151712 0.568750 0.206612
0 0.200000 0.379575 0.400000 0.275089
0 0.576042 0.352420 0.472917 0.319953
0 0.835417 0.360685 0.329167 0.355372
0 0.895833 0.175915 0.208333 0.042503
0 0.763542 0.179457 0.056250 0.028335
0 0.223958 0.593861 0.322917 0.193625
0 0.515625 0.607438 0.314583 0.204250
0 0.842708 0.628099 0.314583 0.210153
0 0.267708 0.767414 0.281250 0.181818
0 0.556250 0.789847 0.295833 0.191263
0 0.851042 0.805195 0.297917 0.188902
0 0.291667 0.904368 0.250000 0.167651
0 0.540625 0.925620 0.293750 0.148760
0 0.819792 0.932113 0.302083 0.135773
0 0.981250 0.951004 0.037500 0.097993
