0 0.171967 0.319783 0.108130 0.301355
0 0.358146 0.195122 0.326016 0.208130
0 0.530911 0.224390 0.024390 0.136585
0 0.372780 0.387534 0.319512 0.213550
0 0.196358 0.635230 0.239837 0.368564
0 0.416276 0.640650 0.232520 0.390244
0 0.614650 0.328455 0.162602 0.336043
0 0.710992 0.223848 0.036585 0.068293
0 0.773593 0.221680 0.085366 0.076965
0 0.721154 0.287805 0.060163 0.063957
0 0.783756 0.284553 0.065041 0.063957
0 0.708959 0.337127 0.039024 0.030352
0 0.771967 0.344173 0.088618 0.053117
0 0.735789 0.418970 0.120325 0.133333
0 0.617496 0.588076 0.160163 0.198374
0 0.789041 0.568022 0.189431 0.231978
0 0.610992 0.765312 0.158537 0.156098
0 0.773187 0.761518 0.175610 0.185366
