0 0.090000 0.176000 0.124000 0.037333
0 0.092000 0.202667 0.184000 0.042667
0 0.088000 0.317333 0.176000 0.202667
0 0.268000 0.317333 0.232000 0.197333
0 0.226000 0.208000 0.136000 0.042667
0 0.466000 0.164000 0.360000 0.178667
0 0.478000 0.324000 0.228000 0.162667
0 0.686000 0.301333 0.188000 0.186667
0 0.816000 0.298667 0.264000 0.170667
0 0.849000 0.296000 0.302000 0.165333
0 0.933000 0.436000 0.134000 0.120000
0 0.803000 0.446667 0.190000 0.125333
0 0.618000 0.461333 0.188000 0.122667
0 0.431000 0.465333 0.198000 0.130667
0 0.161000 0.484000 0.322000 0.152000
0 0.089000 0.618667 0.178000 0.138667
0 0.098000 0.729333 0.196000 0.109333
0 0.198000 0.798667 0.308000 0.104000
0 0.277000 0.704000 0.194000 0.112000
0 0.264000 0.588000 0.204000 0.157333
0 0.457000 0.588000 0.182000 0.130667
0 0.459000 0.694667 0.170000 0.114667
0 0.439000 0.785333 0.170000 0.098667
0 0.592000 0.766667 0.148000 0.093333
0 0.623000 0.674667 0.158000 0.112000
0 0.628000 0.572000 0.172000 0.125333
0 0.793000 0.557333 0.182000 0.117333
0 0.767000 0.653333 0.158000 0.106667
0 0.733000 0.741333 0.154000 0.096000
0 0.865000 0.728000 0.138000 0.085333
0 0.956000 0.718667 0.084000 0.082667
0 0.910000 0.642667 0.180000 0.096000
0 0.932000 0.548000 0.136000 0.109333
