0 0.394729 0.066150 0.295349 0.130233
0 0.686977 0.066667 0.203876 0.133333
0 0.902372 0.232775 0.191256 0.204217
0 0.726899 0.234625 0.227907 0.202584
0 0.919814 0.458656 0.156372 0.250646
0 0.754419 0.462532 0.255039 0.253230
0 0.520698 0.236176 0.215504 0.209819
0 0.531938 0.465116 0.239535 0.258398
0 0.308295 0.238243 0.217054 0.211886
0 0.288915 0.471835 0.246512 0.259432
0 0.546279 0.743669 0.271318 0.304910
0 0.805194 0.732300 0.300775 0.300775
0 0.945008 0.729127 0.105984 0.300920
0 0.270698 0.751421 0.279845 0.316279
0 0.082442 0.757623 0.164884 0.308010
0 0.097171 0.472000 0.194341 0.266667
0 0.109574 0.241344 0.219147 0.207752
