0 0.171000 0.261619 0.174000 0.115442
0 0.353000 0.246627 0.202000 0.139430
0 0.564000 0.231634 0.248000 0.157421
0 0.842000 0.210645 0.296000 0.172414
0 0.196000 0.373313 0.156000 0.113943
0 0.366000 0.369565 0.208000 0.118441
0 0.578000 0.365817 0.236000 0.137931
0 0.851000 0.361319 0.286000 0.149925
0 0.212000 0.484258 0.152000 0.107946
0 0.376000 0.489505 0.204000 0.118441
0 0.584000 0.499250 0.228000 0.128936
0 0.846000 0.503748 0.280000 0.134933
0 0.265000 0.590705 0.066000 0.110945
0 0.390000 0.603448 0.192000 0.121439
0 0.593000 0.620690 0.230000 0.131934
0 0.850000 0.630435 0.288000 0.169415
0 0.396000 0.709895 0.192000 0.121439
0 0.598000 0.736882 0.224000 0.139430
0 0.843000 0.765367 0.274000 0.154423
0 0.286000 0.695652 0.048000 0.101949
0 0.030000 0.265367 0.060000 0.101949
0 0.073000 0.380060 0.146000 0.121439
0 0.081000 0.515742 0.158000 0.167916
0 0.136000 0.613943 0.256000 0.160420
0 0.159000 0.731634 0.250000 0.179910
0 0.020000 0.756372 0.040000 0.133433
