0 0.158896 0.130847 0.317792 0.245062
0 0.461021 0.122358 0.309375 0.231722
0 0.763104 0.112071 0.296875 0.219811
0 0.938104 0.109906 0.119792 0.215480
0 0.089625 0.354665 0.179250 0.222063
0 0.309458 0.343252 0.306250 0.218728
0 0.584458 0.325385 0.283333 0.206817
0 0.854771 0.314557 0.273958 0.202486
0 0.979771 0.311850 0.036458 0.179747
0 0.107333 0.543724 0.214667 0.197375
0 0.326646 0.522458 0.271875 0.187327
0 0.621437 0.563604 0.328125 0.297774
0 0.859458 0.546821 0.277083 0.301022
0 0.980292 0.412011 0.033333 0.035733
0 0.108375 0.772674 0.216750 0.317438
0 0.344354 0.748766 0.298958 0.312933
0 0.630292 0.780167 0.285417 0.172167
0 0.873000 0.759139 0.250000 0.175243
0 0.107896 0.947462 0.213542 0.097453
0 0.354083 0.934252 0.303833 0.127339
0 0.622479 0.917143 0.253125 0.155925
0 0.861021 0.896570 0.251042 0.168919
0 0.976125 0.874913 0.043750 0.127772
