0 0.296710 0.349881 0.164493 0.228207
0 0.463739 0.366645 0.155072 0.162232
0 0.659754 0.321220 0.210870 0.253082
0 0.590188 0.222799 0.076087 0.077872
0 0.300333 0.163314 0.036957 0.105992
0 0.334754 0.158447 0.033333 0.111400
0 0.432217 0.213606 0.045652 0.126541
0 0.484391 0.196301 0.050000 0.178456
0 0.286203 0.568354 0.157971 0.221717
0 0.469174 0.564028 0.178986 0.228207
0 0.669899 0.564028 0.212319 0.245512
0 0.296348 0.782501 0.173913 0.210902
0 0.479681 0.773307 0.153623 0.194679
0 0.664101 0.779797 0.206522 0.285529
