0 0.036000 0.050975 0.072000 0.101949
0 0.112000 0.046477 0.088000 0.092954
0 0.202000 0.046477 0.096000 0.092954
0 0.304000 0.042729 0.108000 0.085457
0 0.419000 0.019490 0.134000 0.038981
0 0.552000 0.031484 0.136000 0.062969
0 0.706000 0.011244 0.176000 0.022489
0 0.858000 0.011244 0.132000 0.022489
0 0.040000 0.162669 0.080000 0.136432
0 0.118000 0.161169 0.092000 0.136432
0 0.212000 0.158171 0.100000 0.142429
0 0.273000 0.160420 0.030000 0.143928
0 0.405000 0.128936 0.258000 0.194903
0 0.556000 0.142429 0.064000 0.164918
0 0.709000 0.114693 0.262000 0.214393
0 0.906000 0.110945 0.188000 0.215892
0 0.053000 0.290855 0.078000 0.116942
0 0.131000 0.292354 0.086000 0.125937
0 0.215000 0.296852 0.090000 0.131934
0 0.273000 0.298351 0.030000 0.134933
0 0.403000 0.299100 0.238000 0.172414
0 0.546000 0.304348 0.060000 0.155922
0 0.683000 0.313343 0.238000 0.182909
0 0.886000 0.317091 0.228000 0.193403
0 0.011000 0.399550 0.022000 0.142429
0 0.068000 0.414543 0.096000 0.133433
0 0.163000 0.424288 0.102000 0.146927
0 0.262000 0.437781 0.104000 0.152924
0 0.368000 0.451274 0.120000 0.152924
0 0.490000 0.461769 0.140000 0.167916
0 0.618000 0.476012 0.152000 0.169415
0 0.732000 0.409295 0.076000 0.020990
0 0.817000 0.573463 0.366000 0.340330
0 0.065000 0.538231 0.094000 0.134933
0 0.011000 0.526987 0.022000 0.121439
0 0.158000 0.550975 0.100000 0.136432
0 0.255000 0.570465 0.102000 0.142429
0 0.360000 0.589205 0.120000 0.149925
0 0.475000 0.605697 0.126000 0.155922
0 0.592000 0.628936 0.132000 0.166417
0 0.672000 0.697151 0.040000 0.041979
0 0.692000 0.733883 0.032000 0.094453
0 0.816000 0.827586 0.280000 0.281859
0 0.955000 0.868816 0.090000 0.259370
0 0.607000 0.839580 0.174000 0.260870
0 0.796000 0.910045 0.408000 0.179910
0 0.046000 0.644678 0.092000 0.122939
0 0.150000 0.671664 0.124000 0.134933
0 0.286000 0.704648 0.148000 0.161919
0 0.447000 0.742129 0.178000 0.170915
0 0.580000 0.755622 0.124000 0.137931
0 0.105000 0.816342 0.210000 0.226387
0 0.037000 0.713643 0.074000 0.047976
0 0.174000 0.850825 0.240000 0.226387
0 0.270000 0.882309 0.240000 0.235382
0 0.388000 0.895802 0.240000 0.208396
0 0.467000 0.886807 0.142000 0.127436
0 0.456000 0.958021 0.284000 0.083958
