0 0.916667 0.520000 0.166667 0.266667
0 0.856667 0.803333 0.286667 0.353333
0 0.606667 0.806667 0.320000 0.346667
0 0.556667 0.916667 0.273333 0.166667
0 0.290000 0.893333 0.246667 0.213333
0 0.340000 0.696667 0.280000 0.273333
0 0.593333 0.600000 0.213333 0.053333
0 0.770000 0.600000 0.166667 0.053333
0 0.643333 0.550000 0.206667 0.046667
0 0.423333 0.543333 0.206667 0.060000
0 0.210000 0.566667 0.206667 0.106667
0 0.133333 0.963333 0.066667 0.073333
0 0.046667 0.963333 0.093333 0.073333
0 0.040000 0.873333 0.080000 0.106667
0 0.126667 0.880000 0.080000 0.080000
0 0.050000 0.773333 0.100000 0.093333
0 0.153333 0.776667 0.093333 0.100000
0 0.146667 0.670000 0.106667 0.100000
0 0.046667 0.670000 0.093333 0.100000
0 0.050000 0.556667 0.100000 0.100000
0 0.060000 0.443333 0.120000 0.126667
0 0.206667 0.460000 0.213333 0.106667
0 0.420000 0.470000 0.213333 0.113333
0 0.640000 0.470000 0.226667 0.113333
0 0.670000 0.346667 0.220000 0.133333
0 0.446667 0.343333 0.226667 0.140000
0 0.686667 0.226667 0.240000 0.106667
0 0.453333 0.223333 0.213333 0.100000
0 0.710000 0.110000 0.246667 0.140000
0 0.720000 0.020000 0.240000 0.040000
0 0.466667 0.020000 0.240000 0.040000
0 0.456667 0.103333 0.220000 0.126667
0 0.223333 0.350000 0.206667 0.113333
0 0.230000 0.223333 0.220000 0.126667
0 0.236667 0.096667 0.220000 0.140000
0 0.236667 0.016667 0.206667 0.033333
0 0.060000 0.333333 0.120000 0.093333
0 0.060000 0.223333 0.120000 0.113333
0 0.063333 0.123333 0.126667 0.086667
0 0.070000 0.036667 0.126667 0.073333
0 0.893333 0.313333 0.213333 0.213333
0 0.903333 0.103333 0.193333 0.206667
