0 0.887000 0.136000 0.226000 0.197333
0 0.884000 0.318667 0.232000 0.189333
0 0.882000 0.486667 0.236000 0.162667
0 0.866000 0.640000 0.232000 0.149333
0 0.849000 0.778667 0.222000 0.133333
0 0.832000 0.905333 0.212000 0.125333
0 0.647000 0.118667 0.270000 0.194667
0 0.644000 0.305333 0.260000 0.189333
0 0.651000 0.478667 0.254000 0.168000
0 0.640000 0.637333 0.244000 0.154667
0 0.629000 0.781333 0.234000 0.133333
0 0.624000 0.913333 0.224000 0.130667
0 0.396000 0.753333 0.240000 0.205333
0 0.383000 0.901333 0.222000 0.176000
0 0.371000 0.620000 0.234000 0.184000
0 0.387000 0.466667 0.250000 0.170667
0 0.380000 0.289333 0.260000 0.178667
0 0.379000 0.109333 0.262000 0.186667
0 0.127000 0.100000 0.250000 0.189333
0 0.137000 0.278667 0.242000 0.184000
0 0.139000 0.444000 0.250000 0.168000
0 0.141000 0.609333 0.238000 0.162667
0 0.154000 0.757333 0.244000 0.149333
0 0.165000 0.892000 0.222000 0.130667
