0 0.808630 0.186667 0.101313 0.140000
0 0.709193 0.191667 0.093809 0.130000
0 0.587242 0.200000 0.146341 0.133333
0 0.773921 0.316667 0.170732 0.126667
0 0.641651 0.320000 0.090056 0.120000
0 0.555347 0.325000 0.082552 0.110000
0 0.810507 0.438333 0.097561 0.123333
0 0.713884 0.438333 0.091932 0.116667
0 0.591932 0.440000 0.148218 0.113333
0 0.774859 0.556667 0.168856 0.120000
0 0.645403 0.550000 0.086304 0.113333
0 0.561914 0.543333 0.080675 0.106667
0 0.814259 0.671667 0.093809 0.116667
0 0.720450 0.663333 0.090056 0.113333
0 0.602251 0.651667 0.142589 0.116667
0 0.777674 0.781667 0.163227 0.130000
0 0.651970 0.760000 0.084428 0.113333
0 0.567542 0.745000 0.080675 0.110000
0 0.806754 0.891667 0.093809 0.116667
0 0.716698 0.875000 0.082552 0.116667
0 0.603189 0.851667 0.140713 0.130000
0 0.333959 0.123333 0.150094 0.113333
0 0.410882 0.223333 0.153846 0.120000
0 0.292683 0.231667 0.086304 0.110000
0 0.221388 0.236667 0.067542 0.106667
0 0.442777 0.328333 0.123827 0.130000
0 0.347092 0.338333 0.071295 0.103333
0 0.257036 0.338333 0.120075 0.103333
0 0.412758 0.435000 0.157598 0.130000
0 0.301126 0.440000 0.073171 0.100000
0 0.237336 0.438333 0.065666 0.096667
0 0.449343 0.530000 0.125704 0.146667
0 0.352720 0.541667 0.067542 0.103333
0 0.264540 0.535000 0.108818 0.103333
0 0.415572 0.633333 0.155722 0.126667
0 0.307692 0.630000 0.067542 0.100000
0 0.244841 0.620000 0.061914 0.100000
0 0.458724 0.706667 0.114447 0.166667
0 0.367730 0.728333 0.071295 0.096667
0 0.279550 0.715000 0.108818 0.096667
0 0.427767 0.806667 0.146341 0.140000
0 0.321764 0.806667 0.069418 0.100000
0 0.258912 0.795000 0.060038 0.103333
0 0.076923 0.230000 0.153846 0.106667
0 0.129456 0.321667 0.142589 0.116667
0 0.031895 0.333333 0.063790 0.100000
0 0.094747 0.421667 0.159475 0.110000
0 0.136023 0.506667 0.140713 0.133333
0 0.034709 0.523333 0.069418 0.093333
0 0.105066 0.605000 0.161351 0.123333
0 0.145403 0.681667 0.144465 0.156667
0 0.038462 0.705000 0.076923 0.090000
0 0.107880 0.783333 0.151970 0.126667
