0 0.123000 0.145646 0.246000 0.171171
0 0.111000 0.313814 0.222000 0.165165
0 0.109000 0.480480 0.218000 0.168168
0 0.091000 0.656156 0.182000 0.195195
0 0.252000 0.162162 0.020000 0.078078
0 0.389000 0.132132 0.238000 0.150150
0 0.367000 0.273273 0.294000 0.144144
0 0.366000 0.409910 0.296000 0.135135
0 0.353000 0.555556 0.342000 0.156156
0 0.344000 0.738739 0.396000 0.216216
0 0.694000 0.082583 0.304000 0.165165
0 0.755000 0.201201 0.422000 0.216216
0 0.763000 0.379880 0.406000 0.189189
0 0.763000 0.564565 0.406000 0.186186
0 0.756000 0.735736 0.400000 0.216216
0 0.922000 0.079580 0.156000 0.141141
0 0.981000 0.249249 0.038000 0.198198
0 0.982000 0.454955 0.036000 0.219219
0 0.977000 0.755255 0.046000 0.165165
