0 0.865000 0.149457 0.270000 0.293478
0 0.592000 0.149457 0.280000 0.288043
0 0.346000 0.149457 0.332000 0.288043
0 0.111000 0.149457 0.198000 0.277174
0 0.819000 0.400815 0.358000 0.225543
0 0.467000 0.379076 0.358000 0.258152
0 0.159000 0.394022 0.298000 0.211957
0 0.850000 0.611413 0.264000 0.201087
0 0.785000 0.786685 0.346000 0.176630
0 0.605000 0.605978 0.234000 0.195652
0 0.360000 0.588315 0.240000 0.176630
0 0.133000 0.577446 0.246000 0.171196
0 0.177000 0.711957 0.294000 0.217391
0 0.463000 0.736413 0.302000 0.211957
0 0.768000 0.927989 0.220000 0.144022
0 0.540000 0.902174 0.196000 0.146739
0 0.337000 0.877717 0.190000 0.157609
0 0.158000 0.854620 0.188000 0.138587
