0 0.292000 0.317333 0.452000 0.218667
0 0.214000 0.134667 0.332000 0.216000
0 0.540000 0.176000 0.332000 0.218667
0 0.842000 0.217333 0.312000 0.216000
0 0.757000 0.381333 0.478000 0.229333
0 0.514000 0.508000 0.304000 0.189333
0 0.814000 0.549333 0.332000 0.197333
0 0.744000 0.682667 0.444000 0.197333
0 0.300000 0.617333 0.440000 0.200000
0 0.223000 0.465333 0.298000 0.189333
0 0.495000 0.753333 0.282000 0.226667
0 0.770000 0.826667 0.300000 0.170667
0 0.220000 0.756000 0.280000 0.168000
0 0.285000 0.881333 0.390000 0.178667
0 0.687000 0.922667 0.418000 0.154667
0 0.509000 0.978667 0.302000 0.042667
0 0.229000 0.964000 0.262000 0.072000
0 0.965000 0.749333 0.070000 0.325333
0 0.950000 0.893333 0.100000 0.208000
