0 0.820000 0.224398 0.096000 0.153614
0 0.817000 0.384036 0.102000 0.159639
0 0.720000 0.224398 0.112000 0.159639
0 0.720000 0.381024 0.104000 0.153614
0 0.824000 0.554217 0.088000 0.180723
0 0.728000 0.554217 0.120000 0.192771
0 0.830000 0.725904 0.076000 0.162651
0 0.732000 0.731928 0.120000 0.162651
0 0.615000 0.233434 0.110000 0.159639
0 0.615000 0.388554 0.102000 0.150602
0 0.618000 0.557229 0.112000 0.192771
0 0.617000 0.739458 0.106000 0.165663
0 0.511000 0.739458 0.106000 0.171687
0 0.511000 0.563253 0.110000 0.180723
0 0.513000 0.393072 0.098000 0.153614
0 0.510000 0.242470 0.100000 0.153614
0 0.415000 0.239458 0.090000 0.153614
0 0.416000 0.393072 0.096000 0.159639
0 0.417000 0.551205 0.090000 0.150602
0 0.405000 0.730422 0.114000 0.201807
0 0.305000 0.725904 0.118000 0.198795
0 0.322000 0.555723 0.100000 0.147590
0 0.323000 0.406627 0.098000 0.150602
0 0.324000 0.256024 0.092000 0.156627
0 0.230000 0.266566 0.096000 0.147590
0 0.230000 0.409639 0.096000 0.150602
0 0.229000 0.555723 0.086000 0.141566
0 0.213000 0.722892 0.126000 0.192771
0 0.135000 0.277108 0.094000 0.138554
0 0.141000 0.414157 0.086000 0.141566
0 0.157000 0.560241 0.062000 0.144578
0 0.150000 0.698795 0.068000 0.138554
