0 0.065793 0.146901 0.131586 0.206948
0 0.215034 0.130280 0.219310 0.260559
0 0.462621 0.133899 0.311724 0.267797
0 0.803414 0.059401 0.389172 0.112806
0 0.796517 0.260870 0.402966 0.335832
0 0.788931 0.546968 0.418138 0.308122
0 0.780655 0.777025 0.434690 0.309156
0 0.773759 0.906633 0.448483 0.183736
0 0.273379 0.879750 0.546759 0.237502
0 0.452276 0.635889 0.257931 0.299850
0 0.465379 0.399111 0.270345 0.270899
0 0.161655 0.390813 0.323310 0.268883
0 0.047862 0.520783 0.095724 0.046890
0 0.247448 0.694825 0.493793 0.411518
