0 0.231250 0.265365 0.462500 0.322396
0 0.242361 0.502083 0.484722 0.225000
0 0.266667 0.664583 0.450000 0.162500
0 0.311806 0.794271 0.415278 0.144792
0 0.731250 0.458854 0.498611 0.240625
0 0.712500 0.635417 0.441667 0.166667
0 0.705556 0.780208 0.402778 0.143750
0 0.583333 0.134896 0.288889 0.094792
0 0.587500 0.205729 0.272222 0.090625
0 0.586806 0.268229 0.270833 0.094792
0 0.588194 0.326562 0.259722 0.096875
0 0.865972 0.196354 0.259722 0.084375
0 0.850694 0.264062 0.259722 0.080208
0 0.843056 0.320833 0.255556 0.072917
0 0.833333 0.057292 0.163889 0.043750
0 0.931597 0.081771 0.132639 0.042708
0 0.927083 0.113542 0.129167 0.029167
0 0.922222 0.140104 0.130556 0.034375
0 0.796528 0.122396 0.129167 0.032292
0 0.793750 0.151042 0.129167 0.029167
0 0.764583 0.088542 0.201389 0.052083
