0 0.040063 0.219271 0.075000 0.219792
0 0.238500 0.231250 0.370312 0.285417
0 0.236156 0.489063 0.307812 0.253125
0 0.254516 0.704167 0.288281 0.239583
0 0.252563 0.886458 0.285938 0.220833
0 0.536547 0.717708 0.289844 0.239583
0 0.535766 0.512500 0.303906 0.250000
0 0.524047 0.895021 0.274219 0.204625
0 0.830109 0.932521 0.337094 0.133792
0 0.832313 0.792542 0.331375 0.297583
0 0.835828 0.543021 0.324344 0.300625
0 0.844422 0.239937 0.307156 0.336125
0 0.540453 0.254167 0.336719 0.291667
0 0.047375 0.414750 0.094750 0.178833
0 0.056750 0.581104 0.113500 0.164875
0 0.065062 0.727083 0.121875 0.152083
0 0.160766 0.061458 0.261719 0.114583
