0 0.340000 0.081333 0.060000 0.045333
0 0.219000 0.132000 0.202000 0.146667
0 0.332000 0.140000 0.028000 0.130667
0 0.459000 0.114667 0.218000 0.176000
0 0.429000 0.272000 0.218000 0.149333
0 0.491000 0.238667 0.158000 0.141333
0 0.551000 0.366667 0.026000 0.146667
0 0.426000 0.417333 0.224000 0.152000
0 0.211000 0.281333 0.178000 0.146667
0 0.219000 0.420000 0.182000 0.130667
0 0.234000 0.546667 0.180000 0.138667
0 0.243000 0.684000 0.174000 0.136000
0 0.253000 0.800000 0.186000 0.149333
0 0.435000 0.561333 0.214000 0.162667
0 0.441000 0.690667 0.210000 0.181333
0 0.445000 0.813333 0.210000 0.186667
0 0.657000 0.358667 0.194000 0.146667
0 0.654000 0.497333 0.184000 0.130667
0 0.855000 0.501333 0.226000 0.186667
0 0.845000 0.650667 0.214000 0.160000
0 0.647000 0.625333 0.186000 0.146667
0 0.645000 0.750667 0.178000 0.146667
0 0.645000 0.849333 0.178000 0.098667
0 0.840000 0.770667 0.204000 0.149333
0 0.837000 0.872000 0.198000 0.106667
