0 0.185106 0.208156 0.370213 0.342553
0 0.186170 0.542908 0.372340 0.318440
0 0.212766 0.846539 0.358511 0.301589
0 0.555053 0.831206 0.333511 0.293617
0 0.545213 0.540426 0.354255 0.316312
0 0.550798 0.203191 0.379255 0.351064
0 0.864628 0.203546 0.265426 0.331915
0 0.855649 0.530142 0.284702 0.304255
0 0.854851 0.804610 0.286298 0.275887
0 0.549499 0.015498 0.121042 0.027789
0 0.669739 0.015498 0.124248 0.029927
0 0.801202 0.019506 0.140281 0.039011
0 0.354722 0.024074 0.058333 0.048148
0 0.259619 0.021028 0.129636 0.042057
