0 0.010939 0.411797 0.021879 0.161255
0 0.093740 0.408009 0.159307 0.188312
0 0.307593 0.192100 0.277056 0.213203
0 0.611056 0.158550 0.335065 0.271645
0 0.882234 0.131288 0.231532 0.252576
0 0.296338 0.403139 0.251082 0.237013
0 0.572528 0.416667 0.334199 0.266234
0 0.859290 0.403474 0.277420 0.296948
0 0.091459 0.596320 0.182918 0.209957
0 0.286381 0.613636 0.210390 0.220779
0 0.539195 0.648810 0.316017 0.280303
0 0.848900 0.682240 0.298199 0.325519
0 0.088861 0.792749 0.177723 0.232684
0 0.292442 0.828463 0.231169 0.252165
0 0.543957 0.864177 0.303030 0.262987
0 0.851498 0.897727 0.293004 0.198052
0 0.107476 0.924242 0.214952 0.142857
0 0.325342 0.951840 0.234632 0.089827
0 0.469065 0.982684 0.066667 0.021645
0 0.023177 0.957251 0.045887 0.079004
