0 0.261000 0.108671 0.522000 0.206081
0 0.271000 0.300113 0.542000 0.192568
0 0.097000 0.483671 0.194000 0.174550
0 0.370000 0.480293 0.352000 0.179054
0 0.108000 0.653153 0.216000 0.171171
0 0.396000 0.627815 0.336000 0.224099
0 0.256000 0.816441 0.512000 0.173423
0 0.520000 0.758446 0.036000 0.154279
0 0.266000 0.916667 0.532000 0.164414
0 0.556000 0.837275 0.048000 0.154279
0 0.550000 0.953266 0.036000 0.091216
0 0.690000 0.960586 0.260000 0.076577
0 0.916000 0.963964 0.164000 0.072072
0 0.953000 0.891329 0.094000 0.091216
0 0.839000 0.886824 0.142000 0.088964
0 0.698000 0.882320 0.140000 0.084459
0 0.598000 0.880631 0.064000 0.085586
0 0.594000 0.796734 0.076000 0.084459
0 0.700000 0.799550 0.136000 0.083333
0 0.842000 0.802365 0.148000 0.084459
0 0.952000 0.805743 0.092000 0.084459
0 0.929000 0.716779 0.138000 0.093468
0 0.699000 0.711712 0.290000 0.092342
0 0.694000 0.623874 0.276000 0.092342
0 0.915000 0.628378 0.166000 0.090090
0 0.599000 0.436374 0.082000 0.095721
0 0.593000 0.532095 0.078000 0.093468
0 0.702000 0.533784 0.148000 0.092342
0 0.711000 0.442005 0.154000 0.100225
0 0.864000 0.438626 0.168000 0.095721
0 0.857000 0.534347 0.162000 0.097973
0 0.962000 0.537162 0.072000 0.094595
0 0.966000 0.440878 0.068000 0.100225
0 0.720000 0.235923 0.316000 0.102477
0 0.707000 0.338401 0.314000 0.102477
0 0.933000 0.237050 0.130000 0.104730
0 0.926000 0.338401 0.144000 0.102477
0 0.539083 0.177701 0.044037 0.212828
