0 0.328000 0.032020 0.184000 0.064039
0 0.477000 0.030788 0.114000 0.061576
0 0.278000 0.135468 0.200000 0.152709
0 0.253000 0.296798 0.226000 0.189655
0 0.222000 0.511084 0.260000 0.243842
0 0.188000 0.810345 0.300000 0.354680
0 0.472000 0.796798 0.284000 0.352217
0 0.465000 0.504926 0.242000 0.246305
0 0.473000 0.290640 0.222000 0.187192
0 0.468000 0.126847 0.200000 0.140394
0 0.629000 0.032020 0.202000 0.064039
0 0.799000 0.051724 0.158000 0.103448
0 0.651000 0.131773 0.190000 0.145320
0 0.803000 0.109606 0.150000 0.091133
0 0.664000 0.291872 0.188000 0.179803
0 0.667000 0.427340 0.174000 0.096059
0 0.849000 0.257389 0.254000 0.219212
0 0.879000 0.443350 0.242000 0.236453
0 0.632000 0.745074 0.144000 0.322660
0 0.724000 0.660099 0.448000 0.596059
0 0.926000 0.719212 0.148000 0.339901
0 0.661000 0.933498 0.130000 0.064039
0 0.418000 0.983990 0.228000 0.032020
0 0.647000 0.979064 0.222000 0.041872
0 0.822000 0.910099 0.132000 0.076355
0 0.931000 0.866995 0.138000 0.054187
0 0.931000 0.911330 0.138000 0.059113
0 0.856000 0.953202 0.208000 0.049261
0 0.853000 0.032020 0.138000 0.059113
0 0.966000 0.075123 0.068000 0.150246
0 0.944000 0.114532 0.100000 0.229064
0 0.979000 0.263547 0.042000 0.231527
