0 0.205333 0.150681 0.186423 0.089761
0 0.178794 0.250622 0.202079 0.116905
0 0.136175 0.374313 0.230769 0.139731
0 0.108316 0.528696 0.216632 0.168418
0 0.088565 0.719631 0.175468 0.212219
0 0.363202 0.147597 0.170062 0.092846
0 0.355717 0.252010 0.182536 0.113512
0 0.332432 0.377552 0.202495 0.136955
0 0.298753 0.529158 0.232432 0.166258
0 0.264033 0.719631 0.271933 0.214069
0 0.510603 0.729964 0.255301 0.219313
0 0.516424 0.532243 0.218711 0.171811
0 0.527859 0.377243 0.195010 0.137572
0 0.530561 0.252627 0.177131 0.116597
0 0.523701 0.149448 0.163410 0.093463
0 0.700832 0.105647 0.191684 0.172428
0 0.710187 0.256174 0.184615 0.108885
0 0.723701 0.378940 0.213306 0.139731
0 0.737422 0.532397 0.242412 0.170268
0 0.767360 0.731198 0.273181 0.219930
