0 0.119643 0.487048 0.238317 0.234926
0 0.122791 0.695575 0.242676 0.214097
0 0.109955 0.867289 0.219910 0.208769
0 0.137681 0.955689 0.275362 0.081376
0 0.370553 0.825389 0.303224 0.205379
0 0.408684 0.919844 0.252151 0.153065
0 0.391382 0.666996 0.301287 0.186003
0 0.369585 0.481962 0.350694 0.215066
0 0.628730 0.474454 0.297411 0.177769
0 0.650769 0.632847 0.235895 0.164206
0 0.792694 0.755154 0.407367 0.342944
0 0.566244 0.785670 0.095908 0.142409
0 0.585135 0.914032 0.105596 0.142409
0 0.813406 0.908461 0.365942 0.175831
