0 0.053000 0.057333 0.106000 0.114667
0 0.058000 0.172000 0.116000 0.141333
0 0.067000 0.301333 0.122000 0.138667
0 0.077000 0.425333 0.126000 0.136000
0 0.082000 0.550667 0.124000 0.136000
0 0.074000 0.677333 0.124000 0.133333
0 0.085000 0.797333 0.122000 0.122667
0 0.105000 0.908000 0.114000 0.120000
0 0.114000 0.981333 0.112000 0.037333
0 0.169000 0.052000 0.118000 0.104000
0 0.175000 0.166667 0.122000 0.141333
0 0.189000 0.294667 0.122000 0.136000
0 0.202000 0.425333 0.128000 0.136000
0 0.201000 0.549333 0.118000 0.128000
0 0.197000 0.674667 0.122000 0.133333
0 0.205000 0.794667 0.118000 0.122667
0 0.218000 0.914667 0.120000 0.117333
0 0.228000 0.982667 0.112000 0.034667
0 0.287000 0.050667 0.122000 0.101333
0 0.302000 0.165333 0.124000 0.133333
0 0.312000 0.290667 0.120000 0.133333
0 0.321000 0.418667 0.118000 0.133333
0 0.320000 0.545333 0.120000 0.130667
0 0.314000 0.668000 0.116000 0.130667
0 0.321000 0.790667 0.118000 0.125333
0 0.334000 0.905333 0.116000 0.120000
0 0.341000 0.977333 0.110000 0.045333
0 0.412000 0.049333 0.120000 0.098667
0 0.422000 0.162667 0.120000 0.122667
0 0.430000 0.289333 0.116000 0.130667
0 0.437000 0.418667 0.114000 0.122667
0 0.436000 0.542667 0.112000 0.120000
0 0.433000 0.666667 0.114000 0.122667
0 0.437000 0.784000 0.114000 0.122667
0 0.449000 0.897333 0.110000 0.120000
0 0.451000 0.977333 0.106000 0.045333
0 0.534000 0.050667 0.112000 0.101333
0 0.538000 0.165333 0.116000 0.128000
0 0.546000 0.293333 0.112000 0.128000
0 0.551000 0.418667 0.110000 0.128000
0 0.552000 0.542667 0.112000 0.120000
0 0.549000 0.660000 0.114000 0.125333
0 0.553000 0.780000 0.114000 0.125333
0 0.559000 0.892000 0.110000 0.120000
0 0.560000 0.972000 0.108000 0.056000
0 0.648000 0.052000 0.116000 0.104000
0 0.761000 0.054667 0.110000 0.109333
0 0.868000 0.058667 0.104000 0.117333
0 0.658000 0.164000 0.120000 0.130667
0 0.771000 0.170667 0.106000 0.128000
0 0.875000 0.177333 0.102000 0.125333
0 0.661000 0.290667 0.114000 0.122667
0 0.777000 0.296000 0.114000 0.122667
0 0.883000 0.301333 0.102000 0.122667
0 0.664000 0.416000 0.112000 0.128000
0 0.665000 0.541333 0.114000 0.122667
0 0.662000 0.662667 0.116000 0.120000
0 0.665000 0.776000 0.110000 0.117333
0 0.667000 0.889333 0.106000 0.114667
0 0.668000 0.970667 0.104000 0.058667
0 0.775000 0.420000 0.110000 0.125333
0 0.776000 0.541333 0.116000 0.117333
0 0.773000 0.658667 0.106000 0.117333
0 0.776000 0.773333 0.108000 0.117333
0 0.772000 0.884000 0.104000 0.114667
0 0.772000 0.968000 0.104000 0.058667
0 0.883000 0.421333 0.110000 0.117333
0 0.885000 0.538667 0.102000 0.112000
0 0.883000 0.649333 0.110000 0.114667
0 0.883000 0.758667 0.106000 0.109333
0 0.877000 0.864000 0.106000 0.112000
0 0.873000 0.953333 0.098000 0.093333
0 0.966000 0.601333 0.068000 0.173333
0 0.966000 0.738667 0.068000 0.117333
0 0.964000 0.856000 0.072000 0.122667
0 0.958000 0.954667 0.084000 0.090667
0 0.952000 0.330667 0.040000 0.048000
0 0.986000 0.328000 0.028000 0.048000
0 0.951000 0.372000 0.042000 0.045333
0 0.986000 0.374667 0.028000 0.050667
0 0.955000 0.417333 0.034000 0.045333
0 0.986000 0.421333 0.028000 0.053333
0 0.953000 0.461333 0.034000 0.037333
0 0.984000 0.465333 0.032000 0.040000
0 0.950000 0.502667 0.032000 0.050667
0 0.983000 0.518667 0.034000 0.072000
