0 0.108625 0.122396 0.217250 0.201042
0 0.116958 0.311458 0.233917 0.177083
0 0.431833 0.118229 0.472917 0.201042
0 0.442771 0.303646 0.444792 0.169792
0 0.466208 0.463021 0.397917 0.155208
0 0.787042 0.446875 0.256250 0.152083
0 0.945125 0.441812 0.105750 0.147625
0 0.906062 0.269271 0.183875 0.190625
0 0.802146 0.278125 0.284375 0.197917
0 0.910479 0.114062 0.069792 0.128125
0 0.964917 0.112104 0.066167 0.136208
0 0.447458 0.730729 0.343750 0.173958
0 0.781313 0.716667 0.351042 0.172917
0 0.950333 0.697583 0.095333 0.163167
0 0.956583 0.827500 0.082833 0.095000
0 0.948250 0.914687 0.099500 0.089375
0 0.762042 0.932813 0.302083 0.098958
0 0.772458 0.839583 0.312500 0.106250
0 0.452146 0.859375 0.323958 0.112500
0 0.457354 0.946875 0.311458 0.102083
0 0.154979 0.957292 0.309958 0.081250
0 0.148729 0.879167 0.297458 0.116667
0 0.143521 0.748250 0.287042 0.171500
0 0.444333 0.632812 0.318750 0.069792
0 0.745896 0.618229 0.317708 0.059375
0 0.932104 0.606625 0.131792 0.049250
0 0.145375 0.645833 0.289583 0.060417
