0 0.108266 0.214614 0.216531 0.201686
0 0.124692 0.411181 0.249384 0.199721
0 0.126006 0.603170 0.252012 0.225836
0 0.130277 0.789471 0.260554 0.263329
0 0.130277 0.912137 0.260554 0.169416
0 0.154112 0.089983 0.197116 0.159280
0 0.346628 0.087397 0.189231 0.160314
0 0.239857 0.249780 0.050593 0.164452
0 0.355826 0.248229 0.187917 0.165486
0 0.350570 0.408026 0.186603 0.164452
0 0.358126 0.568340 0.184632 0.166520
0 0.356155 0.726069 0.185946 0.165486
0 0.367653 0.897140 0.224712 0.199410
0 0.540786 0.551275 0.192516 0.175829
0 0.540786 0.716761 0.189888 0.161349
0 0.543743 0.875006 0.182660 0.165486
0 0.489865 0.088432 0.110385 0.114806
0 0.560120 0.971092 0.162325 0.051507
0 0.491836 0.198583 0.102500 0.111703
0 0.499392 0.310803 0.114984 0.121012
0 0.499721 0.418369 0.114327 0.102394
0 0.603206 0.080157 0.124183 0.116874
0 0.610105 0.191343 0.122212 0.111703
0 0.618647 0.299943 0.128782 0.117909
0 0.619961 0.413715 0.126154 0.117909
0 0.661355 0.526969 0.049936 0.108600
0 0.660698 0.637638 0.060449 0.114806
0 0.664641 0.750892 0.061763 0.111703
0 0.667269 0.862078 0.064391 0.112737
0 0.770426 0.132906 0.208942 0.168589
0 0.793751 0.258572 0.201715 0.157212
0 0.799008 0.383720 0.199087 0.140663
0 0.801308 0.517143 0.198430 0.140663
0 0.803279 0.640223 0.201058 0.146869
0 0.806235 0.768475 0.199087 0.155143
0 0.809849 0.895175 0.203686 0.181000
0 0.850915 0.028960 0.147837 0.039303
0 0.936775 0.104204 0.122442 0.145317
0 0.945317 0.239799 0.105358 0.138905
0 0.946302 0.371723 0.103387 0.137767
0 0.948602 0.506232 0.098788 0.141801
0 0.949916 0.636603 0.096160 0.137560
0 0.951887 0.769587 0.092217 0.132234
0 0.952544 0.909784 0.090903 0.147644
