0 0.101000 0.489706 0.162000 0.208824
0 0.092000 0.298529 0.168000 0.202941
0 0.085000 0.104412 0.170000 0.208824
0 0.092000 0.675000 0.124000 0.208824
0 0.101000 0.851471 0.122000 0.202941
0 0.257000 0.617647 0.218000 0.323529
0 0.263000 0.863235 0.206000 0.273529
0 0.189000 0.100000 0.054000 0.200000
0 0.198000 0.302941 0.052000 0.205882
0 0.203000 0.432353 0.046000 0.088235
0 0.245000 0.438235 0.038000 0.058824
0 0.284000 0.445588 0.040000 0.038235
0 0.317000 0.450000 0.026000 0.017647
0 0.441000 0.589706 0.194000 0.273529
0 0.453000 0.826471 0.174000 0.288235
0 0.402000 0.977941 0.116000 0.044118
0 0.491000 0.951471 0.102000 0.091176
0 0.240000 0.310294 0.044000 0.214706
0 0.281000 0.323529 0.046000 0.229412
0 0.323000 0.333824 0.042000 0.238235
0 0.442000 0.347059 0.192000 0.258824
0 0.435000 0.108824 0.202000 0.217647
0 0.310000 0.105882 0.048000 0.211765
0 0.270000 0.104412 0.048000 0.208824
0 0.232000 0.101471 0.040000 0.202941
0 0.549000 0.107353 0.026000 0.214706
0 0.549000 0.336765 0.026000 0.238235
0 0.550000 0.567647 0.024000 0.223529
0 0.551000 0.783824 0.022000 0.208824
0 0.553000 0.941176 0.022000 0.111765
0 0.650000 0.948529 0.172000 0.102941
0 0.652000 0.808824 0.176000 0.276471
0 0.655000 0.583824 0.182000 0.267647
0 0.656000 0.345588 0.184000 0.261765
0 0.658000 0.108824 0.192000 0.217647
0 0.788000 0.916176 0.104000 0.167647
0 0.792000 0.755882 0.104000 0.247059
0 0.886000 0.889706 0.088000 0.214706
0 0.964000 0.838235 0.068000 0.205882
0 0.966000 0.667647 0.068000 0.205882
0 0.888000 0.710294 0.088000 0.226471
0 0.968000 0.486765 0.064000 0.197059
0 0.892000 0.513235 0.096000 0.214706
0 0.796000 0.547059 0.104000 0.241176
0 0.802000 0.330882 0.112000 0.238235
0 0.807000 0.108824 0.114000 0.217647
0 0.910000 0.104412 0.104000 0.208824
0 0.978000 0.105882 0.044000 0.200000
0 0.972000 0.302941 0.056000 0.194118
0 0.901000 0.313235 0.102000 0.214706
