0 0.154000 0.273927 0.240000 0.194719
0 0.376000 0.274752 0.240000 0.196370
0 0.607000 0.276403 0.230000 0.196370
0 0.202000 0.460396 0.308000 0.181518
0 0.502000 0.463696 0.292000 0.181518
0 0.160000 0.638614 0.224000 0.174917
0 0.379000 0.636139 0.218000 0.183168
0 0.595000 0.641089 0.218000 0.173267
0 0.198000 0.806106 0.296000 0.163366
0 0.487000 0.807756 0.290000 0.163366
0 0.162000 0.942244 0.208000 0.112211
0 0.373000 0.943069 0.214000 0.113861
0 0.583000 0.943894 0.210000 0.112211
0 0.832000 0.286304 0.240000 0.199670
0 0.791000 0.466172 0.298000 0.183168
0 0.810000 0.642739 0.224000 0.173267
0 0.764000 0.806931 0.288000 0.168317
0 0.784000 0.944719 0.208000 0.110561
