0 0.022000 0.227003 0.044000 0.115727
0 0.022000 0.338279 0.044000 0.106825
0 0.023000 0.442878 0.046000 0.105341
0 0.023000 0.541543 0.046000 0.106825
0 0.024000 0.630564 0.048000 0.097923
0 0.206000 0.225519 0.332000 0.252226
0 0.390000 0.186944 0.036000 0.086053
0 0.613000 0.233680 0.414000 0.292285
0 0.400000 0.297478 0.236000 0.140950
0 0.267000 0.296736 0.038000 0.121662
0 0.117000 0.463650 0.142000 0.235905
0 0.401000 0.503709 0.422000 0.307122
0 0.679000 0.498516 0.186000 0.249258
0 0.117000 0.661721 0.142000 0.255193
0 0.380000 0.757418 0.420000 0.351632
0 0.649000 0.729970 0.166000 0.255193
0 0.773000 0.673591 0.134000 0.237389
0 0.137000 0.873145 0.086000 0.235905
0 0.375000 0.905045 0.402000 0.189911
0 0.633000 0.902077 0.146000 0.195846
0 0.747000 0.866469 0.130000 0.225519
