0 0.129000 0.132000 0.086000 0.173333
0 0.209000 0.136000 0.086000 0.176000
0 0.132000 0.304000 0.088000 0.170667
0 0.217000 0.309333 0.086000 0.170667
0 0.159000 0.405333 0.078000 0.032000
0 0.229000 0.406667 0.062000 0.034667
0 0.135000 0.494667 0.086000 0.162667
0 0.215000 0.504000 0.086000 0.160000
0 0.309000 0.025333 0.166000 0.050667
0 0.465000 0.022667 0.158000 0.045333
0 0.322000 0.193333 0.148000 0.285333
0 0.463000 0.192000 0.142000 0.293333
0 0.624000 0.162667 0.180000 0.325333
0 0.777000 0.162667 0.202000 0.325333
0 0.917000 0.164000 0.162000 0.328000
0 0.330000 0.474667 0.144000 0.282667
0 0.472000 0.473333 0.144000 0.280000
0 0.606000 0.484000 0.140000 0.274667
0 0.599000 0.332000 0.154000 0.018667
0 0.742000 0.334667 0.144000 0.029333
0 0.747000 0.485333 0.142000 0.272000
0 0.884000 0.336000 0.140000 0.032000
0 0.885000 0.492000 0.138000 0.274667
0 0.958000 0.382667 0.080000 0.114667
0 0.142000 0.660000 0.092000 0.168000
0 0.217000 0.665333 0.082000 0.162667
0 0.136000 0.826667 0.084000 0.160000
0 0.218000 0.826667 0.084000 0.165333
0 0.137000 0.953333 0.078000 0.093333
0 0.228000 0.953333 0.104000 0.088000
0 0.333000 0.944000 0.150000 0.106667
0 0.334000 0.758667 0.152000 0.306667
0 0.473000 0.762667 0.142000 0.298667
0 0.612000 0.772000 0.140000 0.296000
0 0.475000 0.925333 0.138000 0.053333
0 0.476000 0.974667 0.152000 0.050667
0 0.741000 0.758667 0.154000 0.274667
0 0.613000 0.937333 0.138000 0.045333
0 0.624000 0.976000 0.156000 0.048000
0 0.782000 0.944000 0.200000 0.106667
0 0.873000 0.766667 0.142000 0.280000
0 0.909000 0.946667 0.182000 0.101333
0 0.972000 0.846667 0.056000 0.136000
0 0.986000 0.925333 0.028000 0.026667
0 0.950000 0.624000 0.096000 0.384000
