0 0.027000 0.336333 0.054000 0.087739
0 0.081000 0.336333 0.078000 0.092238
0 0.155000 0.337458 0.082000 0.096738
0 0.251000 0.336895 0.114000 0.097863
0 0.355000 0.337458 0.090000 0.103487
0 0.451000 0.337458 0.098000 0.107987
0 0.576000 0.336895 0.160000 0.113611
0 0.703000 0.337458 0.106000 0.114736
0 0.875000 0.335208 0.250000 0.132733
0 0.042000 0.422385 0.084000 0.082115
0 0.041000 0.502250 0.082000 0.084364
0 0.195000 0.430821 0.230000 0.094488
0 0.323000 0.430821 0.022000 0.080990
0 0.462000 0.443195 0.256000 0.105737
0 0.605000 0.441507 0.034000 0.093363
0 0.765000 0.456693 0.302000 0.125984
0 0.951000 0.461755 0.098000 0.118110
0 0.860000 0.578740 0.280000 0.138358
0 0.676000 0.552868 0.096000 0.100112
0 0.557000 0.540495 0.146000 0.106862
0 0.440000 0.537683 0.088000 0.098988
0 0.354000 0.528684 0.080000 0.098988
0 0.271000 0.518560 0.134000 0.096738
0 0.169000 0.515748 0.074000 0.088864
0 0.103000 0.509561 0.066000 0.085489
