0 0.450016 0.250407 0.417073 0.069377
0 0.752455 0.234146 0.176423 0.067209
0 0.310585 0.323035 0.182114 0.078049
0 0.489447 0.313279 0.178862 0.075881
0 0.724000 0.307859 0.272358 0.088889
0 0.327659 0.398916 0.282927 0.095393
0 0.569935 0.398916 0.198374 0.093225
0 0.772374 0.396206 0.211382 0.094309
0 0.256114 0.504607 0.234146 0.113821
0 0.465463 0.503523 0.212195 0.113821
0 0.737821 0.499729 0.339024 0.114905
0 0.279691 0.630894 0.356098 0.136585
0 0.565463 0.629810 0.251220 0.140921
0 0.810585 0.630352 0.261789 0.148509
0 0.185789 0.777778 0.265854 0.159350
0 0.430504 0.781572 0.262602 0.169106
0 0.770341 0.790786 0.415447 0.183198
0 0.009772 0.387534 0.013008 0.035772
0 0.139041 0.455285 0.084553 0.140921
0 0.065463 0.489973 0.038211 0.073713
0 0.067089 0.604336 0.096748 0.181030
0 0.050415 0.687263 0.100829 0.195122
0 0.033350 0.794038 0.066667 0.176694
0 0.972179 0.344715 0.051642 0.164770
0 0.930098 0.394580 0.068293 0.132249
0 0.955301 0.434146 0.058537 0.120325
0 0.966276 0.498103 0.039837 0.128997
0 0.906927 0.478049 0.034959 0.078049
0 0.929691 0.508943 0.065854 0.137669
0 0.941480 0.624390 0.047154 0.119241
