0 0.781250 0.192969 0.437500 0.385937
0 0.761458 0.550781 0.402083 0.345313
0 0.736458 0.839844 0.364583 0.320312
0 0.675000 0.971094 0.275000 0.057813
0 0.380208 0.160156 0.389583 0.320312
0 0.389583 0.469531 0.354167 0.307812
0 0.398958 0.735938 0.318750 0.290625
0 0.405208 0.912500 0.293750 0.175000
0 0.112500 0.159375 0.200000 0.290625
0 0.137500 0.433594 0.191667 0.248438
0 0.158333 0.663281 0.187500 0.242188
0 0.186458 0.863281 0.168750 0.223438
0 0.192708 0.964063 0.152083 0.071875
0 0.033333 0.416406 0.066667 0.235937
0 0.042708 0.633594 0.085417 0.214062
0 0.060417 0.829688 0.120833 0.203125
0 0.059375 0.951562 0.118750 0.096875
0 0.100000 0.017969 0.170833 0.035937
