0 0.552533 0.850000 0.196998 0.300000
0 0.349906 0.856667 0.219512 0.286667
0 0.722326 0.770000 0.150094 0.133333
0 0.719512 0.628333 0.196998 0.156667
0 0.718574 0.475000 0.206379 0.163333
0 0.731707 0.256667 0.228893 0.300000
0 0.518762 0.478333 0.193246 0.163333
0 0.527205 0.628333 0.183865 0.143333
0 0.337711 0.641667 0.202627 0.156667
0 0.322702 0.496667 0.206379 0.166667
0 0.305816 0.283333 0.228893 0.293333
0 0.515009 0.261667 0.208255 0.290000
0 0.708255 0.116667 0.196998 0.160000
0 0.514071 0.093333 0.180113 0.080000
0 0.333021 0.110000 0.196998 0.073333
0 0.512195 0.031667 0.157598 0.063333
0 0.667917 0.026667 0.165103 0.053333
0 0.355535 0.043333 0.163227 0.060000
0 0.358349 0.028333 0.157598 0.056667
