0 0.168275 0.101587 0.301587 0.139683
0 0.425418 0.116402 0.212698 0.129101
0 0.425947 0.245503 0.209524 0.135450
0 0.649228 0.105820 0.215873 0.129101
0 0.650815 0.235450 0.216931 0.121693
0 0.156635 0.241799 0.307937 0.147090
0 0.155831 0.382011 0.311661 0.143915
0 0.156635 0.517989 0.310053 0.134392
0 0.430709 0.369312 0.208466 0.126984
0 0.428063 0.493651 0.201058 0.123810
0 0.435471 0.622751 0.194709 0.142857
0 0.437587 0.744444 0.194709 0.119577
0 0.438646 0.863492 0.186243 0.114286
0 0.069587 0.565270 0.139175 0.165460
0 0.213249 0.689947 0.171429 0.167196
0 0.070116 0.703698 0.140233 0.156603
0 0.062709 0.844889 0.125418 0.134222
0 0.206370 0.834392 0.174603 0.144974
0 0.063767 0.953556 0.127534 0.084889
0 0.212190 0.933862 0.169312 0.123810
0 0.654519 0.359788 0.209524 0.122751
0 0.589968 0.484656 0.086772 0.129101
0 0.732296 0.408466 0.197884 0.173545
0 0.727534 0.523810 0.194709 0.198942
0 0.679386 0.653968 0.269841 0.220106
0 0.665101 0.810053 0.256085 0.183069
0 0.660868 0.920106 0.258201 0.153439
0 0.901392 0.698714 0.193217 0.145429
0 0.895042 0.838968 0.205915 0.137937
0 0.891339 0.945413 0.213323 0.102825
0 0.908270 0.555169 0.179460 0.138339
0 0.895042 0.106593 0.205915 0.157185
0 0.894513 0.258476 0.206974 0.155048
0 0.778328 0.110053 0.040212 0.135450
0 0.777799 0.242857 0.032804 0.130159
0 0.776212 0.314286 0.040212 0.042328
0 0.897159 0.406349 0.201683 0.175661
0 0.302667 0.759259 0.034921 0.168254
0 0.304783 0.893651 0.034921 0.151323
0 0.227005 0.644974 0.179894 0.132275
