0 0.239870 0.083762 0.390244 0.161518
0 0.021171 0.137962 0.037398 0.200542
0 0.172390 0.240401 0.336585 0.188618
0 0.514667 0.226851 0.354472 0.237398
0 0.839057 0.226851 0.313821 0.239566
0 0.203285 0.405171 0.297561 0.158266
0 0.504098 0.419805 0.313821 0.168022
0 0.826252 0.407599 0.343496 0.184802
0 0.210602 0.539588 0.273171 0.156098
0 0.490276 0.561810 0.305691 0.146341
0 0.830317 0.560900 0.335366 0.166201
0 0.233366 0.663707 0.295935 0.135501
0 0.518732 0.640401 0.294309 0.264499
0 0.819545 0.695686 0.333333 0.140921
0 0.231740 0.786201 0.279675 0.133333
0 0.502472 0.814385 0.278049 0.142005
0 0.810602 0.823057 0.367480 0.252575
0 0.028065 0.316699 0.056130 0.161268
0 0.037008 0.444737 0.074016 0.168022
0 0.042309 0.595415 0.082927 0.187534
0 0.050439 0.767772 0.099187 0.198374
