0 0.463399 0.058549 0.385621 0.117098
0 0.473203 0.170993 0.401307 0.149925
0 0.477451 0.299850 0.420261 0.159724
0 0.483007 0.446590 0.426144 0.155314
0 0.485948 0.597740 0.449020 0.163644
0 0.473203 0.768978 0.473203 0.170993
0 0.466863 0.927713 0.493725 0.141576
0 0.136086 0.056165 0.272171 0.111412
0 0.139144 0.146486 0.278287 0.123333
0 0.144037 0.274863 0.288073 0.135253
0 0.144037 0.414013 0.285627 0.143048
0 0.139144 0.563709 0.277064 0.157261
0 0.134251 0.728993 0.266055 0.173308
0 0.123853 0.908449 0.247706 0.180103
0 0.825944 0.140971 0.344111 0.147010
0 0.920903 0.038002 0.153472 0.076004
0 0.830806 0.268814 0.334389 0.156817
0 0.840181 0.404766 0.315639 0.161857
0 0.847472 0.553713 0.301056 0.165896
0 0.849903 0.717506 0.296194 0.175641
