0 0.081154 0.113108 0.162308 0.226216
0 0.091410 0.292731 0.182821 0.175638
0 0.087821 0.450073 0.175641 0.178078
0 0.091026 0.587629 0.171282 0.151786
0 0.100256 0.719900 0.193846 0.164796
0 0.108846 0.852117 0.217692 0.164688
0 0.311538 0.091614 0.335385 0.181059
0 0.404872 0.301946 0.448205 0.287310
0 0.417179 0.501979 0.458462 0.297067
0 0.419231 0.672738 0.423590 0.328509
0 0.413077 0.836125 0.409231 0.323521
0 0.733487 0.092698 0.529026 0.185396
0 0.813487 0.277118 0.369026 0.232883
0 0.816051 0.483141 0.363897 0.226324
0 0.812564 0.667317 0.350769 0.215753
0 0.788974 0.845666 0.346667 0.225511
