0 0.054545 0.206818 0.109091 0.177273
0 0.272727 0.200000 0.303030 0.190909
0 0.560606 0.122727 0.284848 0.245455
0 0.109091 0.395455 0.218182 0.200000
0 0.266667 0.377273 0.109091 0.200000
0 0.515152 0.377273 0.412121 0.272727
0 0.784848 0.354545 0.151515 0.236364
0 0.930303 0.345455 0.127273 0.209091
0 0.903030 0.543182 0.193939 0.231818
0 0.603030 0.613636 0.418182 0.300000
0 0.321212 0.579545 0.169697 0.222727
0 0.124242 0.579545 0.248485 0.222727
0 0.187879 0.702273 0.375758 0.131818
0 0.142424 0.875000 0.284848 0.250000
0 0.357576 0.845455 0.424242 0.309091
0 0.606061 0.825000 0.375758 0.268182
0 0.839394 0.754545 0.127273 0.218182
0 0.942424 0.700000 0.090909 0.190909
0 0.715152 0.920455 0.278788 0.150000
0 0.924242 0.870455 0.151515 0.240909
