0 0.365000 0.020000 0.178000 0.040000
0 0.539000 0.012000 0.170000 0.024000
0 0.751000 0.023000 0.254000 0.046000
0 0.309000 0.048000 0.222000 0.032000
0 0.525000 0.037000 0.210000 0.038000
0 0.776000 0.047000 0.276000 0.050000
0 0.241000 0.086000 0.282000 0.076000
0 0.500000 0.078000 0.268000 0.072000
0 0.822000 0.061000 0.356000 0.050000
0 0.149000 0.281000 0.298000 0.370000
0 0.427000 0.253000 0.354000 0.350000
0 0.799000 0.248000 0.402000 0.340000
0 0.194000 0.513000 0.388000 0.262000
0 0.537000 0.505000 0.338000 0.322000
0 0.856000 0.536000 0.288000 0.256000
0 0.794000 0.675000 0.412000 0.326000
0 0.428000 0.737000 0.308000 0.262000
0 0.149000 0.748000 0.298000 0.244000
0 0.204000 0.897000 0.376000 0.178000
0 0.527000 0.833000 0.298000 0.334000
0 0.824000 0.914000 0.288000 0.172000
0 0.054000 0.081000 0.108000 0.146000
