0 0.106869 0.207552 0.145928 0.292929
0 0.236793 0.193603 0.182274 0.366041
0 0.133044 0.498557 0.146199 0.291967
0 0.168441 0.763348 0.135078 0.267436
0 0.292805 0.810245 0.156506 0.285233
0 0.263511 0.524050 0.169526 0.316979
0 0.394521 0.199857 0.185277 0.382521
0 0.413238 0.542264 0.163464 0.333811
0 0.434108 0.837870 0.157270 0.306113
0 0.590578 0.853705 0.162079 0.285923
0 0.576338 0.563131 0.171400 0.361341
0 0.601711 0.205005 0.235092 0.409091
0 0.771522 0.544569 0.218383 0.506367
0 0.771775 0.875379 0.186407 0.242576
