0 0.111529 0.172507 0.223057 0.345013
0 0.397004 0.168851 0.421456 0.337702
0 0.799034 0.167302 0.397931 0.330473
0 0.981410 0.224019 0.033180 0.210842
0 0.866467 0.510270 0.263065 0.373641
0 0.567502 0.519978 0.374713 0.372814
0 0.198153 0.530305 0.396169 0.385207
0 0.029571 0.594334 0.059004 0.300524
0 0.050992 0.871105 0.101985 0.250953
0 0.147640 0.857525 0.204720 0.279559
0 0.301398 0.852878 0.181203 0.288854
0 0.464054 0.849418 0.161686 0.292262
0 0.619992 0.843222 0.159387 0.290196
0 0.769418 0.837025 0.170115 0.284000
0 0.912828 0.817058 0.170345 0.270234
0 0.849670 0.968543 0.279341 0.057523
0 0.619142 0.986616 0.170284 0.021377
0 0.988307 0.967655 0.019387 0.059299
