0 0.141495 0.356607 0.281959 0.105647
0 0.114175 0.454707 0.228351 0.102938
0 0.115979 0.558613 0.230928 0.113387
0 0.115979 0.662185 0.231959 0.109517
0 0.116495 0.764682 0.231959 0.112226
0 0.123196 0.871297 0.245361 0.109517
0 0.368299 0.875360 0.256186 0.112226
0 0.360825 0.768359 0.255670 0.110291
0 0.356959 0.663099 0.257216 0.109517
0 0.354639 0.557258 0.249485 0.105260
0 0.350000 0.454707 0.245361 0.102938
0 0.606443 0.449676 0.271649 0.105260
0 0.606371 0.555904 0.261856 0.107969
0 0.617741 0.663679 0.262371 0.111452
0 0.616423 0.775572 0.265464 0.114161
0 0.627062 0.884261 0.267526 0.118417
0 0.868814 0.442904 0.258247 0.116482
0 0.868299 0.553582 0.259278 0.111839
0 0.868041 0.665034 0.258763 0.114935
0 0.867928 0.774775 0.254701 0.123123
0 0.873742 0.885816 0.248515 0.129268
