0 0.348000 0.187296 0.448000 0.208469
0 0.341000 0.363192 0.446000 0.195440
0 0.702000 0.342834 0.288000 0.200326
0 0.331000 0.538274 0.434000 0.174267
0 0.684000 0.534202 0.288000 0.195440
0 0.325000 0.708469 0.426000 0.166124
0 0.674000 0.713355 0.284000 0.179153
0 0.321000 0.868078 0.422000 0.162866
0 0.661000 0.879479 0.282000 0.182410
0 0.317000 0.973127 0.402000 0.053746
0 0.653000 0.973127 0.270000 0.040717
0 0.016000 0.757329 0.032000 0.377850
0 0.059000 0.641694 0.118000 0.429967
0 0.056000 0.928339 0.112000 0.143322
0 0.897000 0.798860 0.206000 0.197068
0 0.893000 0.939739 0.214000 0.091205
0 0.913000 0.460098 0.174000 0.154723
0 0.894000 0.643322 0.160000 0.117264
0 0.963000 0.625407 0.066000 0.146580
0 0.968000 0.514658 0.064000 0.087948
