0 0.096244 0.063380 0.192488 0.119718
0 0.406103 0.063380 0.427230 0.119718
0 0.812207 0.051056 0.375587 0.102113
0 0.098592 0.190141 0.197183 0.154930
0 0.401408 0.184859 0.408451 0.165493
0 0.805164 0.170775 0.389671 0.186620
0 0.100939 0.336268 0.201878 0.130282
0 0.399061 0.334507 0.394366 0.147887
0 0.800469 0.341549 0.399061 0.161972
0 0.105634 0.468310 0.211268 0.119718
0 0.396714 0.480634 0.380282 0.137324
0 0.795775 0.503521 0.408451 0.154930
0 0.107981 0.593310 0.215962 0.123239
0 0.401408 0.607394 0.370892 0.144366
0 0.795775 0.644366 0.408451 0.169014
0 0.105634 0.704225 0.211268 0.119718
0 0.399061 0.730634 0.366197 0.151408
0 0.793427 0.774648 0.413146 0.161972
0 0.105634 0.811620 0.211268 0.130282
0 0.392019 0.852113 0.361502 0.161972
0 0.791080 0.904930 0.417840 0.190141
0 0.107981 0.910211 0.215962 0.123239
0 0.387324 0.940141 0.361502 0.119718
0 0.772300 0.968310 0.399061 0.063380
0 0.035211 0.973592 0.070423 0.052817
0 0.154930 0.978873 0.244131 0.042254
