0 0.184000 0.080770 0.368000 0.158538
0 0.308000 0.240292 0.139310 0.175003
0 0.162483 0.228901 0.154483 0.185358
0 0.042621 0.221213 0.085241 0.184167
0 0.199172 0.463964 0.398345 0.311691
0 0.131000 0.786373 0.258000 0.424252
0 0.386621 0.784302 0.244138 0.428394
0 0.610069 0.793621 0.216552 0.409755
0 0.554207 0.405975 0.328276 0.369680
0 0.812828 0.418401 0.197241 0.346899
0 0.945069 0.428109 0.105862 0.326965
0 0.726448 0.136455 0.543103 0.272911
0 0.443862 0.172466 0.044138 0.275448
0 0.399034 0.219064 0.045517 0.231956
0 0.418828 0.072771 0.082345 0.145542
