0 0.131000 0.138138 0.242000 0.129129
0 0.168000 0.227477 0.256000 0.133634
0 0.202000 0.308559 0.248000 0.121622
0 0.190000 0.407658 0.280000 0.115616
0 0.199000 0.491742 0.246000 0.109610
0 0.202000 0.571321 0.224000 0.100601
0 0.214000 0.647147 0.248000 0.099099
0 0.257000 0.710961 0.210000 0.106607
0 0.270000 0.776276 0.208000 0.090090
0 0.282000 0.852102 0.196000 0.070571
0 0.271000 0.923423 0.206000 0.090090
0 0.270000 0.975976 0.200000 0.048048
0 0.337000 0.057057 0.242000 0.114114
0 0.361000 0.152402 0.238000 0.133634
0 0.407000 0.238739 0.238000 0.117117
0 0.433000 0.328078 0.234000 0.109610
0 0.437000 0.412162 0.222000 0.097598
0 0.401000 0.499249 0.230000 0.097598
0 0.425000 0.569069 0.230000 0.111111
0 0.446000 0.633634 0.224000 0.120120
0 0.476000 0.704204 0.224000 0.147147
0 0.480000 0.806306 0.220000 0.078078
0 0.478000 0.888138 0.216000 0.094595
0 0.473000 0.965465 0.202000 0.069069
0 0.809000 0.026276 0.254000 0.052553
0 0.801000 0.084835 0.250000 0.100601
0 0.774000 0.193694 0.252000 0.123123
0 0.777000 0.280030 0.242000 0.100601
0 0.736000 0.370120 0.252000 0.097598
0 0.713000 0.449700 0.246000 0.103604
0 0.715000 0.539039 0.226000 0.099099
0 0.712000 0.623874 0.232000 0.097598
0 0.697000 0.690691 0.218000 0.150150
0 0.695000 0.801051 0.214000 0.094595
0 0.686000 0.876126 0.204000 0.088589
0 0.610000 0.948198 0.076000 0.085586
0 0.974000 0.036036 0.052000 0.069069
0 0.979000 0.071321 0.042000 0.055556
0 0.966000 0.116366 0.068000 0.079580
0 0.973000 0.139640 0.054000 0.060060
0 0.970000 0.167417 0.060000 0.049550
0 0.965000 0.196697 0.070000 0.054054
0 0.956000 0.221471 0.088000 0.049550
0 0.949000 0.248498 0.102000 0.049550
0 0.949000 0.280781 0.102000 0.045045
0 0.953000 0.308559 0.094000 0.028529
0 0.939000 0.336336 0.122000 0.033033
0 0.943000 0.367117 0.114000 0.028529
0 0.937000 0.391141 0.126000 0.028529
0 0.927000 0.416667 0.146000 0.046547
0 0.930000 0.448949 0.140000 0.048048
0 0.956000 0.497748 0.088000 0.058559
0 0.897000 0.472222 0.046000 0.031532
0 0.955000 0.533033 0.090000 0.066066
0 0.953000 0.567568 0.094000 0.084084
0 0.873000 0.521772 0.078000 0.061562
0 0.886000 0.493994 0.052000 0.042042
0 0.869000 0.551051 0.086000 0.060060
0 0.955000 0.603604 0.090000 0.075075
0 0.954000 0.634384 0.092000 0.085586
0 0.952000 0.668919 0.096000 0.094595
0 0.868000 0.582583 0.080000 0.063063
0 0.872000 0.607357 0.080000 0.064565
0 0.941000 0.734985 0.118000 0.133634
0 0.873000 0.634384 0.086000 0.067568
0 0.935000 0.775526 0.130000 0.154655
0 0.862000 0.656156 0.068000 0.060060
0 0.852000 0.680931 0.060000 0.067568
0 0.853000 0.712462 0.086000 0.088589
0 0.948000 0.816817 0.104000 0.135135
0 0.855000 0.734234 0.098000 0.087087
0 0.951000 0.855105 0.098000 0.151652
0 0.853000 0.774775 0.094000 0.096096
