0 0.205928 0.191959 0.259984 0.239404
0 0.387638 0.191607 0.217983 0.234119
0 0.584438 0.207167 0.201834 0.236333
0 0.773837 0.201000 0.232318 0.240667
0 0.195085 0.389008 0.208920 0.164168
0 0.389419 0.387285 0.199064 0.161904
0 0.580805 0.400919 0.196067 0.160505
0 0.779051 0.398083 0.200729 0.164488
0 0.208405 0.548469 0.196581 0.159864
0 0.217482 0.695791 0.185594 0.143282
0 0.233724 0.833759 0.179861 0.140306
0 0.394835 0.546344 0.191565 0.160714
0 0.397821 0.700043 0.182728 0.150085
0 0.409525 0.841199 0.177950 0.144133
0 0.581862 0.555697 0.184400 0.145408
0 0.581145 0.702381 0.186788 0.151361
0 0.585564 0.847577 0.176040 0.142432
0 0.771278 0.557611 0.194909 0.159439
0 0.766251 0.707483 0.186809 0.147109
0 0.765680 0.849277 0.186041 0.160289
