0 0.065000 0.746667 0.066000 0.144000
0 0.128000 0.721333 0.068000 0.157333
0 0.201000 0.696000 0.086000 0.181333
0 0.300000 0.664000 0.152000 0.240000
0 0.499000 0.584000 0.314000 0.368000
0 0.429000 0.314667 0.346000 0.448000
0 0.254000 0.474667 0.168000 0.266667
0 0.780000 0.424000 0.440000 0.554667
0 0.829000 0.817333 0.342000 0.365333
0 0.548000 0.846667 0.336000 0.301333
0 0.322000 0.878667 0.176000 0.237333
0 0.205000 0.868000 0.098000 0.178667
0 0.120000 0.872000 0.088000 0.170667
0 0.066000 0.873333 0.032000 0.120000
0 0.725000 0.193333 0.546000 0.381333
0 0.171000 0.552000 0.094000 0.181333
0 0.194000 0.414667 0.136000 0.168000
0 0.106000 0.593333 0.076000 0.173333
0 0.053000 0.625333 0.030000 0.136000
