0 0.021000 0.421333 0.042000 0.042667
0 0.023000 0.470667 0.046000 0.056000
0 0.024000 0.522667 0.048000 0.048000
0 0.026000 0.572000 0.048000 0.056000
0 0.036000 0.670667 0.072000 0.098667
0 0.036000 0.624000 0.072000 0.042667
0 0.039000 0.766667 0.078000 0.120000
0 0.135000 0.853333 0.174000 0.186667
0 0.990000 0.456000 0.020000 0.053333
0 0.993000 0.418667 0.014000 0.021333
0 0.993000 0.393333 0.014000 0.029333
0 0.080000 0.368000 0.032000 0.085333
0 0.113000 0.361333 0.034000 0.093333
0 0.150000 0.357333 0.040000 0.096000
0 0.154000 0.454667 0.048000 0.098667
0 0.186000 0.456000 0.020000 0.096000
0 0.184000 0.392000 0.020000 0.026667
0 0.314000 0.428000 0.244000 0.130667
0 0.083000 0.537333 0.026000 0.082667
0 0.113000 0.454667 0.038000 0.093333
0 0.082000 0.453333 0.028000 0.085333
0 0.115000 0.542667 0.042000 0.093333
0 0.157000 0.552000 0.042000 0.096000
0 0.191000 0.557333 0.022000 0.101333
0 0.085000 0.622667 0.026000 0.088000
0 0.118000 0.632000 0.048000 0.101333
0 0.162000 0.648000 0.044000 0.106667
0 0.197000 0.654667 0.026000 0.093333
0 0.199000 0.756000 0.034000 0.109333
0 0.164000 0.737333 0.040000 0.098667
0 0.124000 0.721333 0.044000 0.098667
0 0.092000 0.705333 0.032000 0.088000
0 0.095000 0.756000 0.034000 0.024000
0 0.332000 0.797333 0.240000 0.170667
0 0.325000 0.678667 0.242000 0.152000
0 0.319000 0.554667 0.242000 0.144000
0 0.338000 0.906667 0.236000 0.186667
0 0.540000 0.421333 0.212000 0.128000
0 0.541000 0.541333 0.210000 0.144000
0 0.544000 0.656000 0.204000 0.154667
0 0.547000 0.769333 0.202000 0.168000
0 0.549000 0.874667 0.198000 0.186667
0 0.194000 0.317333 0.060000 0.122667
0 0.257000 0.305333 0.066000 0.136000
0 0.429000 0.292000 0.282000 0.146667
0 0.309000 0.177333 0.250000 0.168000
0 0.531000 0.182667 0.198000 0.152000
0 0.587000 0.309333 0.034000 0.101333
0 0.219000 0.080000 0.122000 0.160000
0 0.420000 0.061333 0.276000 0.122667
0 0.580000 0.084000 0.040000 0.098667
0 0.607000 0.116000 0.014000 0.045333
0 0.712000 0.136000 0.196000 0.122667
0 0.667000 0.232000 0.126000 0.106667
0 0.608000 0.322667 0.008000 0.069333
0 0.710000 0.329333 0.196000 0.098667
0 0.794000 0.241333 0.128000 0.104000
0 0.821000 0.161333 0.026000 0.077333
0 0.820000 0.332000 0.024000 0.082667
0 0.682000 0.424000 0.068000 0.090667
0 0.727000 0.518667 0.162000 0.109333
0 0.785000 0.418667 0.138000 0.090667
0 0.681000 0.612000 0.074000 0.093333
0 0.728000 0.694667 0.164000 0.125333
0 0.785000 0.589333 0.134000 0.117333
0 0.818000 0.501333 0.020000 0.074667
0 0.822000 0.661333 0.028000 0.080000
0 0.789000 0.758667 0.126000 0.136000
0 0.687000 0.794667 0.078000 0.101333
0 0.893000 0.188000 0.122000 0.093333
0 0.868000 0.260000 0.076000 0.088000
0 0.922000 0.265333 0.028000 0.077333
0 0.951000 0.270667 0.026000 0.072000
0 0.898000 0.338667 0.132000 0.074667
0 0.880000 0.414667 0.052000 0.082667
0 0.921000 0.412000 0.030000 0.072000
0 0.952000 0.413333 0.028000 0.069333
0 0.890000 0.486667 0.124000 0.077333
0 0.882000 0.561333 0.104000 0.088000
0 0.957000 0.542667 0.046000 0.082667
0 0.893000 0.629333 0.114000 0.096000
0 0.966000 0.608000 0.024000 0.069333
0 0.930000 0.689333 0.060000 0.093333
0 0.969000 0.665333 0.018000 0.061333
0 0.868000 0.713333 0.060000 0.088000
0 0.965000 0.476000 0.022000 0.050667
0 0.974000 0.340000 0.020000 0.061333
