0 0.147289 0.105267 0.294579 0.208514
0 0.313333 0.089841 0.201270 0.170794
0 0.379365 0.076825 0.212698 0.149841
0 0.136174 0.282781 0.272348 0.200000
0 0.300000 0.250435 0.110580 0.165565
0 0.411263 0.219283 0.116041 0.153925
0 0.413672 0.331522 0.063521 0.114239
0 0.176330 0.416382 0.276210 0.197270
0 0.030723 0.420181 0.061446 0.133133
0 0.020638 0.533396 0.040525 0.109193
0 0.164540 0.541998 0.278049 0.187299
0 0.048593 0.640713 0.097186 0.129456
0 0.208818 0.653037 0.251032 0.197630
0 0.345351 0.363600 0.078528 0.139583
0 0.336949 0.479174 0.092332 0.162101
0 0.408277 0.426153 0.080257 0.153620
0 0.361437 0.564815 0.082380 0.160741
0 0.570919 0.081614 0.156473 0.157223
0 0.734184 0.086207 0.175310 0.149425
0 0.906184 0.088000 0.183632 0.156000
0 0.587658 0.219828 0.202902 0.139655
0 0.764000 0.227586 0.164800 0.139080
0 0.918253 0.235598 0.159494 0.147195
0 0.541339 0.333465 0.151181 0.135433
0 0.691071 0.350170 0.149858 0.124069
0 0.885217 0.358908 0.224765 0.126585
0 0.562139 0.407189 0.184121 0.038378
0 0.665500 0.413300 0.025800 0.016600
0 0.748243 0.433071 0.142085 0.092126
0 0.896226 0.440583 0.157941 0.052033
0 0.497418 0.501969 0.193354 0.197638
0 0.648819 0.515551 0.187402 0.201181
0 0.854921 0.531102 0.248425 0.207874
0 0.476239 0.626378 0.256183 0.098425
0 0.685433 0.616535 0.165354 0.178740
0 0.855906 0.632874 0.184252 0.057087
0 0.813583 0.697244 0.272835 0.141732
0 0.804331 0.861795 0.325197 0.272409
0 0.556176 0.817717 0.250148 0.322047
0 0.377294 0.781179 0.265206 0.301123
0 0.770125 0.340759 0.024550 0.094719
