0 0.364757 0.097838 0.457297 0.191351
0 0.779892 0.029730 0.102703 0.055135
0 0.856649 0.030270 0.052973 0.056216
0 0.938270 0.030270 0.114595 0.054054
0 0.875027 0.163243 0.087568 0.032432
0 0.862595 0.215135 0.101622 0.073514
0 0.946919 0.094054 0.073514 0.030270
0 0.935027 0.127027 0.095135 0.048649
0 0.944757 0.198378 0.071351 0.104865
0 0.373405 0.296757 0.450811 0.223784
0 0.384757 0.509189 0.430270 0.207568
0 0.411243 0.654595 0.632432 0.305946
0 0.413405 0.882703 0.608649 0.187027
0 0.828135 0.569514 0.339730 0.444973
0 0.855703 0.830270 0.284595 0.257297
