0 0.487000 0.087087 0.398000 0.174174
0 0.141000 0.267267 0.282000 0.195195
0 0.462000 0.264264 0.388000 0.189189
0 0.827000 0.262763 0.346000 0.180180
0 0.062000 0.457207 0.124000 0.178679
0 0.234000 0.451201 0.252000 0.181682
0 0.466000 0.442192 0.212000 0.169670
0 0.677000 0.432432 0.206000 0.162162
0 0.882000 0.421922 0.200000 0.159159
0 0.151000 0.620120 0.302000 0.174174
0 0.470000 0.591592 0.344000 0.162162
0 0.067000 0.775526 0.134000 0.157658
0 0.803000 0.570571 0.322000 0.162162
0 0.236000 0.758258 0.228000 0.174174
0 0.448000 0.739489 0.208000 0.166667
0 0.644000 0.722222 0.188000 0.150150
0 0.831000 0.705706 0.190000 0.150150
0 0.147000 0.907658 0.294000 0.157658
0 0.461000 0.877628 0.334000 0.163664
0 0.778000 0.843844 0.296000 0.159159
0 0.081000 0.986486 0.162000 0.027027
0 0.263000 0.976727 0.198000 0.046547
0 0.462000 0.967718 0.188000 0.064565
0 0.650000 0.955706 0.172000 0.085586
0 0.831000 0.946697 0.166000 0.103604
0 0.982000 0.468468 0.036000 0.120120
0 0.969000 0.638889 0.062000 0.226727
0 0.959000 0.811562 0.082000 0.130631
0 0.956000 0.923423 0.088000 0.114114
0 0.987000 0.368619 0.026000 0.082583
