0 0.026000 0.032000 0.052000 0.064000
0 0.163000 0.033333 0.170000 0.066667
0 0.336000 0.037333 0.168000 0.074667
0 0.502000 0.040000 0.160000 0.074667
0 0.671000 0.037333 0.166000 0.074667
0 0.837000 0.034667 0.162000 0.069333
0 0.957000 0.036000 0.086000 0.072000
0 0.033000 0.085333 0.066000 0.064000
0 0.194000 0.114667 0.244000 0.090667
0 0.443000 0.120000 0.230000 0.096000
0 0.692000 0.118667 0.228000 0.098667
0 0.903000 0.117333 0.194000 0.085333
0 0.151000 0.169333 0.302000 0.114667
0 0.352000 0.190667 0.108000 0.050667
0 0.485000 0.190667 0.158000 0.050667
0 0.658000 0.193333 0.164000 0.056000
0 0.822000 0.190667 0.160000 0.061333
0 0.952000 0.188000 0.096000 0.056000
0 0.142000 0.304000 0.284000 0.176000
0 0.483000 0.293333 0.370000 0.165333
0 0.833000 0.300000 0.334000 0.173333
0 0.083000 0.470667 0.166000 0.157333
0 0.293000 0.442667 0.266000 0.186667
0 0.557000 0.450667 0.258000 0.149333
0 0.810000 0.461333 0.264000 0.149333
0 0.966000 0.458667 0.068000 0.149333
0 0.144000 0.614667 0.288000 0.157333
0 0.498000 0.596000 0.348000 0.152000
0 0.835000 0.600000 0.330000 0.144000
0 0.092000 0.762667 0.184000 0.165333
0 0.307000 0.738667 0.266000 0.170667
0 0.563000 0.729333 0.246000 0.157333
0 0.805000 0.729333 0.242000 0.136000
0 0.961000 0.728000 0.078000 0.138667
0 0.151000 0.893333 0.302000 0.154667
0 0.513000 0.866667 0.342000 0.144000
0 0.840000 0.858667 0.320000 0.133333
0 0.100000 0.977333 0.200000 0.045333
0 0.324000 0.952000 0.248000 0.096000
0 0.580000 0.960000 0.240000 0.080000
0 0.815000 0.960000 0.234000 0.080000
0 0.964000 0.957333 0.072000 0.085333
