0 0.080000 0.144772 0.160000 0.289544
0 0.008000 0.230563 0.016000 0.128686
0 0.312000 0.147453 0.348000 0.294906
0 0.648000 0.144772 0.332000 0.289544
0 0.880000 0.148794 0.192000 0.297587
0 0.967000 0.150134 0.066000 0.300268
0 0.085000 0.408847 0.170000 0.243968
0 0.239000 0.416890 0.162000 0.254692
0 0.410000 0.420912 0.148000 0.252011
0 0.554000 0.400804 0.144000 0.233244
0 0.700000 0.400804 0.168000 0.227882
0 0.879000 0.396783 0.242000 0.252011
0 0.027000 0.624665 0.054000 0.193029
0 0.115000 0.607239 0.166000 0.233244
0 0.104000 0.792225 0.208000 0.227882
0 0.047000 0.947721 0.094000 0.104558
0 0.147000 0.950402 0.126000 0.099196
0 0.333000 0.607239 0.294000 0.265416
0 0.268000 0.808311 0.144000 0.195710
0 0.403000 0.812332 0.114000 0.160858
0 0.327000 0.915550 0.250000 0.168901
0 0.618000 0.592493 0.280000 0.262735
0 0.826000 0.609920 0.164000 0.190349
0 0.937000 0.613941 0.126000 0.193029
0 0.842000 0.777480 0.272000 0.203753
0 0.528000 0.809651 0.124000 0.187668
0 0.652000 0.813673 0.136000 0.179625
0 0.507000 0.939678 0.106000 0.120643
0 0.622000 0.938338 0.124000 0.123324
0 0.754000 0.931635 0.140000 0.136729
0 0.873000 0.938338 0.142000 0.123324
0 0.957000 0.934316 0.086000 0.126005
0 0.971000 0.792225 0.058000 0.158177
0 0.989000 0.671582 0.022000 0.083110
