0 0.027478 0.084871 0.052174 0.168394
0 0.120232 0.052821 0.136232 0.104296
0 0.257188 0.054451 0.143478 0.105382
0 0.411536 0.094648 0.176812 0.187950
0 0.504290 0.109858 0.043478 0.214023
0 0.637623 0.131586 0.246377 0.164048
0 0.795594 0.142994 0.072464 0.119505
0 0.873855 0.139191 0.089855 0.129283
0 0.957667 0.135182 0.080667 0.126437
0 0.256464 0.260326 0.405797 0.317233
0 0.465884 0.294005 0.039130 0.288986
0 0.530377 0.327684 0.104348 0.223801
0 0.621681 0.326054 0.107246 0.229233
0 0.721681 0.324968 0.098551 0.237925
0 0.831101 0.322795 0.120290 0.235752
0 0.936899 0.318993 0.120290 0.241184
0 0.617333 0.548769 0.278261 0.224888
0 0.876507 0.555081 0.242986 0.233166
0 0.620957 0.786150 0.308696 0.273776
0 0.822406 0.772027 0.108696 0.236838
0 0.929652 0.782348 0.108696 0.233579
0 0.985203 0.783358 0.025594 0.229385
0 0.101391 0.565065 0.121739 0.296591
0 0.232551 0.568325 0.137681 0.305282
0 0.394145 0.571584 0.185507 0.300936
0 0.255739 0.835832 0.410145 0.325337
0 0.026058 0.182061 0.052116 0.034678
0 0.034725 0.311931 0.040580 0.229233
0 0.006493 0.310301 0.012986 0.232492
0 0.020261 0.565609 0.040522 0.282467
0 0.031826 0.850249 0.057971 0.295504
