0 0.817012 0.484690 0.201544 0.168274
0 0.832069 0.636962 0.189961 0.154853
0 0.847514 0.794913 0.225483 0.163112
0 0.732842 0.923477 0.139768 0.147699
0 0.882263 0.934797 0.168340 0.124915
0 0.595525 0.929155 0.136950 0.136343
0 0.632842 0.794396 0.211583 0.174468
0 0.639792 0.633865 0.194595 0.167241
0 0.623961 0.479012 0.186100 0.163112
0 0.463730 0.462495 0.135907 0.169306
0 0.328595 0.468689 0.142085 0.192018
0 0.147127 0.444945 0.240927 0.181694
0 0.154463 0.620445 0.252510 0.183759
0 0.300409 0.635930 0.048649 0.148659
0 0.429753 0.630252 0.225483 0.174468
0 0.327822 0.803171 0.148263 0.187888
0 0.134000 0.810914 0.264093 0.199244
0 0.238633 0.946669 0.158301 0.101171
0 0.081286 0.951350 0.162571 0.091952
0 0.419328 0.943055 0.215444 0.108397
