0 0.206919 0.167027 0.236757 0.247568
0 0.402595 0.144865 0.200000 0.233514
0 0.603135 0.134054 0.207568 0.224865
0 0.819892 0.124324 0.221622 0.233514
0 0.956784 0.116054 0.082432 0.224108
0 0.160973 0.395135 0.257297 0.264865
0 0.370162 0.382703 0.215135 0.261622
0 0.598270 0.373514 0.232432 0.273514
0 0.835568 0.372432 0.244324 0.271351
0 0.961649 0.378162 0.072703 0.292324
0 0.130703 0.688649 0.248649 0.343784
0 0.363135 0.682703 0.257297 0.325405
0 0.610162 0.677297 0.251892 0.329730
0 0.866514 0.683243 0.262973 0.345946
