0 0.047783 0.154522 0.095566 0.234625
0 0.125798 0.150904 0.108527 0.239793
0 0.216109 0.143669 0.117054 0.239793
0 0.036543 0.400000 0.073085 0.256331
0 0.019876 0.665251 0.039752 0.279835
0 0.044295 0.886687 0.088589 0.157375
0 0.073085 0.671835 0.124031 0.279070
0 0.108744 0.397933 0.122481 0.258398
0 0.203318 0.399483 0.122481 0.263566
0 0.309519 0.146770 0.105426 0.235659
0 0.305643 0.401034 0.117829 0.270801
0 0.282000 0.680620 0.129457 0.292506
0 0.176186 0.672868 0.130233 0.287339
0 0.184326 0.894057 0.205426 0.159173
0 0.390527 0.907494 0.230233 0.161240
0 0.388977 0.683721 0.126357 0.290439
0 0.500217 0.690956 0.124031 0.298708
0 0.617659 0.701292 0.126357 0.313178
0 0.621922 0.916796 0.237209 0.159173
0 0.870426 0.932258 0.255147 0.130150
0 0.741302 0.708010 0.125581 0.324548
0 0.870760 0.719380 0.139535 0.328682
0 0.968488 0.726687 0.059023 0.322625
0 0.621147 0.409302 0.119380 0.277003
0 0.511457 0.404651 0.117054 0.269767
0 0.404481 0.404651 0.107752 0.273902
0 0.742853 0.408269 0.122481 0.285271
0 0.866496 0.415504 0.135659 0.295607
0 0.961124 0.417333 0.073752 0.301333
0 0.949884 0.134667 0.096233 0.264000
0 0.850605 0.133333 0.128682 0.260465
0 0.731225 0.132817 0.119380 0.263566
0 0.620760 0.134367 0.109302 0.262532
0 0.476961 0.134367 0.186047 0.266667
0 0.406806 0.179328 0.100000 0.168475
