0 0.158983 0.071550 0.317967 0.136901
0 0.528711 0.075930 0.431405 0.149793
0 0.866661 0.083533 0.262678 0.162934
0 0.524992 0.272727 0.420661 0.258264
0 0.160223 0.268595 0.320446 0.252066
0 0.169727 0.509814 0.339455 0.230372
0 0.171380 0.723884 0.342760 0.212231
0 0.177579 0.870868 0.355157 0.095041
0 0.533669 0.870351 0.355372 0.098140
0 0.527471 0.723657 0.367769 0.199380
0 0.523752 0.514463 0.398347 0.221074
0 0.859223 0.280196 0.277554 0.254607
0 0.854264 0.517479 0.287471 0.225041
0 0.853438 0.726250 0.289124 0.202500
0 0.849719 0.870351 0.296562 0.096074
