0 0.144000 0.112948 0.288000 0.225895
0 0.146000 0.342975 0.292000 0.245179
0 0.122000 0.567493 0.240000 0.225895
0 0.113000 0.780992 0.226000 0.217631
0 0.115000 0.924242 0.226000 0.151515
0 0.338000 0.931129 0.192000 0.137741
0 0.343000 0.760331 0.194000 0.209366
0 0.352000 0.560606 0.196000 0.212121
0 0.531000 0.931129 0.190000 0.137741
0 0.549000 0.765840 0.190000 0.209366
0 0.554000 0.556474 0.192000 0.231405
0 0.444000 0.341598 0.320000 0.231405
0 0.447000 0.114325 0.334000 0.223140
0 0.773000 0.096419 0.314000 0.192837
0 0.760000 0.309917 0.312000 0.228650
0 0.748000 0.530303 0.196000 0.212121
0 0.740000 0.728650 0.196000 0.212121
0 0.731000 0.913223 0.194000 0.173554
0 0.912000 0.911846 0.172000 0.176309
0 0.917000 0.723140 0.166000 0.201102
0 0.923000 0.519284 0.154000 0.206612
0 0.956000 0.304408 0.088000 0.223140
0 0.963000 0.096419 0.074000 0.192837
