0 0.743000 0.384558 0.442000 0.244378
0 0.974000 0.386807 0.052000 0.245877
0 0.729000 0.137181 0.442000 0.265367
0 0.276000 0.148426 0.436000 0.263868
0 0.297000 0.393553 0.450000 0.232384
0 0.043000 0.391304 0.086000 0.227886
0 0.035000 0.152924 0.070000 0.254873
0 0.060000 0.618441 0.120000 0.226387
0 0.312000 0.621439 0.408000 0.223388
0 0.726000 0.620690 0.444000 0.230885
0 0.966000 0.622939 0.068000 0.232384
0 0.964000 0.845577 0.072000 0.224888
0 0.725000 0.847076 0.410000 0.224888
0 0.321000 0.841829 0.398000 0.220390
0 0.065000 0.838081 0.130000 0.209895
