0 0.265217 0.151586 0.428696 0.301998
0 0.285652 0.414512 0.381739 0.321387
0 0.297174 0.675969 0.332609 0.274383
0 0.318696 0.879847 0.302609 0.234430
0 0.095000 0.899941 0.190000 0.194712
0 0.081087 0.734724 0.160435 0.323737
0 0.063696 0.469154 0.126522 0.301410
0 0.745407 0.178761 0.321260 0.286586
0 0.590551 0.434135 0.277165 0.282330
0 0.592126 0.679577 0.260367 0.224161
0 0.592126 0.872881 0.239370 0.202171
0 0.843307 0.888487 0.268241 0.200752
0 0.858843 0.688090 0.278315 0.231255
0 0.858843 0.438022 0.278315 0.291523
