0 0.504609 0.054509 0.295792 0.109018
0 0.487776 0.174482 0.286974 0.208951
0 0.489178 0.342017 0.254509 0.130394
0 0.502806 0.589178 0.319439 0.355377
0 0.496994 0.818704 0.292585 0.115431
0 0.496794 0.917568 0.264930 0.083367
0 0.252104 0.669873 0.190782 0.088176
0 0.242084 0.572345 0.224449 0.113293
0 0.241082 0.467602 0.252906 0.121844
0 0.228257 0.280027 0.274549 0.255444
0 0.035070 0.527989 0.070140 0.282164
0 0.031463 0.717969 0.062926 0.251703
0 0.076954 0.527989 0.084970 0.283233
0 0.040882 0.310220 0.080962 0.251703
0 0.796703 0.057729 0.302857 0.114286
0 0.769670 0.195458 0.302418 0.175238
0 0.747253 0.346960 0.277802 0.141832
0 0.802198 0.593407 0.359560 0.348718
0 0.785495 0.820513 0.303297 0.107839
0 0.768132 0.918681 0.281758 0.109597
0 0.927381 0.460190 0.141238 0.352508
0 0.941857 0.191746 0.112286 0.383492
