0 0.257000 0.856072 0.486000 0.269865
0 0.187000 0.993253 0.338000 0.013493
0 0.538000 0.952774 0.336000 0.094453
0 0.865000 0.993253 0.270000 0.013493
0 0.784000 0.856822 0.432000 0.265367
0 0.854000 0.590705 0.292000 0.266867
0 0.532000 0.595952 0.340000 0.262369
0 0.189000 0.592954 0.346000 0.259370
0 0.264000 0.330585 0.484000 0.268366
0 0.774000 0.328336 0.452000 0.272864
0 0.179000 0.098201 0.342000 0.196402
0 0.520000 0.100450 0.340000 0.200900
0 0.847000 0.100450 0.306000 0.200900
0 0.010000 0.544228 0.020000 0.308846
