0 0.412000 0.310513 0.136000 0.283619
0 0.195000 0.533007 0.330000 0.704156
0 0.548000 0.333741 0.136000 0.212714
0 0.416000 0.542787 0.132000 0.195599
0 0.543000 0.523227 0.122000 0.176039
0 0.418000 0.723716 0.124000 0.176039
0 0.539000 0.694377 0.114000 0.166259
0 0.673000 0.710269 0.154000 0.202934
0 0.683000 0.539120 0.158000 0.227384
0 0.683000 0.322738 0.158000 0.293399
0 0.529000 0.129584 0.282000 0.254279
0 0.855000 0.352078 0.226000 0.332518
0 0.785000 0.163814 0.170000 0.078240
0 0.851000 0.592910 0.198000 0.256724
0 0.832000 0.765281 0.184000 0.244499
