0 0.530000 0.312312 0.192000 0.180180
0 0.721000 0.187688 0.126000 0.147147
0 0.713000 0.328829 0.126000 0.141141
0 0.363000 0.220721 0.142000 0.129129
0 0.362000 0.340841 0.140000 0.117117
0 0.715000 0.486486 0.194000 0.192192
0 0.714000 0.672673 0.192000 0.186186
0 0.710000 0.855856 0.188000 0.192192
0 0.523000 0.492492 0.190000 0.180180
0 0.343000 0.487988 0.174000 0.177177
0 0.347000 0.663664 0.178000 0.174174
0 0.529000 0.669670 0.182000 0.180180
0 0.520000 0.845345 0.184000 0.183183
0 0.341000 0.836336 0.170000 0.177177
