0 0.026000 0.250000 0.052000 0.132000
0 0.103000 0.253000 0.110000 0.138000
0 0.228000 0.245000 0.136000 0.150000
0 0.340000 0.232000 0.104000 0.160000
0 0.516000 0.207000 0.256000 0.134000
0 0.670000 0.215000 0.056000 0.062000
0 0.762000 0.220000 0.128000 0.072000
0 0.905000 0.205000 0.166000 0.094000
0 0.990000 0.203000 0.020000 0.086000
0 0.023000 0.386000 0.046000 0.144000
0 0.090000 0.385000 0.092000 0.138000
0 0.217000 0.389000 0.170000 0.150000
0 0.304000 0.391000 0.020000 0.154000
0 0.435000 0.384000 0.250000 0.232000
0 0.668000 0.377000 0.216000 0.270000
0 0.882000 0.393000 0.236000 0.302000
0 0.045000 0.525000 0.090000 0.142000
0 0.161000 0.532000 0.150000 0.156000
0 0.271000 0.545000 0.078000 0.162000
0 0.020000 0.668000 0.040000 0.144000
0 0.066000 0.663000 0.060000 0.142000
0 0.040000 0.800000 0.080000 0.148000
0 0.135000 0.669000 0.090000 0.154000
0 0.231000 0.688000 0.106000 0.168000
0 0.291000 0.702000 0.038000 0.160000
0 0.146000 0.816000 0.136000 0.184000
0 0.258000 0.852000 0.100000 0.188000
0 0.051000 0.944000 0.098000 0.108000
0 0.386000 0.601000 0.156000 0.230000
0 0.563000 0.622000 0.198000 0.260000
0 0.826000 0.668000 0.348000 0.320000
0 0.425000 0.824000 0.242000 0.272000
0 0.653000 0.868000 0.234000 0.260000
0 0.872000 0.887000 0.256000 0.222000
0 0.382000 0.946000 0.152000 0.104000
0 0.541000 0.969000 0.170000 0.058000
