0 0.134966 0.075645 0.230345 0.150150
0 0.422138 0.076395 0.384276 0.152791
0 0.804759 0.076395 0.386483 0.152791
0 0.798552 0.267733 0.398897 0.234027
0 0.426690 0.260485 0.353103 0.223672
0 0.146690 0.255825 0.256552 0.208139
0 0.980621 0.308559 0.034759 0.172673
0 0.895103 0.492156 0.205793 0.216889
0 0.697034 0.474319 0.242759 0.201926
0 0.464621 0.462411 0.224828 0.196748
0 0.212897 0.441183 0.314483 0.189500
0 0.184621 0.589779 0.183448 0.151186
0 0.406000 0.617738 0.292414 0.186393
0 0.714966 0.651911 0.328276 0.182251
0 0.927517 0.679559 0.140966 0.175417
0 0.864759 0.821062 0.266483 0.174692
0 0.641172 0.789117 0.194483 0.150150
0 0.449448 0.770995 0.191724 0.155328
0 0.236345 0.730610 0.245517 0.157399
0 0.214276 0.854872 0.162759 0.140830
0 0.418414 0.881278 0.251034 0.158434
0 0.684621 0.918556 0.281379 0.156363
0 0.904621 0.942373 0.183448 0.108729
