0 0.468000 0.463964 0.208000 0.147147
0 0.589000 0.442943 0.030000 0.105105
0 0.706000 0.457958 0.208000 0.135135
0 0.566000 0.581081 0.212000 0.165165
0 0.737000 0.591592 0.126000 0.132132
0 0.688000 0.708709 0.212000 0.156156
0 0.479000 0.725225 0.206000 0.123123
0 0.276000 0.717718 0.204000 0.120120
0 0.358000 0.578078 0.204000 0.171171
0 0.251000 0.466967 0.226000 0.141141
0 0.207000 0.599099 0.110000 0.123123
0 0.361000 0.328829 0.206000 0.141141
0 0.198000 0.331832 0.124000 0.141141
0 0.577000 0.321321 0.222000 0.150150
0 0.752000 0.316817 0.128000 0.147147
0 0.706000 0.174174 0.220000 0.150150
0 0.579000 0.186186 0.038000 0.132132
0 0.450000 0.181682 0.220000 0.153153
0 0.237000 0.187688 0.210000 0.153153
