0 0.306095 0.139100 0.157754 0.259516
0 0.452164 0.154095 0.152561 0.264129
0 0.597584 0.159285 0.149964 0.274510
0 0.746898 0.159285 0.156456 0.272203
0 0.899135 0.154671 0.161000 0.262976
0 0.320053 0.389389 0.157105 0.252595
0 0.462876 0.404383 0.135032 0.234141
0 0.602128 0.413610 0.146069 0.243368
0 0.748521 0.413610 0.146718 0.241061
0 0.887774 0.396309 0.147367 0.229527
0 0.319728 0.624106 0.138278 0.230681
0 0.452489 0.624683 0.138928 0.254902
0 0.595961 0.643137 0.138928 0.227220
0 0.738459 0.638524 0.140875 0.220300
0 0.877387 0.625836 0.140875 0.222607
0 0.336932 0.826528 0.131137 0.204152
0 0.461577 0.849020 0.131137 0.205306
0 0.591092 0.855940 0.135682 0.219146
0 0.728721 0.853633 0.136980 0.232987
0 0.866026 0.818454 0.137629 0.188005
0 0.346021 0.959170 0.125944 0.072664
0 0.472289 0.964360 0.129190 0.062284
0 0.596935 0.972434 0.127891 0.041522
0 0.727251 0.975323 0.132741 0.042687
0 0.860183 0.936678 0.127242 0.117647
0 0.963885 0.777122 0.068477 0.307578
0 0.957718 0.923420 0.080812 0.146494
