0 0.070986 0.099700 0.141971 0.199400
0 0.247043 0.097908 0.247826 0.192295
0 0.492696 0.094648 0.252174 0.185777
0 0.747493 0.091052 0.269014 0.182105
0 0.926507 0.084871 0.142986 0.164048
0 0.086203 0.303174 0.172406 0.218239
0 0.268058 0.298894 0.243478 0.227060
0 0.497043 0.296178 0.249275 0.232492
0 0.745594 0.291832 0.250725 0.234665
0 0.921435 0.288128 0.153130 0.246420
0 0.093420 0.504226 0.184058 0.194468
0 0.278203 0.508572 0.220290 0.196641
0 0.500667 0.510201 0.233333 0.204246
0 0.720957 0.511831 0.244928 0.207505
0 0.912739 0.518882 0.170522 0.221607
0 0.094145 0.726398 0.185507 0.252048
0 0.264435 0.736175 0.273913 0.265085
0 0.498493 0.707929 0.214493 0.189036
0 0.734000 0.754644 0.271014 0.275949
0 0.913464 0.763075 0.169072 0.281946
0 0.079652 0.923582 0.150725 0.144493
0 0.254609 0.926548 0.210783 0.143906
0 0.477478 0.894249 0.244928 0.205332
0 0.724580 0.939041 0.249275 0.118919
0 0.922159 0.945560 0.151681 0.105882
