0 0.079223 0.075861 0.157509 0.151722
0 0.207795 0.082363 0.098168 0.158224
0 0.037465 0.292065 0.072527 0.334872
0 0.128674 0.299109 0.145055 0.327286
0 0.214755 0.307779 0.126740 0.312114
0 0.344425 0.236253 0.202930 0.470338
0 0.525011 0.238962 0.190476 0.477924
0 0.698271 0.248716 0.172161 0.486594
0 0.831238 0.268765 0.134799 0.466003
0 0.935864 0.370251 0.124271 0.283168
0 0.961505 0.104238 0.072989 0.199807
0 0.016952 0.595509 0.031502 0.285021
0 0.120249 0.620435 0.180952 0.332705
0 0.297172 0.622602 0.177289 0.317533
0 0.461641 0.624770 0.164835 0.306695
0 0.619150 0.628563 0.147253 0.296942
0 0.763106 0.635065 0.145055 0.292607
0 0.896073 0.641026 0.131136 0.289356
0 0.978722 0.686233 0.038557 0.349427
0 0.016718 0.875263 0.033436 0.237640
0 0.114755 0.914131 0.169963 0.165821
0 0.285817 0.891909 0.172161 0.201574
0 0.455414 0.893540 0.168498 0.207003
0 0.617319 0.895160 0.156777 0.201574
0 0.763106 0.895160 0.142125 0.201574
0 0.896440 0.894076 0.126007 0.205908
0 0.920114 0.922259 0.155773 0.149565
