0 0.121000 0.115942 0.242000 0.231884
0 0.158000 0.368116 0.184000 0.365217
0 0.170000 0.726087 0.180000 0.362319
0 0.172000 0.947826 0.192000 0.104348
0 0.331000 0.357971 0.186000 0.362319
0 0.337000 0.092754 0.194000 0.179710
0 0.542000 0.095652 0.200000 0.191304
0 0.505000 0.366667 0.178000 0.350725
0 0.673000 0.356522 0.186000 0.359420
0 0.843000 0.340580 0.182000 0.362319
0 0.859000 0.689855 0.186000 0.365217
0 0.874000 0.928986 0.180000 0.136232
0 0.684000 0.705797 0.180000 0.362319
0 0.513000 0.714493 0.178000 0.362319
0 0.340000 0.704348 0.176000 0.376812
0 0.358000 0.937681 0.172000 0.124638
0 0.530000 0.947826 0.172000 0.098551
0 0.704000 0.937681 0.180000 0.118841
