0 0.840000 0.728000 0.184000 0.304000
0 0.718000 0.628000 0.128000 0.248000
0 0.631000 0.830667 0.206000 0.152000
0 0.593000 0.193333 0.146000 0.258667
0 0.593000 0.442667 0.134000 0.234667
0 0.587000 0.673333 0.134000 0.226667
0 0.422000 0.828000 0.208000 0.216000
0 0.413000 0.629333 0.214000 0.218667
0 0.409000 0.417333 0.222000 0.226667
0 0.403000 0.180000 0.234000 0.242667
0 0.169000 0.192000 0.254000 0.240000
0 0.183000 0.425333 0.242000 0.226667
0 0.196000 0.641333 0.228000 0.226667
0 0.214000 0.840000 0.216000 0.202667
0 0.404000 0.033333 0.144000 0.066667
