0 0.133000 0.117117 0.218000 0.216216
0 0.341000 0.130631 0.210000 0.225225
0 0.538000 0.154655 0.188000 0.225225
0 0.722000 0.168168 0.180000 0.210210
0 0.894000 0.187688 0.176000 0.207207
0 0.126000 0.342342 0.220000 0.234234
0 0.339000 0.351351 0.210000 0.228228
0 0.542000 0.364865 0.192000 0.219219
0 0.730000 0.375375 0.188000 0.210210
0 0.909000 0.384384 0.182000 0.210210
0 0.124000 0.582583 0.236000 0.246246
0 0.345000 0.581081 0.214000 0.231231
0 0.553000 0.584084 0.194000 0.219219
0 0.746000 0.584084 0.188000 0.219219
0 0.916000 0.587087 0.168000 0.213213
0 0.118000 0.834835 0.236000 0.258258
0 0.344000 0.828829 0.216000 0.252252
0 0.557000 0.819820 0.206000 0.240240
0 0.755000 0.816817 0.190000 0.228228
0 0.923000 0.812312 0.154000 0.219219
