0 0.202000 0.131184 0.172000 0.133433
0 0.513000 0.101949 0.466000 0.203898
0 0.241000 0.314843 0.478000 0.242879
0 0.740000 0.305847 0.476000 0.233883
0 0.189000 0.546477 0.330000 0.229385
0 0.506000 0.538231 0.312000 0.224888
0 0.824000 0.533733 0.316000 0.224888
0 0.753000 0.753373 0.458000 0.214393
0 0.278000 0.761619 0.472000 0.221889
0 0.217000 0.932534 0.310000 0.134933
0 0.528000 0.928786 0.300000 0.142429
0 0.827000 0.928036 0.294000 0.143928
0 0.017000 0.510495 0.034000 0.091454
0 0.021000 0.580210 0.042000 0.038981
0 0.026000 0.671664 0.052000 0.140930
0 0.028000 0.770615 0.056000 0.059970
0 0.038000 0.899550 0.076000 0.200900
