0 0.110124 0.798554 0.120523 0.353306
0 0.214807 0.489669 0.086088 0.293388
0 0.192769 0.807335 0.119146 0.360537
0 0.281956 0.810434 0.110193 0.352273
0 0.297107 0.494835 0.079890 0.297521
0 0.368388 0.811983 0.103994 0.347107
0 0.378375 0.492769 0.085399 0.295455
0 0.464118 0.492769 0.083333 0.293388
0 0.455165 0.814566 0.095730 0.348140
0 0.546074 0.492769 0.086088 0.299587
0 0.548140 0.815083 0.094353 0.347107
0 0.628719 0.496901 0.086088 0.299587
0 0.637672 0.814566 0.099862 0.346074
0 0.710675 0.495351 0.087466 0.300620
0 0.798485 0.498450 0.092287 0.306818
0 0.725826 0.815083 0.108127 0.336777
0 0.811570 0.816116 0.111570 0.334711
0 0.899725 0.812500 0.112948 0.333678
0 0.872865 0.621901 0.074380 0.053719
