0 0.134000 0.665333 0.268000 0.264000
0 0.195000 0.493333 0.206000 0.096000
0 0.178000 0.385333 0.236000 0.120000
0 0.161000 0.269333 0.250000 0.133333
0 0.151000 0.130667 0.290000 0.170667
0 0.381000 0.557333 0.274000 0.256000
0 0.403000 0.374667 0.218000 0.109333
0 0.393000 0.261333 0.234000 0.128000
0 0.389000 0.121333 0.254000 0.162667
0 0.642000 0.112000 0.252000 0.160000
0 0.636000 0.246667 0.244000 0.152000
0 0.636000 0.248000 0.244000 0.149333
0 0.638000 0.373333 0.220000 0.112000
0 0.659000 0.557333 0.282000 0.261333
0 0.385000 0.741333 0.258000 0.112000
0 0.156000 0.845333 0.260000 0.101333
0 0.175000 0.940000 0.246000 0.098667
0 0.407000 0.937333 0.234000 0.093333
0 0.397000 0.845333 0.242000 0.101333
0 0.653000 0.740000 0.262000 0.114667
0 0.643000 0.844000 0.246000 0.098667
0 0.641000 0.938667 0.238000 0.101333
0 0.871000 0.940000 0.242000 0.098667
0 0.883000 0.846667 0.234000 0.104000
0 0.887000 0.740000 0.226000 0.114667
0 0.868000 0.108000 0.264000 0.168000
0 0.874000 0.250667 0.252000 0.138667
0 0.864000 0.372000 0.244000 0.114667
0 0.855000 0.478667 0.214000 0.104000
0 0.893000 0.610667 0.214000 0.165333
