0 0.260000 0.086000 0.216000 0.172000
0 0.485000 0.080000 0.250000 0.160000
0 0.744000 0.077000 0.268000 0.154000
0 0.933000 0.064000 0.134000 0.124000
0 0.958000 0.220000 0.080000 0.208000
0 0.837000 0.225000 0.186000 0.210000
0 0.670000 0.240000 0.164000 0.200000
0 0.504000 0.241000 0.168000 0.190000
0 0.356000 0.249000 0.156000 0.182000
0 0.225000 0.253000 0.138000 0.174000
0 0.085000 0.265000 0.170000 0.154000
0 0.033000 0.414000 0.066000 0.148000
0 0.116000 0.414000 0.136000 0.156000
0 0.013000 0.556000 0.026000 0.136000
0 0.097000 0.557000 0.174000 0.138000
0 0.043000 0.686000 0.086000 0.132000
0 0.133000 0.692000 0.126000 0.136000
0 0.029000 0.807000 0.058000 0.118000
0 0.129000 0.818000 0.174000 0.140000
0 0.009000 0.922000 0.014000 0.088000
0 0.057000 0.926000 0.106000 0.128000
0 0.162000 0.938000 0.132000 0.124000
0 0.278000 0.414000 0.216000 0.156000
0 0.484000 0.408000 0.220000 0.172000
0 0.247000 0.564000 0.142000 0.148000
0 0.282000 0.705000 0.196000 0.142000
0 0.268000 0.829000 0.128000 0.130000
0 0.304000 0.939000 0.176000 0.114000
0 0.379000 0.841000 0.126000 0.138000
0 0.474000 0.856000 0.080000 0.148000
0 0.468000 0.716000 0.204000 0.148000
0 0.372000 0.567000 0.136000 0.154000
0 0.510000 0.566000 0.156000 0.164000
0 0.710000 0.418000 0.248000 0.184000
0 0.911000 0.413000 0.178000 0.190000
0 0.653000 0.587000 0.150000 0.162000
0 0.812000 0.591000 0.172000 0.170000
0 0.939000 0.597000 0.118000 0.182000
0 0.672000 0.729000 0.228000 0.178000
0 0.898000 0.761000 0.204000 0.174000
0 0.794000 0.893000 0.164000 0.158000
0 0.937000 0.912000 0.126000 0.156000
0 0.854000 0.949000 0.292000 0.102000
0 0.592000 0.891000 0.256000 0.218000
0 0.490000 0.956000 0.228000 0.088000
