0 0.316434 0.200517 0.231783 0.161240
0 0.550543 0.188630 0.241085 0.174677
0 0.792016 0.187597 0.248062 0.158140
0 0.799380 0.347804 0.258140 0.180879
0 0.550543 0.364341 0.234884 0.170543
0 0.311783 0.366408 0.233333 0.174677
0 0.306357 0.539018 0.239535 0.176744
0 0.550155 0.539535 0.241860 0.175711
0 0.805969 0.531266 0.268217 0.192248
0 0.820698 0.719897 0.289922 0.203618
0 0.550543 0.719897 0.261240 0.203618
0 0.298992 0.712661 0.248062 0.187080
0 0.835039 0.871318 0.264341 0.093023
0 0.571085 0.867700 0.268217 0.098191
0 0.296667 0.863049 0.262016 0.109561
0 0.089031 0.824806 0.178062 0.101292
