0 0.183000 0.226667 0.330000 0.320000
0 0.363000 0.261333 0.038000 0.192000
0 0.507000 0.274667 0.254000 0.218667
0 0.676000 0.269333 0.096000 0.160000
0 0.732000 0.288000 0.036000 0.128000
0 0.875000 0.270667 0.206000 0.168000
0 0.176000 0.517333 0.316000 0.314667
0 0.014000 0.666667 0.028000 0.298667
0 0.415000 0.490667 0.170000 0.261333
0 0.541000 0.488000 0.098000 0.208000
0 0.161000 0.781333 0.318000 0.384000
0 0.155000 0.906667 0.310000 0.186667
0 0.408000 0.729333 0.176000 0.274667
0 0.538000 0.684000 0.088000 0.232000
0 0.405000 0.894667 0.190000 0.205333
0 0.534000 0.881333 0.076000 0.216000
0 0.742000 0.494667 0.324000 0.290667
0 0.728000 0.740000 0.308000 0.328000
0 0.720000 0.902667 0.308000 0.194667
0 0.926000 0.480000 0.076000 0.234667
0 0.911000 0.685333 0.082000 0.245333
0 0.899000 0.876000 0.074000 0.248000
0 0.978000 0.437333 0.044000 0.154667
0 0.979000 0.588000 0.042000 0.162667
0 0.968000 0.738667 0.044000 0.165333
