0 0.409091 0.143182 0.290909 0.186364
0 0.659091 0.177273 0.218182 0.154545
0 0.068182 0.290909 0.136364 0.200000
0 0.256818 0.300000 0.240909 0.190909
0 0.072727 0.490909 0.145455 0.200000
0 0.263636 0.488636 0.245455 0.186364
0 0.081818 0.693182 0.163636 0.213636
0 0.268182 0.677273 0.236364 0.200000
0 0.484091 0.652273 0.204545 0.186364
0 0.477273 0.479545 0.200000 0.168182
0 0.470455 0.306818 0.195455 0.168182
0 0.670455 0.334091 0.222727 0.168182
0 0.695455 0.477273 0.245455 0.163636
0 0.709091 0.627273 0.272727 0.172727
0 0.856818 0.340909 0.168182 0.136364
0 0.881818 0.470455 0.145455 0.140909
0 0.890909 0.602273 0.127273 0.140909
