0 0.083000 0.241742 0.166000 0.171171
0 0.084000 0.426426 0.168000 0.216216
0 0.076000 0.633634 0.152000 0.216216
0 0.080000 0.804805 0.160000 0.126126
0 0.298000 0.819820 0.280000 0.126126
0 0.284000 0.651652 0.272000 0.216216
0 0.281000 0.430931 0.274000 0.225225
0 0.297000 0.207207 0.274000 0.240240
0 0.593000 0.193694 0.326000 0.261261
0 0.775000 0.429429 0.098000 0.246246
0 0.572000 0.426426 0.296000 0.246246
0 0.568000 0.654655 0.300000 0.228228
0 0.773000 0.668168 0.098000 0.237237
0 0.783000 0.845345 0.078000 0.135135
0 0.599000 0.836336 0.298000 0.141141
