0 0.091411 0.252021 0.182822 0.131223
0 0.081595 0.363162 0.162372 0.124171
0 0.083845 0.479821 0.165235 0.126930
0 0.093252 0.582071 0.183231 0.134595
0 0.252147 0.457287 0.142740 0.096577
0 0.268916 0.540067 0.143558 0.114973
0 0.266258 0.361169 0.153783 0.098724
0 0.266462 0.263519 0.159100 0.116200
0 0.352809 0.441212 0.064419 0.082824
0 0.353371 0.520245 0.030337 0.074120
0 0.450375 0.545935 0.123221 0.089562
0 0.456742 0.453846 0.129213 0.093493
0 0.450562 0.357406 0.134082 0.098265
0 0.433521 0.255490 0.135206 0.103319
0 0.570412 0.254788 0.138577 0.104161
0 0.586891 0.358669 0.134082 0.101915
0 0.592884 0.453986 0.131835 0.096581
0 0.579588 0.542004 0.123970 0.096300
0 0.715232 0.251695 0.158940 0.091676
0 0.901428 0.244434 0.193143 0.122826
0 0.931230 0.363394 0.133541 0.115174
0 0.769536 0.367862 0.197792 0.120801
0 0.754084 0.475259 0.193377 0.126427
0 0.923062 0.472161 0.149876 0.116736
0 0.915232 0.580670 0.165121 0.112196
0 0.746799 0.570907 0.189404 0.135694
0 0.359902 0.356532 0.033715 0.084900
0 0.352950 0.269757 0.025612 0.087366
0 0.185185 0.551946 0.036543 0.090325
0 0.173333 0.458289 0.017778 0.095508
0 0.171111 0.364077 0.020247 0.095878
