0 0.231134 0.137636 0.263337 0.066231
0 0.220653 0.215250 0.276439 0.078649
0 0.212792 0.299073 0.297401 0.088997
0 0.205586 0.391175 0.311812 0.095207
0 0.189865 0.495178 0.340635 0.110729
0 0.176816 0.611330 0.353632 0.123644
0 0.195105 0.756478 0.387800 0.180065
0 0.243580 0.802012 0.332774 0.124182
0 0.528535 0.645749 0.349806 0.177995
0 0.521984 0.505009 0.323603 0.111764
0 0.529845 0.747682 0.281679 0.040359
0 0.825935 0.675242 0.305262 0.150054
0 0.813489 0.556234 0.269888 0.100381
0 0.437480 0.352885 0.146735 0.190413
0 0.584215 0.350815 0.151976 0.198692
0 0.723745 0.370478 0.174248 0.266992
0 0.861964 0.357025 0.186039 0.260783
0 0.428964 0.178512 0.124463 0.154193
0 0.560633 0.176443 0.133634 0.154193
0 0.684441 0.167646 0.153286 0.151089
0 0.809559 0.153676 0.159836 0.150054
