0 0.303000 0.130667 0.222000 0.261333
0 0.550000 0.174667 0.276000 0.349333
0 0.819000 0.177333 0.270000 0.354667
0 0.279000 0.485333 0.274000 0.453333
0 0.525000 0.490667 0.258000 0.464000
0 0.787000 0.536000 0.262000 0.368000
0 0.291000 0.809333 0.234000 0.205333
0 0.527000 0.818667 0.238000 0.197333
0 0.764000 0.813333 0.224000 0.202667
0 0.939000 0.272000 0.026000 0.058667
0 0.933000 0.326667 0.026000 0.050667
0 0.929000 0.373333 0.030000 0.048000
0 0.971000 0.329333 0.058000 0.050667
0 0.965000 0.377333 0.058000 0.045333
0 0.961000 0.098667 0.038000 0.053333
0 0.954000 0.150667 0.036000 0.056000
