0 0.279000 0.254873 0.526000 0.299850
0 0.039000 0.475262 0.078000 0.230885
0 0.274000 0.500000 0.476000 0.235382
0 0.310000 0.684408 0.420000 0.199400
0 0.064000 0.682159 0.128000 0.191904
0 0.094000 0.834333 0.188000 0.157421
0 0.357000 0.820840 0.386000 0.220390
0 0.110000 0.938531 0.220000 0.122939
0 0.347000 0.931784 0.278000 0.112444
0 0.607000 0.030735 0.354000 0.061469
0 0.676000 0.071964 0.444000 0.104948
0 0.745000 0.230885 0.510000 0.272864
0 0.733000 0.458021 0.450000 0.223388
0 0.715000 0.642429 0.406000 0.187406
0 0.718000 0.774363 0.344000 0.184408
0 0.647000 0.898801 0.322000 0.160420
0 0.891000 0.024738 0.214000 0.049475
0 0.943000 0.092954 0.114000 0.095952
0 0.961000 0.317841 0.078000 0.140930
0 0.957000 0.449025 0.086000 0.130435
0 0.952000 0.552474 0.096000 0.109445
0 0.944000 0.618441 0.112000 0.073463
