0 0.117243 0.110541 0.234486 0.218919
0 0.388541 0.109730 0.344865 0.212973
0 0.738270 0.106486 0.356757 0.208649
0 0.948135 0.105405 0.099730 0.206486
0 0.122649 0.365270 0.245297 0.289459
0 0.398270 0.360000 0.321081 0.291892
0 0.729622 0.358919 0.352432 0.298378
0 0.937865 0.358405 0.120270 0.295189
0 0.130757 0.630270 0.261514 0.259459
0 0.400973 0.632432 0.309189 0.263784
0 0.713946 0.632432 0.329730 0.263784
0 0.928135 0.635000 0.139730 0.262000
0 0.139946 0.871892 0.279892 0.225946
0 0.408000 0.875135 0.290811 0.228108
0 0.702054 0.875676 0.299459 0.227027
0 0.915703 0.879162 0.164595 0.229676
0 0.145838 0.988108 0.270270 0.017297
0 0.416108 0.990270 0.281081 0.012973
0 0.696108 0.990270 0.287568 0.012973
