0 0.025000 0.320789 0.050000 0.186380
0 0.121000 0.311828 0.210000 0.175627
0 0.137000 0.218638 0.126000 0.017921
0 0.039000 0.221326 0.078000 0.012545
0 0.333000 0.112903 0.310000 0.215054
0 0.361000 0.304659 0.290000 0.200717
0 0.042000 0.483871 0.084000 0.154122
0 0.655000 0.284050 0.298000 0.191756
0 0.657000 0.453405 0.282000 0.182796
0 0.655000 0.594086 0.278000 0.166667
0 0.654000 0.716846 0.264000 0.179211
0 0.654000 0.838710 0.260000 0.164875
0 0.650000 0.922043 0.244000 0.155914
0 0.380000 0.474910 0.276000 0.179211
0 0.394000 0.625448 0.256000 0.168459
0 0.403000 0.761649 0.246000 0.164875
0 0.416000 0.885305 0.232000 0.146953
0 0.435000 0.962366 0.218000 0.075269
0 0.082000 0.956989 0.164000 0.086022
0 0.190000 0.954301 0.076000 0.091398
0 0.258000 0.939068 0.084000 0.121864
0 0.033000 0.869176 0.062000 0.114695
0 0.083000 0.860215 0.098000 0.114695
0 0.199000 0.850358 0.174000 0.123656
0 0.156000 0.741039 0.088000 0.123656
0 0.227000 0.718638 0.086000 0.154122
0 0.065000 0.750000 0.130000 0.127240
0 0.107000 0.474014 0.106000 0.148746
0 0.189000 0.464158 0.118000 0.157706
0 0.161000 0.606631 0.202000 0.155914
0 0.007000 0.672939 0.014000 0.051971
0 0.044000 0.624552 0.088000 0.130824
0 0.842000 0.127240 0.072000 0.139785
0 0.915000 0.120072 0.098000 0.136201
0 0.943000 0.224014 0.082000 0.071685
0 0.851000 0.261649 0.102000 0.146953
0 0.846000 0.395161 0.100000 0.130824
0 0.933000 0.384409 0.090000 0.123656
0 0.980000 0.383513 0.040000 0.125448
0 0.840000 0.513441 0.088000 0.120072
0 0.915000 0.504480 0.086000 0.116487
0 0.974000 0.497312 0.052000 0.105735
0 0.820000 0.618280 0.056000 0.100358
0 0.821000 0.713262 0.078000 0.100358
0 0.900000 0.705197 0.084000 0.094982
0 0.967000 0.697133 0.066000 0.100358
0 0.821000 0.799283 0.082000 0.093190
0 0.897000 0.791219 0.082000 0.102151
0 0.962000 0.787634 0.076000 0.094982
0 0.952000 0.870968 0.080000 0.078853
0 0.887000 0.873656 0.070000 0.084229
0 0.814000 0.883513 0.076000 0.096774
