0 0.051000 0.212000 0.102000 0.285333
0 0.186000 0.213333 0.168000 0.288000
0 0.344000 0.218667 0.168000 0.288000
0 0.510000 0.222667 0.164000 0.280000
0 0.675000 0.216000 0.174000 0.293333
0 0.837000 0.220000 0.178000 0.290667
0 0.956000 0.217333 0.088000 0.296000
0 0.954000 0.448000 0.092000 0.170667
0 0.828000 0.449333 0.164000 0.168000
0 0.670000 0.449333 0.160000 0.173333
0 0.512000 0.450667 0.156000 0.176000
0 0.354000 0.450667 0.156000 0.176000
0 0.194000 0.450667 0.172000 0.176000
0 0.059000 0.449333 0.118000 0.178667
0 0.064000 0.624000 0.128000 0.170667
0 0.200000 0.625333 0.160000 0.173333
0 0.359000 0.632000 0.166000 0.186667
0 0.520000 0.633333 0.164000 0.189333
0 0.685000 0.630667 0.170000 0.194667
0 0.846000 0.630667 0.188000 0.194667
0 0.958000 0.632000 0.084000 0.197333
0 0.959000 0.812000 0.082000 0.168000
0 0.845000 0.808000 0.170000 0.165333
0 0.685000 0.813333 0.166000 0.165333
0 0.524000 0.809333 0.160000 0.168000
0 0.358000 0.804000 0.160000 0.168000
0 0.203000 0.796000 0.158000 0.162667
0 0.065000 0.788000 0.130000 0.157333
0 0.959000 0.948000 0.082000 0.104000
0 0.839000 0.942667 0.166000 0.109333
0 0.681000 0.948000 0.154000 0.104000
0 0.522000 0.946667 0.156000 0.106667
0 0.367000 0.942667 0.154000 0.114667
0 0.217000 0.937333 0.154000 0.125333
0 0.074000 0.932000 0.148000 0.136000
