0 0.118908 0.110509 0.207588 0.221018
0 0.135624 0.326835 0.195926 0.219975
0 0.142233 0.533778 0.185819 0.200167
0 0.152340 0.730296 0.176489 0.190784
0 0.164002 0.900229 0.171824 0.176188
0 0.336993 0.886155 0.180376 0.212677
0 0.516592 0.878336 0.175711 0.209550
0 0.519701 0.668265 0.189706 0.221018
0 0.331939 0.668786 0.187374 0.247081
0 0.536029 0.432652 0.199036 0.258549
0 0.334660 0.423791 0.205256 0.259591
0 0.550801 0.153253 0.216141 0.306505
0 0.324942 0.147519 0.221583 0.292952
0 0.692692 0.385738 0.142280 0.252294
0 0.681418 0.597373 0.144612 0.214762
0 0.665091 0.793891 0.130617 0.188699
