0 0.779000 0.650675 0.386000 0.161919
0 0.399000 0.636432 0.398000 0.172414
0 0.766000 0.495502 0.356000 0.154423
0 0.403000 0.470015 0.378000 0.160420
0 0.749000 0.345577 0.350000 0.145427
0 0.954000 0.344828 0.092000 0.149925
0 0.398000 0.318591 0.368000 0.157421
0 0.392000 0.170165 0.356000 0.151424
0 0.733000 0.194903 0.354000 0.155922
0 0.949000 0.207646 0.102000 0.145427
0 0.948000 0.074963 0.104000 0.137931
0 0.723000 0.061469 0.350000 0.122939
0 0.395000 0.050975 0.334000 0.101949
0 0.133000 0.100450 0.198000 0.107946
0 0.108000 0.187406 0.216000 0.065967
0 0.107000 0.298351 0.214000 0.155922
0 0.108000 0.451274 0.216000 0.155922
0 0.109000 0.620690 0.218000 0.185907
0 0.098000 0.802849 0.196000 0.178411
0 0.396000 0.808846 0.408000 0.187406
0 0.798000 0.817841 0.404000 0.172414
0 0.963000 0.495502 0.074000 0.154423
0 0.972000 0.651424 0.056000 0.163418
0 0.786000 0.947526 0.428000 0.104948
0 0.371000 0.946777 0.414000 0.100450
0 0.095000 0.945277 0.190000 0.103448
