0 0.838000 0.282667 0.264000 0.341333
0 0.802000 0.545333 0.372000 0.317333
0 0.861000 0.774667 0.194000 0.200000
0 0.681000 0.792000 0.182000 0.197333
0 0.499000 0.792000 0.178000 0.218667
0 0.519000 0.577333 0.198000 0.253333
0 0.238000 0.810667 0.360000 0.245333
0 0.329000 0.574667 0.210000 0.248000
0 0.135000 0.588000 0.230000 0.248000
0 0.665000 0.226667 0.178000 0.453333
0 0.497000 0.296000 0.214000 0.325333
0 0.194000 0.356000 0.388000 0.232000
0 0.452000 0.069333 0.036000 0.048000
0 0.456000 0.113333 0.040000 0.045333
0 0.419000 0.124000 0.034000 0.066667
0 0.345000 0.120000 0.054000 0.037333
0 0.387000 0.148000 0.030000 0.050667
0 0.346000 0.156000 0.048000 0.034667
