0 0.066000 0.058923 0.132000 0.117845
0 0.449000 0.039282 0.234000 0.078563
0 0.446000 0.109989 0.228000 0.080808
0 0.323000 0.205948 0.214000 0.111111
0 0.604000 0.196409 0.352000 0.127946
0 0.843000 0.202020 0.314000 0.096521
0 0.051000 0.179012 0.102000 0.164983
0 0.044000 0.326038 0.088000 0.144781
0 0.124000 0.299102 0.072000 0.012346
0 0.110000 0.311448 0.044000 0.014590
0 0.160000 0.312009 0.056000 0.013468
0 0.209000 0.312009 0.046000 0.013468
0 0.109000 0.323232 0.042000 0.011223
0 0.115000 0.334456 0.058000 0.013468
0 0.115000 0.347363 0.058000 0.014590
0 0.143000 0.357464 0.114000 0.016835
0 0.223000 0.355219 0.046000 0.012346
0 0.213000 0.343434 0.042000 0.011223
0 0.170000 0.344557 0.052000 0.013468
0 0.170000 0.333895 0.048000 0.012346
0 0.208000 0.333333 0.032000 0.011223
0 0.206000 0.323793 0.036000 0.010101
0 0.170000 0.323232 0.052000 0.008979
0 0.330000 0.311448 0.204000 0.106622
0 0.555000 0.313692 0.246000 0.115600
0 0.833000 0.314815 0.334000 0.133558
0 0.831000 0.438272 0.338000 0.133558
0 0.827000 0.550505 0.346000 0.140292
0 0.824000 0.638608 0.352000 0.112233
0 0.678000 0.709877 0.076000 0.052750
0 0.820000 0.820426 0.360000 0.347924
0 0.813000 0.946128 0.374000 0.107744
0 0.549000 0.421998 0.234000 0.116723
0 0.545000 0.520763 0.222000 0.116723
0 0.538000 0.616162 0.220000 0.125701
0 0.533000 0.707632 0.230000 0.126824
0 0.347000 0.676207 0.158000 0.120090
0 0.348000 0.589226 0.164000 0.107744
0 0.347000 0.501122 0.170000 0.108866
0 0.347000 0.410213 0.170000 0.104377
0 0.173000 0.426487 0.182000 0.143659
0 0.174000 0.549944 0.184000 0.145903
0 0.178000 0.629630 0.188000 0.087542
0 0.177000 0.730640 0.354000 0.184063
0 0.093000 0.827722 0.186000 0.268238
0 0.043000 0.464085 0.086000 0.138047
0 0.046000 0.609428 0.092000 0.166105
0 0.122000 0.924804 0.244000 0.148148
0 0.384000 0.961279 0.168000 0.075196
0 0.343000 0.870370 0.326000 0.257015
0 0.563000 0.826599 0.158000 0.133558
