0 0.122136 0.275433 0.242971 0.267316
0 0.215992 0.129329 0.201528 0.050866
0 0.306192 0.142316 0.115391 0.053030
0 0.547538 0.158009 0.050382 0.054113
0 0.256623 0.290584 0.227531 0.275974
0 0.436616 0.321970 0.233220 0.273810
0 0.570291 0.161797 0.029254 0.053030
0 0.612140 0.339827 0.216967 0.305195
0 0.816919 0.186147 0.121079 0.080087
0 0.920770 0.189502 0.151633 0.084632
0 0.986592 0.186364 0.019990 0.054545
0 0.822607 0.372835 0.260848 0.310606
0 0.949618 0.388528 0.093938 0.313853
0 0.094507 0.467532 0.173086 0.155844
0 0.246871 0.495671 0.173899 0.170996
0 0.418739 0.513528 0.181212 0.172078
0 0.604421 0.549242 0.191776 0.180736
0 0.800260 0.593615 0.234032 0.187229
0 0.937023 0.625433 0.119129 0.194589
0 0.121729 0.594156 0.169023 0.164502
0 0.268406 0.629329 0.169836 0.159091
0 0.429303 0.661797 0.169836 0.156926
0 0.601576 0.696429 0.174712 0.172078
0 0.778320 0.738095 0.211279 0.175325
0 0.922152 0.778680 0.147895 0.182900
0 0.147733 0.720238 0.159272 0.141775
0 0.286689 0.748377 0.156021 0.135281
0 0.433772 0.780303 0.154396 0.140693
0 0.591419 0.812771 0.165773 0.142857
0 0.753535 0.857684 0.192589 0.156926
0 0.907525 0.909091 0.175524 0.158009
