0 0.256000 0.085000 0.292000 0.158000
0 0.186000 0.262000 0.344000 0.204000
0 0.135000 0.460000 0.226000 0.200000
0 0.177000 0.650000 0.342000 0.204000
0 0.150000 0.839000 0.224000 0.182000
0 0.361000 0.834000 0.218000 0.192000
0 0.573000 0.837000 0.214000 0.182000
0 0.445000 0.084000 0.098000 0.124000
0 0.474000 0.248000 0.232000 0.220000
0 0.611000 0.073000 0.238000 0.146000
0 0.850000 0.073000 0.252000 0.146000
0 0.773000 0.251000 0.382000 0.222000
0 0.349000 0.459000 0.230000 0.202000
0 0.576000 0.462000 0.240000 0.208000
0 0.815000 0.467000 0.246000 0.210000
0 0.448000 0.652000 0.224000 0.192000
0 0.735000 0.661000 0.354000 0.190000
0 0.792000 0.844000 0.224000 0.180000
0 0.978000 0.246000 0.044000 0.116000
0 0.966000 0.363000 0.064000 0.118000
0 0.963000 0.477000 0.070000 0.114000
0 0.923000 0.586000 0.026000 0.108000
0 0.965000 0.587000 0.070000 0.110000
