0 0.337639 0.076563 0.490278 0.151042
0 0.770972 0.091146 0.418056 0.178125
0 0.725833 0.263021 0.380556 0.205208
0 0.322361 0.250000 0.454167 0.241667
0 0.326528 0.469271 0.406944 0.201042
0 0.691806 0.450521 0.345833 0.169792
0 0.667500 0.609896 0.319444 0.163542
0 0.332083 0.643750 0.373611 0.183333
0 0.327917 0.788542 0.354167 0.183333
0 0.648056 0.753646 0.311111 0.161458
0 0.627222 0.880208 0.291667 0.152083
0 0.320278 0.915625 0.336111 0.162500
0 0.376667 0.977396 0.206667 0.040208
0 0.611667 0.958646 0.270000 0.077708
0 0.912639 0.507812 0.168056 0.226042
0 0.898056 0.667708 0.197222 0.212500
0 0.883472 0.781771 0.226389 0.140625
0 0.869583 0.891146 0.254167 0.123958
0 0.865278 0.960208 0.257222 0.074583
