0 0.140481 0.033774 0.280062 0.067548
0 0.389925 0.045506 0.220627 0.089590
0 0.573856 0.060082 0.148135 0.120165
0 0.705409 0.072708 0.116359 0.143750
0 0.810818 0.072292 0.094459 0.144583
0 0.894855 0.064792 0.072559 0.100417
0 0.961741 0.070000 0.060158 0.066667
0 0.885092 0.192083 0.224538 0.192500
0 0.704090 0.222917 0.118997 0.187500
0 0.572164 0.209583 0.149604 0.218333
0 0.395119 0.200000 0.211873 0.275000
0 0.144591 0.191042 0.289182 0.327917
0 0.147757 0.513542 0.294987 0.341250
0 0.394195 0.462708 0.207388 0.268750
0 0.561873 0.429167 0.167546 0.227500
0 0.827704 0.418542 0.339314 0.257917
0 0.145778 0.796458 0.291029 0.377917
0 0.393272 0.701458 0.208179 0.311250
0 0.572559 0.632500 0.151451 0.256667
0 0.826517 0.636875 0.341689 0.293750
0 0.825989 0.838542 0.342744 0.314583
0 0.771768 0.931042 0.240106 0.129583
0 0.567018 0.822500 0.154090 0.275000
0 0.390633 0.881042 0.200792 0.229583
0 0.567546 0.931458 0.153562 0.128750
0 0.145910 0.928333 0.291821 0.135000
