0 0.108333 0.061719 0.216667 0.123438
0 0.344792 0.061719 0.239583 0.123438
0 0.584375 0.064062 0.231250 0.128125
0 0.814583 0.067187 0.229167 0.134375
0 0.115625 0.277344 0.218750 0.207813
0 0.333333 0.271094 0.216667 0.204687
0 0.572917 0.261719 0.258333 0.223438
0 0.811458 0.265625 0.227083 0.215625
0 0.969792 0.342969 0.056250 0.142187
0 0.769792 0.501563 0.206250 0.206250
0 0.555208 0.505469 0.214583 0.214062
0 0.333333 0.508594 0.225000 0.210938
0 0.113542 0.511719 0.210417 0.214062
0 0.143750 0.730469 0.208333 0.192188
0 0.346875 0.728906 0.214583 0.189062
0 0.555208 0.721875 0.206250 0.193750
0 0.761458 0.714063 0.193750 0.193750
0 0.763542 0.917969 0.193750 0.160938
0 0.575000 0.921094 0.195833 0.154688
0 0.375000 0.928125 0.212500 0.143750
0 0.167708 0.928125 0.206250 0.143750
0 0.925000 0.750000 0.075000 0.168750
0 0.851042 0.832812 0.035417 0.034375
0 0.871875 0.727344 0.031250 0.142187
0 0.946875 0.632031 0.072917 0.070312
0 0.987500 0.626563 0.025000 0.068750
0 0.972917 0.744531 0.054167 0.167187
0 0.960417 0.903906 0.079167 0.154688
0 0.905208 0.906250 0.068750 0.150000
0 0.893750 0.408594 0.041667 0.032813
0 0.935417 0.988281 0.129167 0.023438
