0 0.083694 0.169372 0.167388 0.135281
0 0.331890 0.171537 0.360750 0.143939
0 0.695527 0.185065 0.375180 0.153680
0 0.931313 0.193182 0.125253 0.141775
0 0.087302 0.290043 0.174603 0.132035
0 0.336219 0.295455 0.340548 0.138528
0 0.693362 0.315476 0.362193 0.146104
0 0.924820 0.325433 0.138240 0.132684
0 0.090909 0.411797 0.181818 0.124459
0 0.341270 0.417749 0.333333 0.127706
0 0.675325 0.434524 0.352092 0.137446
0 0.915440 0.445455 0.156999 0.118182
0 0.090188 0.514069 0.180375 0.099567
0 0.332612 0.522186 0.321789 0.104978
0 0.665945 0.536797 0.336219 0.116883
0 0.909668 0.553463 0.168543 0.111255
0 0.094517 0.652597 0.189033 0.196970
0 0.295815 0.663961 0.412698 0.211039
0 0.657287 0.686147 0.391053 0.220779
0 0.910390 0.697619 0.167100 0.204762
0 0.056277 0.808117 0.112554 0.129221
0 0.235931 0.830087 0.468975 0.168831
0 0.664502 0.855519 0.466089 0.169913
0 0.916883 0.866558 0.154113 0.148701
0 0.217172 0.943074 0.425685 0.104762
0 0.696825 0.954978 0.594228 0.080952
