0 0.161655 0.762033 0.321379 0.467353
0 0.238724 0.937652 0.246552 0.121698
0 0.253379 0.706716 0.449655 0.358786
0 0.305793 0.467353 0.601379 0.181978
0 0.317517 0.326216 0.558621 0.162333
0 0.323034 0.173189 0.553103 0.201623
0 0.318207 0.069793 0.562759 0.137517
0 0.511310 0.660704 0.173793 0.328801
0 0.445793 0.906271 0.183448 0.183012
0 0.621655 0.618312 0.104828 0.289510
0 0.717517 0.093574 0.260690 0.151993
0 0.714759 0.207310 0.257931 0.133382
0 0.707862 0.326216 0.244138 0.116838
0 0.696138 0.429096 0.201379 0.113736
0 0.574414 0.879750 0.115172 0.237502
0 0.654069 0.860621 0.117241 0.275759
0 0.873379 0.394458 0.158621 0.102363
0 0.885793 0.311224 0.125517 0.086853
0 0.905793 0.219718 0.129655 0.100295
0 0.909241 0.128212 0.128276 0.105465
0 0.734759 0.038257 0.275862 0.076513
0 0.708552 0.593496 0.093793 0.268831
0 0.789931 0.571783 0.099310 0.260559
0 0.720276 0.811663 0.070345 0.217133
0 0.786483 0.786848 0.084138 0.210929
0 0.756828 0.941943 0.091034 0.109600
0 0.697207 0.965052 0.094414 0.066898
0 0.815379 0.921625 0.081241 0.153751
0 0.873379 0.546451 0.070345 0.234710
0 0.924414 0.513364 0.081379 0.214031
0 0.858207 0.743938 0.078621 0.207827
0 0.878207 0.901980 0.063448 0.193041
0 0.914069 0.704131 0.060690 0.196453
0 0.923034 0.859226 0.048276 0.206793
0 0.957517 0.669493 0.040000 0.170604
