0 0.629000 0.350075 0.274000 0.253373
0 0.260000 0.308846 0.512000 0.311844
0 0.243000 0.592204 0.486000 0.320840
0 0.600000 0.590705 0.268000 0.239880
0 0.850000 0.377061 0.232000 0.229385
0 0.815000 0.586957 0.222000 0.214393
0 0.768000 0.779610 0.236000 0.215892
0 0.548000 0.810345 0.276000 0.244378
0 0.215000 0.829835 0.426000 0.337331
0 0.301000 0.967766 0.242000 0.061469
0 0.539000 0.940780 0.250000 0.118441
0 0.749000 0.922039 0.214000 0.149925
0 0.901000 0.163418 0.198000 0.266867
0 0.962000 0.395052 0.076000 0.202399
0 0.943000 0.581709 0.114000 0.179910
0 0.929000 0.754873 0.142000 0.187406
0 0.910000 0.907796 0.172000 0.181409
0 0.295000 0.113193 0.578000 0.220390
0 0.683000 0.133433 0.322000 0.266867
