0 0.118454 0.231667 0.162095 0.323333
0 0.270574 0.238333 0.162095 0.323333
0 0.425187 0.243333 0.152120 0.326667
0 0.578554 0.241667 0.154613 0.330000
0 0.729426 0.240000 0.157107 0.320000
0 0.876559 0.246667 0.157107 0.320000
0 0.872818 0.546667 0.154613 0.293333
0 0.729426 0.545000 0.137157 0.296667
0 0.579800 0.545000 0.167082 0.296667
0 0.422693 0.551667 0.147132 0.296667
0 0.276808 0.548333 0.159601 0.303333
0 0.130923 0.545000 0.162095 0.303333
0 0.163342 0.823333 0.142145 0.273333
0 0.298005 0.823333 0.157107 0.273333
0 0.443890 0.826667 0.144638 0.266667
0 0.582294 0.831667 0.137157 0.283333
0 0.716958 0.833333 0.152120 0.280000
