0 0.091932 0.705000 0.112570 0.136667
0 0.196060 0.698333 0.106942 0.130000
0 0.298311 0.696667 0.105066 0.126667
0 0.404315 0.691667 0.103189 0.123333
0 0.505629 0.690000 0.103189 0.120000
0 0.606942 0.686667 0.103189 0.126667
0 0.710131 0.688333 0.103189 0.116667
0 0.817073 0.688333 0.110694 0.123333
0 0.932458 0.665000 0.135084 0.176667
0 0.931520 0.525000 0.129456 0.156667
0 0.818011 0.565000 0.108818 0.136667
0 0.711069 0.570000 0.105066 0.126667
0 0.607880 0.565000 0.101313 0.123333
0 0.086304 0.578333 0.112570 0.130000
0 0.191370 0.575000 0.108818 0.130000
0 0.297373 0.570000 0.110694 0.126667
0 0.401501 0.570000 0.105066 0.126667
0 0.504690 0.563333 0.105066 0.133333
0 0.078799 0.451667 0.116323 0.130000
0 0.070356 0.305000 0.114447 0.163333
0 0.184803 0.448333 0.114447 0.130000
0 0.178236 0.316667 0.112570 0.133333
0 0.115385 0.180000 0.114447 0.140000
0 0.223265 0.176667 0.112570 0.146667
0 0.285178 0.313333 0.112570 0.133333
0 0.288931 0.445000 0.108818 0.130000
0 0.394934 0.443333 0.106942 0.126667
0 0.333021 0.173333 0.110694 0.140000
0 0.440901 0.171667 0.108818 0.143333
0 0.391182 0.311667 0.110694 0.136667
0 0.498124 0.311667 0.106942 0.136667
0 0.499062 0.443333 0.105066 0.126667
0 0.607880 0.438333 0.105066 0.130000
0 0.605066 0.311667 0.106942 0.130000
0 0.548780 0.171667 0.106942 0.150000
0 0.656660 0.173333 0.112570 0.146667
0 0.760788 0.170000 0.121951 0.146667
0 0.713884 0.310000 0.114447 0.133333
0 0.819887 0.438333 0.108818 0.130000
0 0.821764 0.303333 0.112570 0.146667
0 0.935272 0.350000 0.129456 0.200000
0 0.714822 0.440000 0.108818 0.133333
