0 0.044000 0.230034 0.088000 0.068616
0 0.177000 0.208099 0.178000 0.069741
0 0.168000 0.267154 0.160000 0.052868
0 0.209000 0.287964 0.030000 0.026997
0 0.328000 0.273341 0.160000 0.031496
0 0.327000 0.224409 0.162000 0.066367
0 0.487000 0.209786 0.158000 0.057368
0 0.488000 0.257593 0.156000 0.042745
0 0.647000 0.227222 0.158000 0.053993
0 0.644000 0.276715 0.156000 0.044994
0 0.872000 0.268279 0.196000 0.066367
0 0.881000 0.210911 0.202000 0.057368
0 0.950000 0.295276 0.100000 0.019123
0 0.979000 0.308211 0.042000 0.015748
0 0.716000 0.349831 0.184000 0.125984
0 0.098000 0.289651 0.196000 0.057368
0 0.078000 0.399888 0.156000 0.172103
0 0.290000 0.306524 0.248000 0.032621
0 0.512000 0.296963 0.196000 0.013498
0 0.487000 0.284589 0.150000 0.011249
0 0.545000 0.382452 0.286000 0.166479
0 0.580000 0.510124 0.284000 0.160855
0 0.729000 0.468504 0.086000 0.111361
0 0.878000 0.376828 0.244000 0.157480
0 0.215000 0.420135 0.402000 0.205849
0 0.874000 0.507312 0.252000 0.168729
0 0.730000 0.573678 0.036000 0.098988
0 0.020000 0.573678 0.040000 0.175478
0 0.034000 0.695726 0.068000 0.102362
0 0.034000 0.776715 0.068000 0.165354
0 0.273000 0.714286 0.362000 0.263217
0 0.422000 0.542745 0.020000 0.077615
0 0.226000 0.598988 0.376000 0.165354
0 0.584000 0.646232 0.272000 0.129359
0 0.867000 0.620922 0.266000 0.191226
