0 0.753000 0.146707 0.194000 0.293413
0 0.740000 0.459581 0.180000 0.356287
0 0.738000 0.784431 0.176000 0.341317
0 0.735000 0.959581 0.170000 0.080838
0 0.560000 0.976048 0.184000 0.047904
0 0.554000 0.817365 0.196000 0.353293
0 0.551000 0.482036 0.202000 0.371257
0 0.530000 0.151198 0.252000 0.302395
0 0.294000 0.140719 0.212000 0.281437
0 0.337000 0.494012 0.238000 0.413174
0 0.354000 0.830838 0.220000 0.332335
0 0.026000 0.109281 0.052000 0.218563
0 0.035000 0.362275 0.070000 0.293413
0 0.035000 0.651198 0.070000 0.284431
0 0.047000 0.880240 0.094000 0.227545
