0 0.301000 0.149175 0.602000 0.295352
0 0.777000 0.176912 0.446000 0.332834
0 0.018000 0.182159 0.036000 0.181409
0 0.078000 0.384558 0.152000 0.226387
0 0.356000 0.386807 0.488000 0.224888
0 0.792000 0.440030 0.416000 0.244378
0 0.103000 0.574963 0.206000 0.193403
0 0.392000 0.575712 0.436000 0.176912
0 0.818000 0.647676 0.364000 0.230885
0 0.464000 0.714393 0.416000 0.196402
0 0.846000 0.831334 0.308000 0.157421
0 0.442000 0.840330 0.392000 0.190405
0 0.830000 0.901799 0.340000 0.196402
0 0.446000 0.961769 0.400000 0.073463
0 0.070000 0.881559 0.140000 0.233883
0 0.129000 0.712894 0.258000 0.202399
0 0.195000 0.806597 0.166000 0.239880
0 0.203000 0.916792 0.146000 0.163418
0 0.115000 0.964768 0.058000 0.067466
