0 0.822526 0.302273 0.354949 0.440909
0 0.819113 0.700000 0.361775 0.418182
0 0.824232 0.870455 0.344710 0.259091
0 0.554608 0.847727 0.098976 0.231818
0 0.566553 0.636364 0.102389 0.209091
0 0.561433 0.415909 0.119454 0.231818
0 0.554608 0.179545 0.105802 0.240909
0 0.436860 0.177273 0.116041 0.227273
0 0.438567 0.406818 0.119454 0.231818
0 0.315700 0.409091 0.126280 0.254545
0 0.325939 0.643182 0.126280 0.222727
0 0.450512 0.638636 0.129693 0.231818
0 0.452218 0.868182 0.112628 0.245455
0 0.332765 0.877273 0.126280 0.245455
0 0.223549 0.588636 0.078498 0.222727
0 0.226962 0.800000 0.092150 0.200000
0 0.129693 0.800000 0.102389 0.209091
0 0.124573 0.586364 0.119454 0.227273
0 0.225256 0.370455 0.068259 0.213636
0 0.141638 0.365909 0.092150 0.213636
0 0.047782 0.354545 0.095563 0.236364
0 0.037543 0.579545 0.075085 0.222727
0 0.039249 0.806818 0.078498 0.222727
0 0.313993 0.152273 0.122867 0.259091
0 0.218430 0.147727 0.075085 0.240909
0 0.092150 0.188636 0.184300 0.131818
