0 0.037000 0.075366 0.074000 0.148481
0 0.043000 0.197413 0.086000 0.138358
0 0.066000 0.309899 0.132000 0.124859
0 0.224000 0.294713 0.200000 0.148481
0 0.073000 0.427447 0.134000 0.121485
0 0.229000 0.432508 0.190000 0.140607
0 0.045000 0.537120 0.086000 0.118110
0 0.139000 0.551181 0.106000 0.132733
0 0.258000 0.566929 0.136000 0.143982
0 0.401000 0.586614 0.162000 0.163105
0 0.577000 0.609674 0.210000 0.186727
0 0.835000 0.641732 0.326000 0.219348
0 0.046000 0.643420 0.084000 0.125984
0 0.136000 0.666479 0.096000 0.138358
0 0.251000 0.694038 0.138000 0.155231
0 0.394000 0.727784 0.152000 0.173228
0 0.564000 0.768279 0.204000 0.200225
0 0.827000 0.825084 0.346000 0.237345
0 0.082000 0.754781 0.148000 0.141732
0 0.084000 0.859955 0.140000 0.156355
0 0.234000 0.916198 0.172000 0.167604
0 0.430000 0.948256 0.232000 0.101237
0 0.778000 0.922385 0.440000 0.152981
0 0.443000 0.881890 0.238000 0.215973
0 0.237000 0.812148 0.166000 0.170979
0 0.457000 0.438695 0.270000 0.164229
0 0.790000 0.450506 0.416000 0.212598
0 0.800000 0.236783 0.400000 0.230596
0 0.464000 0.271091 0.288000 0.186727
0 0.131000 0.173791 0.102000 0.156355
0 0.252000 0.145669 0.140000 0.174353
0 0.408000 0.114173 0.176000 0.201350
0 0.607000 0.093926 0.242000 0.187852
0 0.860000 0.079303 0.280000 0.154106
0 0.128000 0.064117 0.120000 0.128234
0 0.253000 0.047807 0.138000 0.095613
0 0.404000 0.029809 0.172000 0.057368
