0 0.151000 0.066667 0.302000 0.133333
0 0.149000 0.229333 0.298000 0.229333
0 0.145000 0.434667 0.290000 0.197333
0 0.145000 0.620000 0.290000 0.178667
0 0.150000 0.778667 0.276000 0.154667
0 0.154000 0.920000 0.276000 0.154667
0 0.454000 0.076000 0.300000 0.152000
0 0.446000 0.248000 0.292000 0.218667
0 0.430000 0.438667 0.276000 0.194667
0 0.425000 0.617333 0.262000 0.162667
0 0.419000 0.776000 0.246000 0.160000
0 0.415000 0.913333 0.238000 0.162667
0 0.736000 0.080000 0.272000 0.160000
0 0.720000 0.242667 0.272000 0.213333
0 0.697000 0.433333 0.262000 0.184000
0 0.678000 0.597333 0.248000 0.165333
0 0.663000 0.752000 0.238000 0.144000
0 0.647000 0.892000 0.230000 0.146667
0 0.929000 0.086667 0.142000 0.173333
0 0.915000 0.258667 0.170000 0.186667
0 0.908000 0.432000 0.184000 0.165333
0 0.899000 0.589333 0.202000 0.154667
0 0.888000 0.734667 0.224000 0.146667
0 0.873000 0.872000 0.238000 0.149333
