0 0.218238 0.451538 0.436475 0.216923
0 0.661885 0.425385 0.418033 0.195385
0 0.440574 0.230769 0.327869 0.236923
0 0.752049 0.224615 0.311475 0.227692
0 0.921107 0.410769 0.157787 0.172308
0 0.935451 0.222308 0.129098 0.210769
0 0.901639 0.563077 0.196721 0.150769
0 0.972336 0.059231 0.055328 0.115385
0 0.728484 0.058462 0.485656 0.116923
0 0.241803 0.056154 0.483607 0.109231
0 0.452869 0.601538 0.258197 0.169231
0 0.703893 0.580769 0.243852 0.161538
0 0.180328 0.623846 0.307377 0.176923
0 0.245902 0.759231 0.385246 0.167692
0 0.603484 0.721538 0.334016 0.160000
0 0.878074 0.688462 0.243852 0.136923
0 0.412910 0.856154 0.223361 0.124615
0 0.635246 0.827692 0.221311 0.135385
0 0.829918 0.800769 0.200820 0.121538
0 0.951844 0.783077 0.096311 0.107692
0 0.184426 0.880769 0.250000 0.136923
0 0.045082 0.907692 0.090164 0.120000
0 0.039959 0.783846 0.079918 0.143077
0 0.030738 0.638462 0.061475 0.156923
0 0.149590 0.238462 0.299180 0.255385
