0 0.172000 0.153000 0.344000 0.306000
0 0.530000 0.155000 0.388000 0.310000
0 0.848000 0.157000 0.304000 0.314000
0 0.171000 0.435000 0.342000 0.278000
0 0.513000 0.448000 0.350000 0.284000
0 0.832000 0.448000 0.336000 0.280000
0 0.827000 0.700000 0.342000 0.236000
0 0.793000 0.905000 0.314000 0.190000
0 0.498000 0.903000 0.300000 0.194000
0 0.505000 0.698000 0.314000 0.232000
0 0.178000 0.677000 0.336000 0.246000
0 0.185000 0.898000 0.314000 0.204000
0 0.956000 0.903000 0.088000 0.194000
0 0.027000 0.900000 0.054000 0.192000
