0 0.868889 0.717500 0.262222 0.125000
0 0.654444 0.715000 0.175556 0.130000
0 0.475556 0.714167 0.182222 0.128333
0 0.293333 0.716667 0.191111 0.133333
0 0.101111 0.719167 0.202222 0.138333
0 0.921111 0.598333 0.157778 0.116667
0 0.758889 0.592500 0.166667 0.121667
0 0.590000 0.588333 0.171111 0.123333
0 0.416667 0.585833 0.171111 0.121667
0 0.165556 0.581667 0.331111 0.130000
0 0.867778 0.477500 0.264444 0.128333
0 0.651111 0.470833 0.168889 0.121667
0 0.480000 0.464167 0.173333 0.121667
0 0.300000 0.460000 0.182222 0.123333
0 0.107778 0.454167 0.202222 0.131667
0 0.892222 0.362500 0.180000 0.115000
0 0.663333 0.352500 0.286667 0.125000
0 0.433333 0.344167 0.173333 0.125000
0 0.182222 0.331667 0.320000 0.130000
0 0.364444 0.220000 0.288889 0.133333
0 0.592222 0.240000 0.162222 0.110000
0 0.801111 0.246667 0.260000 0.116667
0 0.125556 0.210000 0.193333 0.123333
