0 0.203847 0.151273 0.310159 0.299769
0 0.486696 0.154167 0.273746 0.300926
0 0.763694 0.148958 0.288051 0.292824
0 0.938618 0.147801 0.119018 0.288194
0 0.167434 0.445255 0.212625 0.292824
0 0.355675 0.438310 0.188566 0.281250
0 0.535789 0.430787 0.171660 0.266204
0 0.711350 0.422106 0.183365 0.260417
0 0.869681 0.425579 0.191818 0.267361
0 0.968191 0.422685 0.059821 0.263889
0 0.226280 0.699306 0.280899 0.284722
0 0.484746 0.675579 0.236033 0.248843
0 0.725330 0.666898 0.252939 0.224537
0 0.914222 0.657639 0.167759 0.222222
0 0.205797 0.903542 0.184015 0.186250
0 0.372906 0.894329 0.168409 0.197917
0 0.526022 0.889653 0.145677 0.214028
0 0.680465 0.884491 0.164508 0.222222
0 0.827741 0.876389 0.161257 0.212963
0 0.937630 0.865972 0.119642 0.199074
0 0.705823 0.986296 0.210024 0.020741
0 0.905418 0.982824 0.185367 0.027685
