0 0.123000 0.469363 0.238000 0.193627
0 0.116000 0.285539 0.224000 0.188725
0 0.361000 0.284314 0.238000 0.181373
0 0.368000 0.463235 0.244000 0.181373
0 0.606000 0.272059 0.236000 0.186275
0 0.610000 0.094363 0.240000 0.183824
0 0.621000 0.455882 0.238000 0.191176
0 0.856000 0.448529 0.236000 0.186275
0 0.845000 0.268382 0.242000 0.183824
0 0.377000 0.651961 0.246000 0.191176
0 0.621000 0.642157 0.238000 0.186275
0 0.856000 0.632353 0.232000 0.191176
0 0.125000 0.127451 0.246000 0.235294
0 0.130000 0.655637 0.240000 0.183824
0 0.382000 0.830882 0.244000 0.191176
0 0.622000 0.828431 0.240000 0.186275
0 0.862000 0.813725 0.232000 0.186275
0 0.141000 0.963235 0.242000 0.058824
0 0.138000 0.841912 0.240000 0.188725
0 0.387000 0.962010 0.242000 0.071078
0 0.625000 0.954657 0.238000 0.085784
0 0.863000 0.950980 0.238000 0.098039
