0 0.806000 0.320090 0.156000 0.130435
0 0.800000 0.431784 0.088000 0.092954
0 0.793000 0.523238 0.082000 0.092954
0 0.684000 0.524738 0.140000 0.092954
0 0.672000 0.233133 0.132000 0.094453
0 0.785000 0.651424 0.166000 0.118441
0 0.773000 0.753373 0.162000 0.094453
0 0.655000 0.751874 0.086000 0.094453
0 0.663000 0.637181 0.094000 0.131934
0 0.473000 0.767616 0.154000 0.125937
0 0.514000 0.544978 0.164000 0.133433
0 0.545000 0.634933 0.154000 0.136432
0 0.430000 0.636432 0.080000 0.130435
0 0.682000 0.335082 0.080000 0.103448
0 0.664000 0.157421 0.140000 0.053973
0 0.539000 0.233133 0.138000 0.097451
0 0.543000 0.326837 0.134000 0.089955
0 0.575000 0.425037 0.078000 0.106447
0 0.467000 0.422789 0.138000 0.107946
0 0.440000 0.325337 0.068000 0.089955
0 0.436000 0.233133 0.072000 0.097451
0 0.688000 0.425037 0.156000 0.106447
0 0.775000 0.183658 0.078000 0.088456
0 0.775000 0.241379 0.070000 0.026987
0 0.325000 0.230885 0.150000 0.098951
0 0.333000 0.326837 0.146000 0.095952
0 0.218000 0.229385 0.076000 0.098951
0 0.228000 0.323838 0.068000 0.092954
0 0.250000 0.423538 0.152000 0.109445
0 0.243000 0.532984 0.166000 0.106447
0 0.357000 0.427286 0.082000 0.104948
0 0.362000 0.523988 0.076000 0.085457
0 0.315000 0.601949 0.158000 0.067466
0 0.297000 0.688156 0.190000 0.107946
0 0.332000 0.765367 0.112000 0.064468
0 0.340000 0.812594 0.112000 0.074963
0 0.198000 0.640930 0.100000 0.109445
0 0.095000 0.110945 0.190000 0.137931
0 0.092000 0.226387 0.184000 0.104948
0 0.084000 0.332834 0.168000 0.107946
0 0.175000 0.329835 0.030000 0.104948
0 0.032000 0.441529 0.064000 0.109445
0 0.107000 0.446777 0.146000 0.128936
0 0.051000 0.568966 0.102000 0.142429
0 0.049000 0.678411 0.098000 0.148426
0 0.130000 0.552474 0.076000 0.118441
0 0.275000 0.157421 0.118000 0.044978
0 0.378000 0.159670 0.088000 0.043478
0 0.478000 0.160420 0.112000 0.044978
0 0.565000 0.161169 0.062000 0.043478
0 0.740000 0.060720 0.096000 0.073463
0 0.647000 0.059220 0.098000 0.073463
0 0.552000 0.058471 0.092000 0.074963
0 0.472000 0.059220 0.068000 0.076462
0 0.403000 0.059220 0.070000 0.073463
0 0.333000 0.059220 0.070000 0.076462
0 0.263000 0.057721 0.070000 0.073463
0 0.178000 0.056222 0.096000 0.073463
0 0.084000 0.044978 0.096000 0.050975
0 0.749000 0.118441 0.090000 0.038981
0 0.655000 0.113193 0.094000 0.031484
0 0.560000 0.118441 0.088000 0.041979
0 0.481000 0.116942 0.070000 0.041979
0 0.412000 0.116192 0.068000 0.040480
0 0.964000 0.098201 0.072000 0.142429
0 0.908000 0.113943 0.060000 0.122939
0 0.863000 0.126687 0.054000 0.109445
0 0.947000 0.347826 0.062000 0.122939
0 0.901000 0.335082 0.058000 0.118441
0 0.967000 0.224888 0.066000 0.128936
