0 0.096049 0.176258 0.192098 0.342012
0 0.313782 0.182877 0.271923 0.364078
0 0.569480 0.197220 0.274518 0.390556
0 0.822582 0.215975 0.297882 0.428067
0 0.946459 0.233495 0.101734 0.405737
0 0.102214 0.484069 0.201833 0.302295
0 0.305021 0.503376 0.238825 0.310018
0 0.551308 0.527648 0.252453 0.318844
0 0.789808 0.556884 0.269976 0.324360
0 0.938425 0.572330 0.116816 0.300088
0 0.113896 0.746094 0.207025 0.257061
0 0.313782 0.772573 0.222600 0.276920
0 0.539302 0.797948 0.233633 0.276920
0 0.755088 0.829391 0.253751 0.275816
0 0.918229 0.849404 0.158195 0.273919
0 0.132132 0.922352 0.190281 0.146205
0 0.320272 0.936143 0.201833 0.118623
0 0.521040 0.950485 0.207855 0.089938
0 0.729116 0.970344 0.212242 0.050221
0 0.915308 0.977780 0.164036 0.031995
