0 0.226439 0.268293 0.298374 0.222222
0 0.467902 0.253117 0.187805 0.222222
0 0.724000 0.259079 0.326016 0.212466
0 0.183350 0.482385 0.192683 0.210298
0 0.371967 0.477507 0.195935 0.224390
0 0.565870 0.473171 0.203252 0.224390
0 0.769122 0.474255 0.201626 0.220054
0 0.232943 0.690515 0.273984 0.205962
0 0.471561 0.692141 0.203252 0.213550
0 0.721561 0.695935 0.301626 0.227642
0 0.197171 0.892683 0.207317 0.204878
0 0.389854 0.894851 0.194309 0.202710
0 0.581065 0.895415 0.197870 0.203837
0 0.779691 0.900271 0.200000 0.189702
0 0.041073 0.293225 0.080488 0.198374
0 0.045951 0.480759 0.090244 0.191870
0 0.046764 0.655827 0.091870 0.221138
0 0.049203 0.803252 0.095122 0.158266
0 0.047984 0.924661 0.092683 0.145257
0 0.923593 0.219512 0.079675 0.122493
0 0.979902 0.210667 0.036195 0.117333
0 0.933967 0.344672 0.128065 0.145344
0 0.914244 0.474255 0.088618 0.115989
0 0.978276 0.472000 0.039447 0.122667
0 0.936000 0.592748 0.124000 0.131837
0 0.936407 0.768401 0.123187 0.230136
0 0.956732 0.852000 0.082537 0.290667
0 0.901439 0.921431 0.045122 0.151805
0 0.958553 0.944173 0.076423 0.101897
