0 0.258553 0.515989 0.247154 0.169106
0 0.128472 0.187534 0.076423 0.134417
0 0.375220 0.187534 0.192683 0.162602
0 0.562618 0.175610 0.084553 0.088889
0 0.647171 0.224932 0.100813 0.092141
0 0.737008 0.203252 0.134146 0.135501
0 0.831724 0.195122 0.138211 0.160434
0 0.863837 0.287263 0.075610 0.156098
0 0.501236 0.299187 0.260976 0.231978
0 0.719122 0.390244 0.221951 0.138753
0 0.865057 0.416260 0.079675 0.132249
0 0.866683 0.542005 0.084553 0.132249
0 0.253675 0.672087 0.182114 0.147425
0 0.265870 0.808130 0.204878 0.146341
0 0.486602 0.458537 0.156911 0.121409
0 0.485789 0.573984 0.171545 0.135501
0 0.452455 0.730081 0.174797 0.278591
0 0.693919 0.543631 0.269106 0.178862
0 0.616276 0.750136 0.165854 0.223306
0 0.751642 0.740921 0.187805 0.222222
0 0.874813 0.725203 0.084553 0.251491
