0 0.050000 0.729730 0.100000 0.540541
0 0.140000 0.897898 0.204000 0.204204
0 0.159000 0.668168 0.238000 0.273273
0 0.185000 0.427928 0.186000 0.231231
0 0.131000 0.375375 0.158000 0.216216
0 0.127000 0.151652 0.162000 0.237237
0 0.293000 0.096096 0.170000 0.192192
0 0.292000 0.259760 0.168000 0.135135
0 0.463000 0.105105 0.166000 0.210210
0 0.464000 0.337838 0.164000 0.273273
0 0.633000 0.084084 0.166000 0.168168
0 0.801000 0.084084 0.166000 0.168168
0 0.632000 0.297297 0.168000 0.258258
0 0.800000 0.294294 0.172000 0.252252
0 0.878000 0.369369 0.228000 0.114114
0 0.877000 0.537538 0.230000 0.228228
0 0.688000 0.599099 0.148000 0.249249
0 0.742000 0.450450 0.044000 0.048048
0 0.632000 0.450450 0.168000 0.054054
0 0.371000 0.435435 0.190000 0.222222
0 0.368000 0.660661 0.180000 0.222222
0 0.340000 0.882883 0.204000 0.234234
0 0.538000 0.851351 0.196000 0.291291
0 0.538000 0.584084 0.156000 0.243243
0 0.891000 0.714715 0.218000 0.138138
0 0.774000 0.684685 0.016000 0.072072
0 0.713000 0.858859 0.186000 0.276276
0 0.900000 0.891892 0.196000 0.210210
