0 0.132000 0.296000 0.132000 0.288000
0 0.269000 0.280000 0.150000 0.293333
0 0.415000 0.266667 0.158000 0.298667
0 0.556000 0.257333 0.160000 0.285333
0 0.689000 0.234667 0.162000 0.288000
0 0.825000 0.234667 0.158000 0.266667
0 0.864000 0.518667 0.164000 0.301333
0 0.722000 0.521333 0.168000 0.306667
0 0.582000 0.550667 0.168000 0.317333
0 0.436000 0.562667 0.164000 0.320000
0 0.286000 0.576000 0.156000 0.320000
0 0.138000 0.586667 0.148000 0.314667
0 0.906000 0.829333 0.160000 0.330667
0 0.758000 0.837333 0.164000 0.325333
0 0.604000 0.850667 0.168000 0.298667
0 0.450000 0.857333 0.160000 0.285333
0 0.294000 0.862667 0.160000 0.274667
0 0.144000 0.868000 0.152000 0.264000
