0 0.060000 0.187619 0.120000 0.310476
0 0.182000 0.181905 0.224000 0.321905
0 0.461000 0.169524 0.402000 0.339048
0 0.831000 0.161905 0.338000 0.323810
0 0.923000 0.463810 0.150000 0.295238
0 0.767000 0.464762 0.190000 0.285714
0 0.575000 0.469524 0.182000 0.276190
0 0.393000 0.469524 0.186000 0.272381
0 0.160000 0.470476 0.320000 0.262857
0 0.084000 0.708571 0.168000 0.224762
0 0.234000 0.714286 0.188000 0.232381
0 0.475000 0.719048 0.342000 0.245714
0 0.825000 0.735238 0.346000 0.259048
0 0.906000 0.925714 0.180000 0.144762
0 0.740000 0.920000 0.164000 0.160000
0 0.552000 0.919048 0.156000 0.161905
0 0.405000 0.916190 0.154000 0.167619
0 0.187000 0.905714 0.310000 0.184762
