0 0.522000 0.580000 0.688000 0.360000
0 0.528000 0.286667 0.640000 0.290667
0 0.528000 0.077333 0.592000 0.154667
0 0.911000 0.486667 0.170000 0.584000
0 0.892000 0.906667 0.132000 0.186667
0 0.732000 0.865333 0.184000 0.269333
0 0.545000 0.862667 0.198000 0.274667
0 0.361000 0.860000 0.198000 0.280000
0 0.233000 0.878667 0.094000 0.242667
0 0.131000 0.878667 0.142000 0.242667
0 0.094000 0.622667 0.180000 0.152000
0 0.106000 0.500000 0.180000 0.104000
0 0.120000 0.406667 0.176000 0.098667
0 0.128000 0.314667 0.164000 0.090667
0 0.140000 0.228000 0.164000 0.088000
0 0.152000 0.140000 0.160000 0.082667
