0 0.199610 0.300813 0.389431 0.330623
0 0.506927 0.279133 0.269106 0.269919
0 0.709772 0.362060 0.147967 0.210298
0 0.232537 0.575610 0.359350 0.336043
0 0.521967 0.502981 0.253659 0.277507
0 0.717496 0.530623 0.143902 0.196206
0 0.265870 0.810840 0.334959 0.338211
0 0.536195 0.709485 0.239837 0.280759
0 0.724000 0.687263 0.137398 0.203794
0 0.293959 0.922515 0.300081 0.149637
0 0.550423 0.878070 0.229268 0.238526
0 0.726033 0.831436 0.131707 0.195122
0 0.608959 0.963165 0.120325 0.068336
0 0.728317 0.936065 0.120634 0.122537
0 0.669528 0.081301 0.078862 0.153930
0 0.829285 0.074797 0.242276 0.143089
0 0.669122 0.207046 0.076423 0.123577
0 0.827659 0.259079 0.243902 0.257995
0 0.867902 0.466667 0.152033 0.226558
0 0.865057 0.661789 0.149593 0.246070
0 0.859366 0.863415 0.146341 0.259079
0 0.969333 0.386450 0.057333 0.157182
0 0.969740 0.520976 0.056520 0.135285
0 0.965870 0.645528 0.063415 0.135501
0 0.962618 0.754472 0.069919 0.136585
0 0.958358 0.865084 0.079285 0.140835
