0 0.382000 0.026987 0.360000 0.053973
0 0.238000 0.122939 0.356000 0.146927
0 0.517000 0.113943 0.214000 0.146927
0 0.741000 0.110945 0.238000 0.125937
0 0.247000 0.254873 0.334000 0.131934
0 0.515000 0.254123 0.202000 0.133433
0 0.721000 0.332834 0.214000 0.101949
0 0.731000 0.226387 0.226000 0.116942
0 0.471000 0.365067 0.250000 0.088456
0 0.223000 0.365817 0.254000 0.089955
0 0.232000 0.446027 0.244000 0.082459
0 0.479000 0.449025 0.242000 0.085457
0 0.739000 0.410045 0.274000 0.118441
0 0.245000 0.521739 0.238000 0.080960
0 0.482000 0.526987 0.240000 0.082459
0 0.735000 0.511994 0.266000 0.085457
0 0.732000 0.592954 0.256000 0.076462
0 0.508000 0.593703 0.148000 0.053973
0 0.511000 0.643178 0.150000 0.056972
0 0.733000 0.669415 0.250000 0.082459
0 0.762000 0.745877 0.184000 0.073463
0 0.732000 0.810345 0.224000 0.070465
0 0.724000 0.874063 0.200000 0.068966
0 0.214000 0.594453 0.148000 0.067466
0 0.360000 0.599700 0.148000 0.077961
0 0.366000 0.669415 0.140000 0.070465
0 0.223000 0.664168 0.146000 0.071964
0 0.278000 0.734633 0.196000 0.071964
0 0.283000 0.799100 0.194000 0.068966
0 0.287000 0.864318 0.186000 0.073463
0 0.510000 0.808846 0.220000 0.061469
0 0.510000 0.859070 0.212000 0.056972
