0 0.210000 0.350667 0.208000 0.216000
0 0.207000 0.542667 0.198000 0.178667
0 0.207000 0.696000 0.178000 0.149333
0 0.190000 0.840000 0.132000 0.138667
0 0.350000 0.797333 0.192000 0.277333
0 0.404000 0.553333 0.220000 0.232000
0 0.414000 0.378667 0.232000 0.170667
0 0.583000 0.274667 0.138000 0.064000
0 0.624000 0.380000 0.188000 0.226667
0 0.516000 0.608000 0.032000 0.058667
0 0.490000 0.664000 0.092000 0.064000
0 0.492000 0.717333 0.096000 0.058667
0 0.493000 0.772000 0.094000 0.056000
0 0.493000 0.821333 0.094000 0.053333
0 0.494000 0.868000 0.096000 0.045333
0 0.629000 0.594667 0.194000 0.224000
0 0.637000 0.816000 0.198000 0.224000
