0 0.194870 0.445560 0.360870 0.129283
0 0.197043 0.551485 0.327536 0.089086
0 0.223855 0.619929 0.305797 0.126024
0 0.236899 0.711188 0.308696 0.076049
0 0.326754 0.318993 0.155072 0.047802
0 0.292696 0.365708 0.185507 0.063012
0 0.535449 0.415140 0.195652 0.137974
0 0.480377 0.362992 0.198551 0.061926
0 0.502116 0.315733 0.198551 0.063012
0 0.649942 0.285314 0.166667 0.058666
0 0.659362 0.338005 0.127536 0.046716
0 0.821681 0.321709 0.200000 0.087999
0 0.749217 0.406449 0.243478 0.140147
0 0.423855 0.408622 0.036232 0.031506
0 0.381826 0.424918 0.039130 0.061926
0 0.421681 0.449905 0.040580 0.057580
0 0.529652 0.546053 0.305797 0.141234
0 0.524580 0.653608 0.298551 0.073876
0 0.531826 0.719879 0.278261 0.063012
0 0.834000 0.537362 0.323188 0.128197
0 0.837377 0.643830 0.321246 0.145579
0 0.833754 0.718250 0.328493 0.135802
0 0.896319 0.444473 0.071014 0.066271
0 0.859362 0.384177 0.098551 0.065185
