0 0.197000 0.073347 0.394000 0.146694
0 0.493587 0.085744 0.209091 0.165289
0 0.703091 0.090909 0.211570 0.179752
0 0.896066 0.090909 0.195868 0.175620
0 0.888215 0.267562 0.191736 0.173554
0 0.699372 0.257231 0.199174 0.175620
0 0.495653 0.245868 0.204959 0.185950
0 0.197000 0.214390 0.394000 0.213781
0 0.113421 0.389463 0.217355 0.196281
0 0.327058 0.404959 0.204959 0.173554
0 0.529537 0.409091 0.196694 0.163223
0 0.793174 0.421488 0.338843 0.165289
0 0.782017 0.570764 0.326446 0.158058
0 0.524579 0.570764 0.186777 0.158058
0 0.330777 0.574380 0.200826 0.171488
0 0.121273 0.566116 0.213223 0.177686
0 0.201025 0.722107 0.380992 0.154959
0 0.482017 0.726756 0.192562 0.145661
0 0.667967 0.725723 0.185950 0.151860
0 0.849785 0.727789 0.180992 0.153926
0 0.843587 0.863636 0.175207 0.132231
0 0.655983 0.873450 0.183471 0.141529
0 0.478298 0.869835 0.195041 0.154959
0 0.192760 0.880165 0.371074 0.154959
