0 0.243639 0.156316 0.331327 0.311172
0 0.243912 0.450342 0.320930 0.316279
0 0.280027 0.731601 0.316005 0.354948
0 0.277155 0.898667 0.300410 0.197333
0 0.591968 0.804827 0.215611 0.273303
0 0.595588 0.606184 0.220136 0.258522
0 0.460000 0.776140 0.070409 0.208655
0 0.449006 0.571384 0.097544 0.230175
0 0.450760 0.363821 0.097778 0.221131
0 0.446433 0.138635 0.147135 0.231735
0 0.624912 0.147057 0.236959 0.273528
0 0.603626 0.378168 0.226199 0.256062
0 0.751825 0.188808 0.045255 0.207299
0 0.742883 0.392944 0.063139 0.197080
0 0.722810 0.579319 0.047810 0.192214
0 0.710401 0.749635 0.037591 0.163990
