0 0.053667 0.073561 0.107333 0.147123
0 0.190667 0.070033 0.196000 0.136808
0 0.540000 0.072747 0.502667 0.142237
0 0.847333 0.081976 0.146667 0.156352
0 0.948000 0.085233 0.100000 0.162866
0 0.987333 0.096091 0.021333 0.149837
0 0.110667 0.255700 0.220000 0.238871
0 0.471333 0.266558 0.520000 0.293160
0 0.784667 0.257329 0.136000 0.239957
0 0.905333 0.257329 0.148000 0.196526
0 0.977333 0.250271 0.041333 0.173724
0 0.068333 0.445168 0.136667 0.222584
0 0.214000 0.480456 0.200000 0.245385
0 0.538000 0.521716 0.461333 0.288817
0 0.804667 0.452769 0.117333 0.203040
0 0.920000 0.429425 0.156000 0.191097
0 0.034667 0.609121 0.065333 0.170467
0 0.177333 0.651466 0.241333 0.233442
0 0.511333 0.747557 0.461333 0.297503
0 0.772667 0.643865 0.117333 0.216069
0 0.882667 0.590662 0.118667 0.205212
0 0.954000 0.549946 0.053333 0.171553
0 0.022000 0.745385 0.042667 0.152009
0 0.102000 0.787731 0.149333 0.214984
0 0.262000 0.859935 0.178667 0.244300
0 0.554000 0.875136 0.408000 0.239957
0 0.791333 0.788274 0.090667 0.187839
0 0.877333 0.731813 0.092000 0.181325
0 0.061333 0.887622 0.121333 0.165038
0 0.217333 0.929967 0.196000 0.136808
0 0.056667 0.955483 0.109333 0.081433
0 0.134667 0.982628 0.062667 0.031488
0 0.349000 0.984256 0.062000 0.028230
0 0.749333 0.923453 0.142667 0.141151
0 0.868000 0.862106 0.134667 0.198697
0 0.890000 0.901737 0.122667 0.178067
0 0.939333 0.685125 0.042667 0.137894
0 0.934000 0.769815 0.050667 0.107492
0 0.958000 0.850706 0.037333 0.115092
