0 0.144000 0.057000 0.288000 0.114000
0 0.412000 0.061000 0.248000 0.118000
0 0.564000 0.063000 0.056000 0.122000
0 0.604000 0.089000 0.024000 0.130000
0 0.713000 0.070000 0.206000 0.136000
0 0.903000 0.058000 0.174000 0.112000
0 0.993000 0.083000 0.014000 0.122000
0 0.907000 0.181000 0.182000 0.146000
0 0.718000 0.178000 0.212000 0.148000
0 0.570000 0.192000 0.048000 0.136000
0 0.419000 0.275000 0.258000 0.322000
0 0.143000 0.272000 0.286000 0.328000
0 0.585000 0.326000 0.086000 0.144000
0 0.697000 0.325000 0.138000 0.146000
0 0.824000 0.321000 0.132000 0.142000
0 0.940000 0.322000 0.120000 0.144000
0 0.911000 0.467000 0.178000 0.146000
0 0.732000 0.467000 0.196000 0.150000
0 0.594000 0.456000 0.092000 0.124000
0 0.648000 0.597000 0.180000 0.166000
0 0.783000 0.604000 0.102000 0.136000
0 0.916000 0.608000 0.168000 0.132000
0 0.942000 0.730000 0.116000 0.196000
0 0.946000 0.901000 0.108000 0.150000
0 0.951000 0.987000 0.098000 0.026000
0 0.792000 0.985000 0.216000 0.026000
0 0.626000 0.916000 0.116000 0.164000
0 0.790000 0.900000 0.220000 0.168000
0 0.781000 0.748000 0.218000 0.164000
0 0.620000 0.759000 0.116000 0.158000
0 0.364000 0.880000 0.416000 0.240000
0 0.361000 0.603000 0.402000 0.342000
0 0.080000 0.608000 0.160000 0.348000
0 0.081000 0.883000 0.162000 0.230000
