0 0.155000 0.088000 0.310000 0.176000
0 0.114000 0.250667 0.228000 0.160000
0 0.347000 0.241333 0.254000 0.189333
0 0.597000 0.224000 0.262000 0.181333
0 0.846000 0.233333 0.244000 0.162667
0 0.117000 0.408000 0.234000 0.154667
0 0.127000 0.552000 0.242000 0.154667
0 0.129000 0.697333 0.258000 0.157333
0 0.148000 0.822667 0.244000 0.184000
0 0.355000 0.408000 0.250000 0.165333
0 0.364000 0.561333 0.244000 0.157333
0 0.382000 0.697333 0.240000 0.152000
0 0.381000 0.822667 0.226000 0.146667
0 0.602000 0.390667 0.248000 0.162667
0 0.604000 0.545333 0.236000 0.152000
0 0.614000 0.682667 0.220000 0.133333
0 0.609000 0.800000 0.218000 0.138667
0 0.834000 0.385333 0.220000 0.152000
0 0.829000 0.525333 0.214000 0.128000
0 0.828000 0.653333 0.208000 0.138667
0 0.825000 0.782667 0.214000 0.146667
0 0.016000 0.838667 0.032000 0.125333
