0 0.106000 0.928786 0.200000 0.142429
0 0.297000 0.934783 0.202000 0.130435
0 0.496000 0.937781 0.204000 0.121439
0 0.699000 0.942279 0.218000 0.115442
0 0.897000 0.947526 0.202000 0.104948
0 0.101000 0.790105 0.198000 0.155922
0 0.299000 0.797601 0.206000 0.158921
0 0.502000 0.801349 0.212000 0.166417
0 0.715000 0.808846 0.226000 0.172414
0 0.907000 0.813343 0.186000 0.163418
0 0.533000 0.636432 0.346000 0.175412
0 0.848000 0.645427 0.304000 0.184408
0 0.539000 0.461019 0.374000 0.184408
0 0.854000 0.464768 0.292000 0.191904
0 0.181000 0.269865 0.358000 0.203898
0 0.551000 0.266867 0.390000 0.203898
0 0.865000 0.269115 0.270000 0.208396
0 0.845000 0.106447 0.310000 0.116942
0 0.545000 0.113193 0.298000 0.109445
0 0.253000 0.115442 0.286000 0.110945
0 0.115000 0.030735 0.078000 0.061469
0 0.224000 0.031484 0.152000 0.059970
0 0.378000 0.029985 0.160000 0.056972
0 0.535000 0.029985 0.166000 0.056972
0 0.697000 0.028486 0.166000 0.056972
0 0.859000 0.027736 0.170000 0.055472
0 0.972000 0.024738 0.056000 0.049475
0 0.178000 0.455772 0.356000 0.188906
0 0.181000 0.622939 0.362000 0.187406
