0 0.211516 0.207856 0.355903 0.188802
0 0.092737 0.392860 0.185475 0.185547
0 0.071181 0.482921 0.057870 0.029297
0 0.071904 0.511675 0.062211 0.045573
0 0.068287 0.544227 0.049190 0.047743
0 0.066117 0.567556 0.047743 0.042318
0 0.067564 0.595768 0.041956 0.035807
0 0.147859 0.499740 0.054977 0.086806
0 0.275174 0.275673 0.202546 0.213759
0 0.259259 0.473698 0.156250 0.208333
0 0.477720 0.199175 0.217014 0.245226
0 0.773987 0.162283 0.447859 0.319010
0 0.784838 0.434093 0.426157 0.270182
0 0.461082 0.438976 0.264757 0.227865
0 0.377170 0.566471 0.146123 0.100911
0 0.534867 0.594683 0.206887 0.109592
0 0.759115 0.616927 0.258970 0.147569
0 0.150029 0.572982 0.122975 0.083550
0 0.241898 0.601736 0.133102 0.091146
0 0.359809 0.635373 0.140336 0.099826
0 0.508825 0.672808 0.172164 0.118273
0 0.721499 0.718381 0.279225 0.148655
0 0.132668 0.631576 0.088252 0.083550
0 0.225984 0.660872 0.124421 0.092231
0 0.354022 0.700477 0.137442 0.106337
0 0.498698 0.746593 0.151910 0.116102
0 0.712095 0.804102 0.289352 0.150825
