0 0.089651 0.137922 0.179008 0.073619
0 0.337085 0.130590 0.433162 0.075452
0 0.670051 0.116997 0.441716 0.067815
0 0.150745 0.291575 0.301197 0.251405
0 0.460191 0.274010 0.530303 0.249878
0 0.785166 0.245907 0.425122 0.220552
0 0.157466 0.460044 0.314638 0.139907
0 0.496848 0.427053 0.387341 0.137463
0 0.836791 0.395821 0.321872 0.130279
0 0.168463 0.558254 0.336632 0.135325
0 0.494404 0.522208 0.358016 0.124939
0 0.827065 0.485704 0.329301 0.123412
0 0.803849 0.564822 0.299976 0.100806
0 0.959286 0.516557 0.076882 0.169844
0 0.512427 0.599646 0.310973 0.104472
0 0.181904 0.639052 0.353739 0.114858
