0 0.014444 0.212500 0.028889 0.075000
0 0.051111 0.210833 0.048889 0.078333
0 0.100000 0.211667 0.057778 0.083333
0 0.182222 0.210000 0.120000 0.086667
0 0.291111 0.209167 0.115556 0.088333
0 0.414444 0.210833 0.135556 0.101667
0 0.551111 0.215000 0.151111 0.103333
0 0.703333 0.217500 0.171111 0.105000
0 0.880000 0.220833 0.213333 0.118333
0 0.006667 0.285833 0.013333 0.071667
0 0.050000 0.289167 0.100000 0.078333
0 0.144444 0.292500 0.106667 0.081667
0 0.248889 0.296667 0.106667 0.086667
0 0.353333 0.300000 0.111111 0.093333
0 0.471111 0.305833 0.128889 0.098333
0 0.603333 0.315000 0.153333 0.100000
0 0.802222 0.325000 0.266667 0.110000
0 0.084444 0.363333 0.120000 0.080000
0 0.015556 0.357500 0.026667 0.071667
0 0.190000 0.370833 0.104444 0.081667
0 0.294444 0.378333 0.113333 0.086667
0 0.406667 0.389167 0.115556 0.088333
0 0.530000 0.399167 0.135556 0.095000
0 0.667778 0.410833 0.157778 0.101667
0 0.833333 0.424167 0.177778 0.105000
0 0.015556 0.425833 0.026667 0.071667
0 0.020000 0.492500 0.035556 0.078333
0 0.023333 0.559167 0.046667 0.075000
0 0.026667 0.625000 0.048889 0.076667
0 0.030000 0.666667 0.060000 0.040000
0 0.067778 0.431667 0.073333 0.083333
0 0.150000 0.439167 0.100000 0.078333
0 0.248889 0.447500 0.106667 0.081667
0 0.353333 0.460000 0.111111 0.083333
0 0.467778 0.473333 0.126667 0.090000
0 0.593333 0.490000 0.146667 0.096667
0 0.781111 0.508333 0.251111 0.103333
0 0.047778 0.495000 0.033333 0.073333
0 0.105556 0.501667 0.100000 0.073333
0 0.204444 0.512500 0.097778 0.081667
0 0.304444 0.525833 0.106667 0.081667
0 0.413333 0.538333 0.115556 0.086667
0 0.534444 0.556667 0.126667 0.093333
0 0.661111 0.577500 0.144444 0.095000
0 0.826667 0.578333 0.186667 0.133333
0 0.080000 0.561667 0.084444 0.066667
0 0.064444 0.618333 0.040000 0.063333
0 0.094444 0.680000 0.077778 0.063333
0 0.127778 0.627500 0.091111 0.071667
0 0.207778 0.696667 0.148889 0.073333
0 0.225556 0.642500 0.113333 0.075000
0 0.168889 0.573333 0.093333 0.076667
0 0.265556 0.585833 0.095556 0.075000
0 0.368889 0.605000 0.115556 0.083333
0 0.483333 0.622500 0.122222 0.088333
0 0.605556 0.642500 0.135556 0.095000
0 0.791111 0.651667 0.257778 0.146667
0 0.352222 0.667500 0.144444 0.091667
0 0.484444 0.692500 0.124444 0.095000
0 0.606667 0.717500 0.137778 0.091667
0 0.777778 0.749167 0.226667 0.111667
0 0.482222 0.757500 0.115556 0.081667
0 0.598889 0.785833 0.131111 0.088333
0 0.766667 0.816667 0.226667 0.106667
0 0.304444 0.805833 0.275556 0.251667
0 0.977778 0.349167 0.044444 0.261667
0 0.965556 0.600833 0.068889 0.251667
0 0.954444 0.771667 0.091111 0.173333
0 0.946667 0.899167 0.106667 0.165000
0 0.938889 0.960000 0.122222 0.080000
0 0.060000 0.720000 0.120000 0.080000
0 0.128889 0.871667 0.257778 0.256667
