0 0.227000 0.262667 0.230000 0.168000
0 0.455000 0.276000 0.226000 0.162667
0 0.684000 0.285333 0.228000 0.165333
0 0.898000 0.294667 0.204000 0.162667
0 0.223000 0.424000 0.234000 0.165333
0 0.452000 0.436000 0.228000 0.168000
0 0.680000 0.445333 0.228000 0.170667
0 0.897000 0.453333 0.206000 0.170667
0 0.675000 0.604000 0.234000 0.168000
0 0.895000 0.616000 0.210000 0.170667
0 0.867000 0.773333 0.266000 0.176000
0 0.445000 0.757333 0.230000 0.165333
0 0.448000 0.596000 0.232000 0.168000
0 0.218000 0.585333 0.236000 0.168000
0 0.214000 0.745333 0.240000 0.168000
0 0.667000 0.892000 0.234000 0.216000
0 0.890000 0.925333 0.220000 0.149333
0 0.437000 0.917333 0.238000 0.165333
0 0.205000 0.909333 0.234000 0.165333
