0 0.117500 0.248175 0.155000 0.306569
0 0.277500 0.251825 0.185000 0.270073
0 0.445000 0.251825 0.160000 0.255474
0 0.600000 0.255474 0.150000 0.233577
0 0.130000 0.536496 0.150000 0.284672
0 0.290000 0.529197 0.200000 0.299270
0 0.470000 0.514599 0.180000 0.284672
0 0.142500 0.791971 0.145000 0.270073
0 0.152500 0.952555 0.125000 0.094891
0 0.312500 0.795620 0.195000 0.277372
0 0.315000 0.937956 0.190000 0.124088
0 0.482500 0.927007 0.145000 0.145985
0 0.485000 0.759124 0.160000 0.233577
0 0.597500 0.478102 0.145000 0.211679
0 0.607500 0.675182 0.095000 0.211679
0 0.595000 0.864964 0.090000 0.182482
0 0.035000 0.635036 0.070000 0.175182
0 0.045000 0.832117 0.090000 0.218978
0 0.790000 0.470803 0.170000 0.226277
0 0.775000 0.671533 0.170000 0.218978
0 0.940000 0.740876 0.120000 0.255474
0 0.740000 0.445255 0.170000 0.233577
0 0.677500 0.653285 0.055000 0.182482
0 0.660000 0.821168 0.060000 0.211679
0 0.815000 0.810219 0.150000 0.116788
0 0.717500 0.806569 0.055000 0.109489
0 0.705000 0.927007 0.070000 0.145985
0 0.790000 0.470803 0.170000 0.226277
0 0.872500 0.605839 0.035000 0.175182
0 0.717500 0.799270 0.055000 0.124088
