0 0.037652 0.353215 0.075304 0.061926
0 0.020957 0.404819 0.036232 0.056493
0 0.223855 0.269018 0.230435 0.036938
0 0.182551 0.308672 0.234783 0.048889
0 0.170957 0.355388 0.228986 0.057580
0 0.152841 0.409708 0.294203 0.066271
0 0.175304 0.537362 0.347826 0.191209
0 0.021710 0.645460 0.043420 0.081481
0 0.053594 0.737262 0.107188 0.112987
0 0.041971 0.796471 0.078261 0.118419
0 0.029681 0.858940 0.059362 0.132542
0 0.160087 0.675879 0.285507 0.101036
0 0.189797 0.757904 0.228986 0.076049
0 0.457188 0.108772 0.256522 0.033679
0 0.472406 0.194598 0.295652 0.151011
0 0.490522 0.382005 0.418841 0.219455
0 0.504290 0.543337 0.365217 0.164048
0 0.457188 0.712274 0.340580 0.189036
0 0.476029 0.892619 0.346377 0.180345
0 0.515884 0.803533 0.252174 0.026074
0 0.799217 0.169611 0.320290 0.237925
0 0.745594 0.277709 0.317391 0.054321
0 0.829652 0.336375 0.288406 0.060839
0 0.838826 0.402647 0.318348 0.082567
0 0.843174 0.488527 0.309652 0.095496
0 0.818783 0.712274 0.356522 0.369381
