0 0.267000 0.289735 0.098000 0.158940
0 0.357000 0.290563 0.094000 0.160596
0 0.495000 0.282285 0.186000 0.173841
0 0.635000 0.289735 0.094000 0.158940
0 0.726000 0.287252 0.092000 0.163907
0 0.102000 0.475993 0.108000 0.180464
0 0.203000 0.476821 0.110000 0.182119
0 0.305000 0.477649 0.102000 0.183775
0 0.404000 0.477649 0.096000 0.177152
0 0.503000 0.476821 0.102000 0.182119
0 0.605000 0.477649 0.106000 0.180464
0 0.706000 0.477649 0.100000 0.180464
0 0.809000 0.477649 0.106000 0.180464
0 0.911000 0.478477 0.110000 0.185430
0 0.116000 0.707781 0.232000 0.240066
0 0.356000 0.705298 0.260000 0.235099
0 0.615000 0.706126 0.258000 0.230132
0 0.870000 0.705298 0.260000 0.231788
0 0.113000 0.911424 0.226000 0.177152
0 0.353000 0.907285 0.262000 0.185430
0 0.618000 0.907285 0.256000 0.185430
0 0.874000 0.908940 0.252000 0.182119
0 0.920000 0.355960 0.076000 0.056291
0 0.031000 0.522351 0.034000 0.061258
