0 0.067542 0.065000 0.135084 0.103333
0 0.024390 0.148333 0.048780 0.070000
0 0.117261 0.155000 0.091932 0.076667
0 0.007505 0.266667 0.015009 0.166667
0 0.037523 0.266667 0.060038 0.166667
0 0.089118 0.266667 0.054409 0.166667
0 0.012195 0.431667 0.024390 0.163333
0 0.147280 0.268333 0.065666 0.163333
0 0.097561 0.428333 0.165103 0.170000
0 0.008443 0.596667 0.016886 0.166667
0 0.041276 0.595000 0.060038 0.170000
0 0.092871 0.588333 0.058161 0.163333
0 0.149156 0.575000 0.065666 0.176667
0 0.010319 0.756667 0.020638 0.153333
0 0.100375 0.733333 0.166979 0.206667
0 0.013133 0.908333 0.026266 0.150000
0 0.049719 0.905000 0.054409 0.150000
0 0.098499 0.895000 0.054409 0.150000
0 0.150094 0.876667 0.060038 0.173333
0 0.014071 0.990000 0.028143 0.020000
0 0.108818 0.943333 0.146341 0.113333
0 0.182927 0.288333 0.013133 0.110000
0 0.182927 0.416667 0.016886 0.146667
0 0.339587 0.085000 0.240150 0.170000
0 0.344278 0.286667 0.219512 0.300000
0 0.265478 0.568333 0.114447 0.323333
0 0.409944 0.581667 0.106942 0.310000
0 0.264540 0.823333 0.135084 0.353333
0 0.425891 0.848333 0.101313 0.303333
0 0.581614 0.078333 0.247655 0.156667
0 0.530019 0.273333 0.151970 0.300000
0 0.693246 0.276667 0.181989 0.273333
0 0.743902 0.080000 0.080675 0.126667
0 0.576923 0.553333 0.245779 0.293333
0 0.737336 0.533333 0.086304 0.273333
0 0.532833 0.813333 0.138837 0.300000
0 0.643527 0.808333 0.086304 0.276667
0 0.730769 0.790000 0.091932 0.260000
0 0.148218 0.080000 0.026266 0.073333
0 0.168856 0.118333 0.015009 0.090000
