0 0.218783 0.082698 0.434783 0.161876
0 0.714913 0.079851 0.566174 0.156704
0 0.199971 0.239141 0.399942 0.242270
0 0.565159 0.270104 0.371014 0.258566
0 0.847522 0.268257 0.300957 0.270082
0 0.189826 0.464029 0.379652 0.242270
0 0.561536 0.492819 0.401449 0.249875
0 0.856464 0.528670 0.275362 0.262912
0 0.215159 0.676423 0.427536 0.254221
0 0.577478 0.688916 0.343478 0.235752
0 0.854043 0.729418 0.287913 0.223323
0 0.214435 0.863286 0.423188 0.267258
0 0.558638 0.850792 0.291304 0.187950
0 0.837623 0.892076 0.315942 0.209678
0 0.327478 0.924125 0.168116 0.147752
0 0.567333 0.944224 0.314493 0.101036
0 0.765000 0.981411 0.094000 0.034179
