0 0.366197 0.133333 0.109546 0.166667
0 0.479656 0.131667 0.117371 0.170000
0 0.601721 0.121667 0.126761 0.170000
0 0.737089 0.120000 0.143975 0.173333
0 0.435055 0.286667 0.225352 0.160000
0 0.683881 0.286667 0.272300 0.173333
0 0.375587 0.438333 0.109546 0.156667
0 0.490610 0.445000 0.120501 0.156667
0 0.613459 0.451667 0.125196 0.170000
0 0.743349 0.460000 0.137715 0.166667
0 0.433490 0.596667 0.231612 0.166667
0 0.678404 0.615000 0.261346 0.176667
0 0.380282 0.740000 0.109546 0.166667
0 0.495305 0.753333 0.117371 0.166667
0 0.616588 0.768333 0.122066 0.176667
0 0.745696 0.771667 0.139280 0.203333
0 0.440532 0.898333 0.230047 0.183333
0 0.687011 0.910000 0.266041 0.180000
0 0.823944 0.865000 0.017214 0.196667
0 0.816119 0.590000 0.014085 0.146667
0 0.889671 0.940000 0.133020 0.120000
0 0.381847 0.973333 0.109546 0.053333
0 0.493740 0.983333 0.114241 0.033333
0 0.137715 0.248333 0.053208 0.070000
0 0.188576 0.250000 0.048513 0.066667
0 0.257433 0.251667 0.086072 0.070000
0 0.136933 0.318333 0.048513 0.063333
0 0.186228 0.318333 0.046948 0.063333
0 0.255086 0.320000 0.090767 0.066667
0 0.135368 0.383333 0.048513 0.060000
0 0.182316 0.383333 0.048513 0.066667
0 0.254304 0.380000 0.095462 0.073333
0 0.134585 0.448333 0.046948 0.063333
0 0.181534 0.450000 0.046948 0.066667
0 0.253521 0.445000 0.097027 0.076667
0 0.136150 0.513333 0.046948 0.060000
0 0.183099 0.513333 0.046948 0.060000
0 0.255086 0.506667 0.097027 0.080000
0 0.139280 0.578333 0.046948 0.063333
0 0.187011 0.576667 0.048513 0.066667
0 0.258216 0.570000 0.090767 0.086667
0 0.136933 0.640000 0.045383 0.066667
0 0.183881 0.641667 0.048513 0.063333
0 0.255086 0.631667 0.093897 0.090000
0 0.133020 0.705000 0.043818 0.063333
0 0.179186 0.708333 0.045383 0.063333
0 0.249609 0.696667 0.095462 0.100000
0 0.132238 0.771667 0.045383 0.070000
0 0.177621 0.776667 0.045383 0.066667
0 0.249609 0.758333 0.098592 0.103333
0 0.130673 0.833333 0.048513 0.066667
0 0.178404 0.838333 0.046948 0.063333
0 0.248044 0.821667 0.098592 0.110000
0 0.311424 0.248333 0.018779 0.056667
0 0.310642 0.305000 0.020344 0.056667
0 0.311424 0.356667 0.021909 0.053333
0 0.311424 0.411667 0.021909 0.056667
0 0.312989 0.466667 0.018779 0.053333
0 0.311424 0.516667 0.015649 0.053333
0 0.309859 0.570000 0.012520 0.053333
0 0.308294 0.621667 0.015649 0.056667
0 0.311424 0.675000 0.028169 0.050000
0 0.312207 0.723333 0.026604 0.053333
0 0.069640 0.711667 0.029734 0.083333
0 0.067293 0.778333 0.025039 0.063333
0 0.095462 0.731667 0.031299 0.070000
