0 0.205000 0.238024 0.122000 0.230539
0 0.229000 0.455090 0.142000 0.203593
0 0.250000 0.648204 0.140000 0.182635
0 0.366000 0.535928 0.132000 0.047904
0 0.266000 0.821856 0.124000 0.164671
0 0.378000 0.654192 0.128000 0.194611
0 0.496000 0.537425 0.128000 0.044910
0 0.504000 0.651198 0.128000 0.200599
0 0.384000 0.833832 0.128000 0.176647
0 0.509000 0.829341 0.126000 0.167665
0 0.637000 0.458084 0.134000 0.203593
0 0.634000 0.649701 0.128000 0.185629
0 0.631000 0.829341 0.130000 0.179641
0 0.680000 0.244012 0.048000 0.224551
0 0.728000 0.242515 0.064000 0.167665
0 0.742000 0.413174 0.096000 0.197605
0 0.737000 0.589820 0.082000 0.155689
0 0.734000 0.742515 0.080000 0.149701
