0 0.212000 0.280360 0.424000 0.209895
0 0.611000 0.261619 0.418000 0.205397
0 0.885000 0.254123 0.230000 0.223388
0 0.230000 0.438531 0.384000 0.160420
0 0.520000 0.431784 0.208000 0.158921
0 0.730000 0.423538 0.216000 0.163418
0 0.913000 0.433283 0.174000 0.137931
0 0.155000 0.577961 0.226000 0.157421
0 0.348000 0.565967 0.216000 0.166417
0 0.543000 0.574213 0.198000 0.134933
0 0.745000 0.566717 0.202000 0.140930
0 0.917000 0.565967 0.166000 0.124438
0 0.168000 0.700150 0.208000 0.119940
0 0.353000 0.702399 0.194000 0.112444
0 0.534000 0.695652 0.188000 0.116942
0 0.722000 0.687406 0.184000 0.112444
0 0.903000 0.681409 0.194000 0.109445
0 0.201000 0.803598 0.198000 0.095952
0 0.141000 0.880060 0.278000 0.239880
0 0.382000 0.800600 0.180000 0.092954
0 0.550000 0.794603 0.172000 0.092954
0 0.724000 0.790105 0.172000 0.098951
0 0.901000 0.778861 0.186000 0.109445
