0 0.884000 0.855856 0.232000 0.180180
0 0.620000 0.861862 0.280000 0.222222
0 0.625000 0.699700 0.206000 0.102102
0 0.371000 0.680180 0.254000 0.147147
0 0.364000 0.834835 0.264000 0.168168
0 0.120000 0.753754 0.240000 0.312312
0 0.339000 0.506006 0.298000 0.207207
0 0.645000 0.579580 0.266000 0.156156
0 0.882000 0.690691 0.232000 0.162162
0 0.868000 0.543544 0.220000 0.150150
0 0.852000 0.330330 0.204000 0.270270
0 0.631000 0.382883 0.250000 0.189189
0 0.645000 0.190691 0.278000 0.195195
0 0.554000 0.087087 0.196000 0.174174
0 0.400000 0.114114 0.116000 0.120120
0 0.221000 0.087087 0.246000 0.174174
0 0.189000 0.240240 0.202000 0.144144
0 0.397000 0.241742 0.230000 0.141141
0 0.135000 0.442943 0.246000 0.279279
0 0.397000 0.364865 0.238000 0.111111
0 0.625000 0.490991 0.218000 0.033033
