0 0.082852 0.197507 0.164719 0.392388
0 0.093809 0.567804 0.186632 0.383202
0 0.096025 0.860101 0.192049 0.273132
0 0.276307 0.868850 0.164084 0.255634
0 0.273670 0.576115 0.179000 0.342082
0 0.260015 0.211840 0.209029 0.420827
0 0.454724 0.200190 0.188955 0.400380
0 0.646758 0.194484 0.192435 0.381360
0 0.810421 0.210651 0.186279 0.368046
0 0.928360 0.193809 0.139527 0.385716
0 0.923901 0.520685 0.147739 0.323348
0 0.908110 0.808369 0.172362 0.292915
0 0.757428 0.834522 0.158980 0.280552
0 0.785932 0.537565 0.183335 0.317166
0 0.626952 0.538279 0.179053 0.335711
0 0.611027 0.842366 0.161121 0.308602
0 0.447608 0.855442 0.162946 0.282449
0 0.457668 0.563481 0.161121 0.331907
