0 0.309000 0.134667 0.214000 0.216000
0 0.534000 0.148000 0.204000 0.221333
0 0.561000 0.348000 0.142000 0.194667
0 0.426000 0.341333 0.136000 0.197333
0 0.283000 0.332000 0.146000 0.200000
0 0.524000 0.528000 0.192000 0.181333
0 0.319000 0.522667 0.194000 0.181333
0 0.288000 0.692000 0.132000 0.168000
0 0.418000 0.685333 0.128000 0.181333
0 0.544000 0.698667 0.132000 0.160000
0 0.318000 0.856000 0.184000 0.160000
0 0.513000 0.857333 0.178000 0.157333
0 0.156000 0.682667 0.132000 0.160000
0 0.115000 0.873333 0.222000 0.226667
0 0.689000 0.854667 0.182000 0.162667
0 0.866000 0.858667 0.192000 0.154667
0 0.670000 0.670667 0.136000 0.205333
0 0.779000 0.674667 0.166000 0.208000
0 0.914000 0.673333 0.128000 0.216000
0 0.660000 0.486667 0.088000 0.162667
0 0.708000 0.077333 0.184000 0.096000
0 0.714000 0.169333 0.164000 0.098667
0 0.805000 0.250667 0.158000 0.069333
0 0.679000 0.245333 0.098000 0.069333
0 0.663000 0.344000 0.074000 0.128000
0 0.747000 0.297333 0.094000 0.034667
0 0.840000 0.302667 0.092000 0.040000
0 0.940000 0.281333 0.120000 0.061333
0 0.936000 0.502667 0.128000 0.109333
0 0.936000 0.622667 0.128000 0.226667
0 0.975000 0.824000 0.050000 0.170667
0 0.933000 0.390667 0.134000 0.157333
