0 0.075000 0.096000 0.082000 0.160000
0 0.171000 0.084000 0.162000 0.168000
0 0.285000 0.017333 0.102000 0.034667
0 0.091000 0.260000 0.106000 0.178667
0 0.203000 0.242667 0.138000 0.250667
0 0.375000 0.181333 0.262000 0.362667
0 0.752000 0.084000 0.496000 0.168000
0 0.096000 0.410667 0.104000 0.170667
0 0.102000 0.542667 0.112000 0.184000
0 0.106000 0.681333 0.104000 0.194667
0 0.101000 0.784000 0.114000 0.154667
0 0.133000 0.916000 0.266000 0.168000
0 0.211000 0.469333 0.146000 0.277333
0 0.221000 0.637333 0.130000 0.176000
0 0.221000 0.762667 0.142000 0.250667
0 0.224000 0.890667 0.136000 0.218667
0 0.384000 0.506667 0.244000 0.352000
0 0.384000 0.757333 0.220000 0.362667
0 0.391000 0.897333 0.202000 0.205333
0 0.745000 0.302667 0.494000 0.408000
0 0.978000 0.268000 0.044000 0.349333
0 0.958000 0.578667 0.084000 0.293333
0 0.719000 0.645333 0.442000 0.410667
0 0.934000 0.842667 0.132000 0.314667
0 0.693000 0.837333 0.406000 0.325333
