0 0.106331 0.221830 0.212662 0.236720
0 0.395710 0.237885 0.367742 0.296827
0 0.778284 0.257871 0.439431 0.362819
0 0.113525 0.434247 0.227050 0.234696
0 0.119721 0.625777 0.227321 0.250717
0 0.136495 0.789739 0.218060 0.247702
0 0.146528 0.905818 0.195318 0.185025
0 0.404368 0.496657 0.355402 0.309483
0 0.392184 0.721708 0.331954 0.310879
0 0.377956 0.875249 0.286847 0.246503
0 0.324759 0.956436 0.161517 0.084130
0 0.778261 0.579953 0.439386 0.381523
0 0.759591 0.824971 0.476726 0.346246
0 0.660358 0.937761 0.302813 0.119133
