0 0.591000 0.538000 0.246000 0.228000
0 0.844000 0.554000 0.296000 0.224000
0 0.339000 0.528000 0.258000 0.228000
0 0.125000 0.512000 0.250000 0.224000
0 0.171000 0.691000 0.238000 0.158000
0 0.370000 0.707000 0.228000 0.162000
0 0.583000 0.717000 0.226000 0.170000
0 0.800000 0.732000 0.256000 0.160000
0 0.779000 0.870000 0.218000 0.128000
0 0.582000 0.851000 0.188000 0.150000
0 0.394000 0.839000 0.204000 0.134000
0 0.220000 0.823000 0.216000 0.134000
0 0.610000 0.232000 0.304000 0.420000
0 0.865000 0.243000 0.266000 0.426000
0 0.327000 0.227000 0.338000 0.402000
0 0.125000 0.213000 0.250000 0.406000
