0 0.071000 0.106447 0.138000 0.212894
0 0.256000 0.110195 0.256000 0.217391
0 0.489000 0.112444 0.226000 0.224888
0 0.699000 0.113943 0.206000 0.227886
0 0.880000 0.118441 0.204000 0.221889
0 0.082000 0.335082 0.160000 0.247376
0 0.267000 0.335082 0.242000 0.241379
0 0.489000 0.333583 0.210000 0.223388
0 0.685000 0.329835 0.202000 0.215892
0 0.877000 0.328336 0.210000 0.203898
0 0.163000 0.729385 0.298000 0.328336
0 0.409000 0.704648 0.282000 0.308846
0 0.630000 0.679910 0.272000 0.286357
0 0.188000 0.928036 0.276000 0.143928
0 0.432000 0.911544 0.236000 0.176912
0 0.658000 0.895802 0.212000 0.208396
0 0.729000 0.549475 0.070000 0.058471
0 0.863000 0.606447 0.206000 0.202399
0 0.847000 0.786357 0.190000 0.163418
