0 0.228000 0.164000 0.152000 0.205333
0 0.375000 0.145333 0.154000 0.210667
0 0.518000 0.140000 0.152000 0.205333
0 0.660000 0.125333 0.156000 0.208000
0 0.804000 0.130667 0.160000 0.208000
0 0.832000 0.333333 0.172000 0.224000
0 0.682000 0.336000 0.172000 0.224000
0 0.533000 0.345333 0.166000 0.232000
0 0.383000 0.362667 0.162000 0.234667
0 0.224000 0.377333 0.156000 0.226667
0 0.228000 0.613333 0.172000 0.250667
0 0.394000 0.596000 0.172000 0.248000
0 0.553000 0.581333 0.170000 0.256000
0 0.706000 0.564000 0.176000 0.253333
0 0.859000 0.556000 0.182000 0.242667
0 0.885000 0.798667 0.190000 0.269333
0 0.734000 0.820000 0.172000 0.280000
0 0.567000 0.836000 0.182000 0.274667
0 0.401000 0.852000 0.174000 0.280000
0 0.229000 0.869333 0.178000 0.261333
