0 0.058199 0.107324 0.116151 0.212584
0 0.191450 0.104744 0.153100 0.209488
0 0.333113 0.113516 0.138144 0.222903
0 0.488096 0.121771 0.177320 0.235287
0 0.636550 0.123835 0.138832 0.247670
0 0.793595 0.133123 0.179381 0.266246
0 0.792220 0.376665 0.123024 0.241479
0 0.659230 0.373569 0.158076 0.247670
0 0.520399 0.373053 0.116838 0.267278
0 0.355794 0.372022 0.209622 0.304428
0 0.124866 0.370474 0.249485 0.313716
0 0.052983 0.685221 0.105966 0.324035
0 0.181567 0.668710 0.153952 0.313716
0 0.323835 0.662518 0.131959 0.286885
0 0.484660 0.634655 0.189691 0.266246
0 0.628302 0.625368 0.100344 0.253862
0 0.756137 0.611436 0.160825 0.242511
0 0.781567 0.834855 0.097595 0.243543
0 0.662667 0.862718 0.173196 0.264182
0 0.747890 0.968494 0.148454 0.054694
0 0.519711 0.879808 0.116838 0.234379
0 0.371258 0.882326 0.197938 0.229095
0 0.151326 0.901933 0.244674 0.187817
0 0.022055 0.918444 0.044110 0.152730
