0 0.812000 0.229333 0.376000 0.282667
0 0.818000 0.510667 0.364000 0.269333
0 0.823000 0.757333 0.346000 0.261333
0 0.809000 0.920000 0.338000 0.160000
0 0.467000 0.256000 0.314000 0.245333
0 0.479000 0.500000 0.302000 0.232000
0 0.494000 0.722667 0.300000 0.240000
0 0.497000 0.912000 0.278000 0.176000
0 0.183000 0.252000 0.270000 0.232000
0 0.194000 0.481333 0.284000 0.221333
0 0.211000 0.702667 0.270000 0.221333
0 0.223000 0.900000 0.274000 0.200000
0 0.028000 0.376000 0.056000 0.101333
0 0.044000 0.606667 0.088000 0.376000
