0 0.455000 0.052591 0.506000 0.105183
0 0.866000 0.012195 0.268000 0.024390
0 0.542000 0.191311 0.712000 0.272866
0 0.236000 0.333079 0.472000 0.233232
0 0.242000 0.507622 0.460000 0.115854
0 0.257000 0.617378 0.426000 0.100610
0 0.324000 0.795732 0.532000 0.253049
0 0.883000 0.106707 0.234000 0.158537
0 0.969000 0.154726 0.062000 0.129573
0 0.936000 0.285823 0.128000 0.172256
0 0.718000 0.364329 0.484000 0.192073
0 0.706000 0.510671 0.460000 0.112805
0 0.688000 0.628811 0.432000 0.120427
0 0.799000 0.658537 0.402000 0.253049
0 0.794000 0.838415 0.412000 0.131098
0 0.764000 0.921494 0.384000 0.099085
