0 0.786573 0.317980 0.202132 0.131106
0 0.807196 0.402791 0.216377 0.129843
0 0.832321 0.532288 0.274128 0.220018
0 0.831946 0.676891 0.129376 0.083948
0 0.726382 0.684041 0.110251 0.091328
0 0.620256 0.674008 0.108751 0.069880
0 0.690194 0.735009 0.115876 0.067804
0 0.826321 0.752768 0.126376 0.068266
0 0.835883 0.823109 0.135001 0.076107
0 0.688507 0.887915 0.140251 0.100092
0 0.558943 0.887569 0.129376 0.088330
0 0.567943 0.805466 0.111376 0.073570
0 0.571506 0.734548 0.108001 0.061347
0 0.511693 0.675392 0.108376 0.071264
0 0.404254 0.671587 0.106501 0.060886
0 0.430879 0.741006 0.159002 0.100554
0 0.412879 0.827606 0.112501 0.071725
0 0.437067 0.899908 0.116626 0.076107
0 0.285940 0.877998 0.119626 0.072417
0 0.288565 0.807542 0.111376 0.068035
0 0.297940 0.734779 0.112876 0.065498
0 0.294378 0.671010 0.105001 0.062039
0 0.171939 0.671241 0.115126 0.063423
0 0.169877 0.736854 0.116251 0.066421
0 0.147939 0.801430 0.119626 0.061808
0 0.144001 0.870964 0.131251 0.075415
0 0.177752 0.602629 0.164252 0.126384
0 0.188439 0.505304 0.154877 0.083487
0 0.198939 0.433925 0.142126 0.086485
0 0.201752 0.358625 0.130501 0.062731
0 0.221815 0.289553 0.127126 0.074031
0 0.350629 0.287477 0.126001 0.061116
0 0.352316 0.355397 0.130126 0.065498
0 0.339378 0.425161 0.134251 0.078183
0 0.334691 0.500807 0.138376 0.073570
0 0.336003 0.588215 0.153752 0.104935
0 0.478317 0.587177 0.148876 0.106550
0 0.477380 0.497002 0.137251 0.072417
0 0.478317 0.426545 0.135376 0.069419
0 0.486380 0.354359 0.131251 0.077260
0 0.477567 0.288054 0.127126 0.067343
0 0.604506 0.283210 0.129001 0.063653
0 0.625506 0.344557 0.131251 0.070572
0 0.633944 0.413861 0.140626 0.068958
0 0.628881 0.485470 0.141751 0.072417
0 0.630006 0.581527 0.153752 0.116006
0 0.699325 0.804449 0.123329 0.070339
0 0.727905 0.277700 0.125844 0.062639
