0 0.837000 0.394303 0.286000 0.215892
0 0.551000 0.395052 0.282000 0.202399
0 0.738000 0.579460 0.472000 0.178411
0 0.362000 0.570465 0.276000 0.172414
0 0.130000 0.570465 0.260000 0.148426
0 0.312000 0.716642 0.436000 0.140930
0 0.223000 0.835082 0.230000 0.125937
0 0.430000 0.822339 0.208000 0.175412
0 0.359000 0.928786 0.354000 0.139430
0 0.735000 0.952024 0.398000 0.095952
0 0.648000 0.863568 0.228000 0.146927
0 0.886000 0.882309 0.228000 0.142429
0 0.881000 0.709895 0.238000 0.226387
0 0.646000 0.730135 0.236000 0.146927
0 0.209000 0.395802 0.414000 0.206897
0 0.726000 0.167166 0.540000 0.253373
0 0.301000 0.183658 0.318000 0.226387
0 0.085000 0.192654 0.170000 0.220390
0 0.433000 0.052474 0.482000 0.104948
