0 0.117000 0.110195 0.218000 0.130435
0 0.304000 0.131184 0.132000 0.115442
0 0.126000 0.218141 0.212000 0.124438
0 0.128000 0.325337 0.216000 0.113943
0 0.105000 0.428786 0.146000 0.101949
0 0.100000 0.528486 0.160000 0.100450
0 0.101000 0.626687 0.158000 0.107946
0 0.129000 0.728636 0.214000 0.116942
0 0.138000 0.825337 0.208000 0.130435
0 0.124000 0.922789 0.204000 0.121439
0 0.308000 0.235382 0.132000 0.110945
0 0.304000 0.334333 0.128000 0.101949
0 0.272000 0.432534 0.192000 0.100450
0 0.274000 0.531484 0.188000 0.100450
0 0.271000 0.623688 0.194000 0.104948
0 0.299000 0.712144 0.130000 0.098951
0 0.299000 0.797601 0.126000 0.101949
0 0.286000 0.886057 0.120000 0.101949
0 0.430000 0.862819 0.172000 0.100450
0 0.447000 0.781859 0.162000 0.100450
0 0.450000 0.698651 0.164000 0.101949
0 0.422000 0.613943 0.108000 0.091454
0 0.424000 0.525487 0.116000 0.094453
0 0.424000 0.436282 0.112000 0.089955
0 0.457000 0.344078 0.170000 0.094453
0 0.459000 0.249625 0.174000 0.100450
0 0.462000 0.152174 0.184000 0.103448
0 0.611000 0.163418 0.122000 0.101949
0 0.606000 0.256372 0.116000 0.098951
0 0.599000 0.345577 0.114000 0.088456
0 0.568000 0.434033 0.168000 0.088456
0 0.567000 0.521739 0.158000 0.089955
0 0.559000 0.604948 0.162000 0.094453
0 0.584000 0.684408 0.112000 0.094453
0 0.581000 0.766117 0.110000 0.092954
0 0.572000 0.847826 0.104000 0.094453
0 0.754000 0.168666 0.168000 0.106447
0 0.749000 0.257871 0.158000 0.098951
0 0.740000 0.345577 0.152000 0.088456
0 0.703000 0.434033 0.102000 0.082459
0 0.698000 0.513493 0.104000 0.079460
0 0.693000 0.595202 0.102000 0.083958
0 0.710000 0.675412 0.148000 0.094453
0 0.702000 0.757121 0.140000 0.092954
0 0.700000 0.835082 0.136000 0.095952
0 0.818000 0.818591 0.084000 0.089955
0 0.820000 0.743628 0.084000 0.086957
0 0.823000 0.669415 0.094000 0.079460
0 0.874000 0.188156 0.092000 0.091454
0 0.863000 0.267616 0.094000 0.091454
0 0.861000 0.351574 0.090000 0.088456
0 0.954000 0.196402 0.092000 0.083958
0 0.953000 0.278861 0.094000 0.086957
0 0.948000 0.357571 0.104000 0.088456
0 0.863000 0.434033 0.222000 0.085457
0 0.845000 0.592204 0.218000 0.083958
0 0.855000 0.511994 0.222000 0.082459
0 0.983000 0.437781 0.034000 0.077961
0 0.977000 0.514243 0.046000 0.077961
0 0.977000 0.587706 0.046000 0.071964
0 0.930000 0.663418 0.140000 0.079460
0 0.929000 0.732384 0.142000 0.088456
0 0.930000 0.805847 0.140000 0.091454
