0 0.230042 0.130769 0.460084 0.211834
0 0.286765 0.277515 0.573529 0.192899
0 0.230042 0.402367 0.460084 0.139645
0 0.292017 0.539645 0.584034 0.132544
0 0.233193 0.655030 0.466387 0.143195
0 0.288866 0.755030 0.577731 0.186982
0 0.221639 0.878698 0.443277 0.178698
0 0.277311 0.917751 0.554622 0.164497
0 0.536765 0.937278 0.203782 0.125444
0 0.614496 0.850888 0.123950 0.132544
0 0.560924 0.792308 0.239496 0.155030
0 0.636555 0.687574 0.113445 0.101775
0 0.586134 0.618343 0.252101 0.128994
0 0.646008 0.518935 0.123950 0.095858
0 0.578782 0.417160 0.237395 0.110059
0 0.644958 0.333728 0.147059 0.106509
0 0.582983 0.225444 0.292017 0.140828
0 0.799370 0.279882 0.149160 0.091124
0 0.775210 0.347337 0.109244 0.086391
0 0.908613 0.359763 0.157563 0.080473
0 0.935924 0.298225 0.119748 0.080473
0 0.790966 0.422485 0.186975 0.075740
0 0.933824 0.427219 0.098739 0.066272
0 0.750000 0.496450 0.100840 0.072189
0 0.890756 0.493491 0.180672 0.071006
0 0.922269 0.554438 0.105042 0.069822
0 0.792017 0.566272 0.163866 0.081657
0 0.753151 0.641420 0.115546 0.085207
0 0.893908 0.619527 0.174370 0.086391
0 0.784664 0.707692 0.207983 0.113609
0 0.935924 0.672781 0.098739 0.076923
0 0.751050 0.779882 0.144958 0.097041
0 0.908613 0.737870 0.174370 0.100592
0 0.765756 0.837870 0.254202 0.132544
0 0.943277 0.788757 0.100840 0.086391
