0 0.053000 0.309333 0.106000 0.277333
0 0.138000 0.300000 0.124000 0.274667
0 0.242000 0.286667 0.128000 0.280000
0 0.346000 0.241333 0.124000 0.301333
0 0.448000 0.234667 0.116000 0.314667
0 0.559000 0.224000 0.118000 0.314667
0 0.674000 0.218667 0.116000 0.325333
0 0.795000 0.210667 0.126000 0.336000
0 0.924000 0.196000 0.136000 0.344000
0 0.144000 0.574667 0.288000 0.306667
0 0.439000 0.546667 0.338000 0.341333
0 0.796000 0.546667 0.400000 0.368000
0 0.156000 0.850667 0.304000 0.266667
0 0.452000 0.858667 0.324000 0.282667
0 0.795000 0.860000 0.374000 0.280000
