0 0.918000 0.506757 0.164000 0.343243
0 0.769000 0.175676 0.154000 0.313514
0 0.753000 0.498649 0.182000 0.321622
0 0.792000 0.833784 0.168000 0.332432
0 0.628000 0.829730 0.160000 0.335135
0 0.585000 0.494595 0.154000 0.324324
0 0.466000 0.828378 0.160000 0.343243
0 0.308000 0.821622 0.164000 0.345946
0 0.148000 0.817568 0.168000 0.337838
0 0.430000 0.486486 0.152000 0.324324
0 0.277000 0.466216 0.150000 0.316216
0 0.124000 0.456757 0.156000 0.324324
0 0.469000 0.170270 0.154000 0.313514
0 0.619000 0.172973 0.150000 0.313514
0 0.314000 0.151351 0.156000 0.302703
0 0.158000 0.148649 0.156000 0.297297
