0 0.053654 0.195228 0.101923 0.146015
0 0.220962 0.150883 0.221154 0.195769
0 0.434423 0.148719 0.198077 0.169811
0 0.611346 0.135199 0.151923 0.181708
0 0.844577 0.108160 0.306846 0.211993
0 0.045962 0.346111 0.090385 0.160076
0 0.194038 0.330427 0.201923 0.187116
0 0.415192 0.325560 0.251923 0.199014
0 0.664231 0.316367 0.276923 0.213074
0 0.899385 0.304274 0.197231 0.239595
0 0.036346 0.537012 0.067308 0.171974
0 0.176731 0.545124 0.209615 0.186034
0 0.453654 0.552695 0.340385 0.199014
0 0.891692 0.572402 0.212615 0.229774
0 0.052692 0.723047 0.100000 0.171974
0 0.183462 0.747383 0.269231 0.199014
0 0.419038 0.771718 0.278846 0.223890
0 0.692115 0.803085 0.359615 0.256338
0 0.910385 0.834992 0.173077 0.259583
0 0.029231 0.912867 0.058462 0.170892
0 0.138269 0.916111 0.213462 0.160076
0 0.288269 0.929091 0.301923 0.129791
0 0.489231 0.943692 0.334615 0.107078
0 0.637308 0.959916 0.242308 0.072467
0 0.872885 0.966946 0.240385 0.056243
