0 0.149000 0.079223 0.270000 0.149477
0 0.023000 0.207773 0.046000 0.098655
0 0.161000 0.183857 0.262000 0.134529
0 0.440000 0.147982 0.316000 0.152466
0 0.421000 0.062033 0.314000 0.124066
0 0.768000 0.032885 0.352000 0.065770
0 0.771000 0.111360 0.358000 0.153961
0 0.209000 0.289238 0.418000 0.142003
0 0.214000 0.387892 0.428000 0.121076
0 0.692000 0.241405 0.552000 0.165919
0 0.695000 0.354260 0.534000 0.140508
0 0.063000 0.488789 0.126000 0.086697
0 0.240000 0.482810 0.256000 0.086697
0 0.504000 0.470852 0.292000 0.107623
0 0.821000 0.437220 0.334000 0.150972
0 0.074000 0.570254 0.148000 0.088191
0 0.255000 0.565770 0.250000 0.097160
0 0.523000 0.567265 0.282000 0.100149
0 0.841000 0.538864 0.318000 0.139013
0 0.051000 0.654709 0.102000 0.080717
0 0.057000 0.724215 0.114000 0.073244
0 0.294000 0.655456 0.408000 0.082212
0 0.314000 0.736173 0.396000 0.103139
0 0.751000 0.656203 0.498000 0.107623
0 0.757000 0.752616 0.486000 0.100149
0 0.855000 0.846786 0.290000 0.097160
0 0.859000 0.922272 0.282000 0.083707
0 0.573000 0.835575 0.262000 0.095665
0 0.579000 0.907324 0.250000 0.089686
0 0.325000 0.813901 0.226000 0.073244
0 0.333000 0.883408 0.230000 0.083707
0 0.111000 0.805680 0.222000 0.080717
0 0.131000 0.871450 0.206000 0.089686
0 0.081000 0.929746 0.158000 0.086697
0 0.089000 0.975336 0.178000 0.049327
0 0.351000 0.954410 0.370000 0.091181
0 0.771000 0.972347 0.458000 0.055306
