0 0.809091 0.579545 0.309091 0.259091
0 0.848485 0.768182 0.303030 0.263636
0 0.881818 0.906818 0.236364 0.186364
0 0.360606 0.229545 0.406061 0.250000
0 0.448485 0.440909 0.436364 0.272727
0 0.500000 0.661364 0.430303 0.295455
0 0.554545 0.859091 0.406061 0.281818
0 0.760606 0.381818 0.321212 0.245455
0 0.684848 0.186364 0.351515 0.236364
0 0.924242 0.270455 0.151515 0.204545
0 0.954545 0.456818 0.090909 0.195455
0 0.881818 0.093182 0.236364 0.186364
0 0.584848 0.052273 0.381818 0.104545
0 0.245455 0.061364 0.357576 0.122727
0 0.115152 0.236364 0.230303 0.472727
0 0.154545 0.600000 0.309091 0.309091
0 0.190909 0.840909 0.381818 0.318182
0 0.245455 0.938636 0.430303 0.122727
0 0.975758 0.677273 0.048485 0.263636
