0 0.334651 0.077519 0.415504 0.150904
0 0.736977 0.079070 0.395349 0.154005
0 0.555969 0.222222 0.253488 0.177778
0 0.280388 0.211886 0.269767 0.181912
0 0.808682 0.229974 0.247287 0.164341
0 0.314884 0.389147 0.422481 0.182946
0 0.713721 0.389147 0.376744 0.160207
0 0.804031 0.535917 0.237984 0.203618
0 0.563721 0.555556 0.253488 0.170543
0 0.304031 0.559690 0.268992 0.164341
0 0.350930 0.710078 0.412403 0.208786
0 0.732326 0.706460 0.355039 0.172610
0 0.804419 0.856848 0.220155 0.165375
0 0.573411 0.873385 0.246512 0.175711
0 0.323798 0.885271 0.255814 0.176744
0 0.346364 0.932258 0.396729 0.130150
0 0.717209 0.958098 0.343411 0.078470
