0 0.184585 0.161268 0.211382 0.075881
0 0.115057 0.233333 0.230114 0.194667
0 0.379707 0.153138 0.227642 0.089973
0 0.517919 0.153138 0.084553 0.079133
0 0.779911 0.186304 0.436179 0.233940
0 0.394341 0.285388 0.360976 0.185366
0 0.126049 0.411133 0.250407 0.200542
0 0.412228 0.452867 0.360976 0.164770
0 0.780724 0.385859 0.434553 0.190385
0 0.137821 0.569940 0.275642 0.208130
0 0.441496 0.591621 0.360976 0.177778
0 0.775642 0.563436 0.362602 0.166938
0 0.803285 0.685388 0.310569 0.111653
0 0.140260 0.720618 0.280520 0.255827
0 0.281333 0.758558 0.326829 0.247154
0 0.503285 0.792163 0.299187 0.279675
0 0.792715 0.828477 0.321951 0.237398
0 0.083772 0.894602 0.165854 0.100813
0 0.258569 0.906526 0.216260 0.089973
0 0.488650 0.924954 0.260163 0.046612
