0 0.118671 0.156211 0.233526 0.214047
0 0.365491 0.150235 0.278613 0.208614
0 0.642370 0.149148 0.293642 0.191230
0 0.867006 0.148605 0.261988 0.190143
0 0.124653 0.347196 0.249306 0.185308
0 0.374740 0.338205 0.278613 0.182537
0 0.632543 0.336032 0.271676 0.182537
0 0.875098 0.325508 0.245803 0.162295
0 0.129653 0.516939 0.257803 0.159720
0 0.375318 0.507704 0.256647 0.158634
0 0.628497 0.489776 0.247399 0.159720
0 0.866069 0.479997 0.239306 0.151028
0 0.138324 0.667967 0.261272 0.157547
0 0.380520 0.651669 0.248555 0.159720
0 0.618092 0.633198 0.231214 0.144509
0 0.842948 0.621246 0.230058 0.144509
0 0.148728 0.807043 0.254335 0.140163
0 0.386879 0.783139 0.231214 0.135816
0 0.607110 0.766298 0.218497 0.134730
0 0.823295 0.750000 0.232370 0.119518
0 0.177630 0.918412 0.240462 0.139076
0 0.393237 0.900485 0.227746 0.124951
0 0.607110 0.883643 0.204624 0.128211
0 0.807688 0.863543 0.212717 0.118432
0 0.960647 0.682331 0.074705 0.327068
