0 0.868000 0.203148 0.264000 0.151424
0 0.981000 0.345577 0.038000 0.136432
0 0.817000 0.348576 0.298000 0.148426
0 0.527000 0.344828 0.254000 0.137931
0 0.649000 0.201649 0.174000 0.145427
0 0.478000 0.203898 0.168000 0.140930
0 0.315000 0.203148 0.158000 0.136432
0 0.157000 0.203898 0.158000 0.134933
0 0.039000 0.209145 0.078000 0.133433
0 0.271000 0.338831 0.238000 0.131934
0 0.077000 0.338081 0.154000 0.124438
0 0.041000 0.461019 0.082000 0.124438
0 0.154000 0.465517 0.148000 0.127436
0 0.309000 0.471514 0.158000 0.133433
0 0.471000 0.476762 0.166000 0.134933
0 0.639000 0.482009 0.174000 0.142429
0 0.849000 0.489505 0.254000 0.151424
0 0.985000 0.476012 0.030000 0.127436
0 0.977000 0.604948 0.046000 0.139430
0 0.807000 0.628186 0.302000 0.155922
0 0.511000 0.609445 0.250000 0.145427
0 0.266000 0.598201 0.236000 0.137931
0 0.074000 0.586957 0.148000 0.124438
0 0.036000 0.710645 0.072000 0.128936
0 0.148000 0.716642 0.148000 0.131934
0 0.301000 0.727886 0.162000 0.136432
0 0.459000 0.741379 0.162000 0.142429
0 0.626000 0.749625 0.176000 0.158921
0 0.832000 0.760870 0.244000 0.172414
0 0.967000 0.730885 0.042000 0.142429
0 0.958000 0.853823 0.084000 0.163418
0 0.775000 0.899550 0.286000 0.152924
0 0.503000 0.872564 0.246000 0.152924
0 0.244000 0.850825 0.232000 0.142429
0 0.066000 0.836582 0.132000 0.131934
