0 0.168058 0.104169 0.333333 0.205640
0 0.170232 0.298929 0.337681 0.220873
0 0.194145 0.494777 0.313043 0.196936
0 0.178203 0.672673 0.237681 0.184968
0 0.176029 0.805958 0.230435 0.209993
0 0.195594 0.937068 0.211594 0.113157
0 0.454290 0.109610 0.250725 0.216521
0 0.449942 0.305458 0.253623 0.196936
0 0.450667 0.489337 0.226087 0.170823
0 0.426029 0.648192 0.252174 0.175175
0 0.410812 0.796710 0.247826 0.156678
0 0.410812 0.920203 0.227536 0.151238
0 0.684725 0.125930 0.221739 0.214345
0 0.672406 0.314706 0.214493 0.184968
0 0.655014 0.482809 0.200000 0.157766
0 0.655739 0.638399 0.233333 0.155590
0 0.631826 0.768965 0.220290 0.151238
0 0.623130 0.892458 0.208696 0.154502
0 0.885203 0.148779 0.225594 0.209993
0 0.874580 0.322322 0.230435 0.174087
0 0.847043 0.479001 0.218841 0.158855
0 0.831826 0.627519 0.173913 0.133829
0 0.810087 0.743396 0.162319 0.130565
0 0.786899 0.860360 0.153623 0.136006
0 0.931826 0.559516 0.060870 0.124037
0 0.935928 0.701506 0.124145 0.177351
0 0.923609 0.840765 0.148783 0.122971
0 0.987377 0.302030 0.021246 0.035579
0 0.983754 0.332485 0.028493 0.037733
0 0.979406 0.366954 0.037188 0.034861
0 0.971681 0.396309 0.047826 0.036994
0 0.974333 0.429364 0.047333 0.042173
