0 0.258000 0.601639 0.120000 0.127869
0 0.289000 0.740984 0.074000 0.150820
0 0.290000 0.890164 0.076000 0.147541
0 0.397000 0.772131 0.142000 0.147541
0 0.402000 0.922951 0.148000 0.154098
0 0.540000 0.919672 0.124000 0.154098
0 0.535000 0.770492 0.134000 0.157377
0 0.668000 0.765574 0.128000 0.154098
0 0.668000 0.918033 0.128000 0.150820
0 0.792000 0.772131 0.120000 0.140984
0 0.791000 0.914754 0.118000 0.150820
0 0.914000 0.770492 0.128000 0.150820
0 0.920000 0.914754 0.136000 0.150820
0 0.785000 0.626230 0.126000 0.150820
0 0.904000 0.621311 0.120000 0.154098
0 0.658000 0.611475 0.132000 0.154098
0 0.530000 0.619672 0.132000 0.150820
0 0.396000 0.622951 0.136000 0.150820
0 0.393000 0.463934 0.146000 0.160656
0 0.530000 0.468852 0.128000 0.157377
0 0.656000 0.467213 0.124000 0.154098
0 0.781000 0.478689 0.126000 0.150820
0 0.906000 0.473770 0.124000 0.147541
0 0.869000 0.336066 0.074000 0.127869
0 0.775000 0.332787 0.118000 0.147541
0 0.649000 0.314754 0.122000 0.150820
0 0.514000 0.314754 0.152000 0.157377
0 0.428000 0.322951 0.020000 0.127869
0 0.582000 0.204918 0.120000 0.068852
