0 0.088750 0.069418 0.177500 0.123827
0 0.053750 0.165103 0.107500 0.090056
0 0.160000 0.194184 0.065000 0.069418
0 0.137500 0.145403 0.070000 0.043152
0 0.145000 0.375235 0.080000 0.060038
0 0.138750 0.431520 0.107500 0.067542
0 0.132500 0.495310 0.115000 0.082552
0 0.087500 0.617261 0.150000 0.161351
0 0.090000 0.727017 0.155000 0.178236
0 0.470000 0.096623 0.590000 0.193246
0 0.453750 0.221388 0.562500 0.236398
0 0.458750 0.406191 0.552500 0.193246
0 0.417500 0.580675 0.565000 0.212008
0 0.422500 0.743902 0.530000 0.245779
0 0.430000 0.872420 0.535000 0.255159
0 0.881250 0.051595 0.237500 0.103189
0 0.880000 0.110694 0.240000 0.221388
0 0.866250 0.266417 0.267500 0.191370
0 0.866250 0.410882 0.267500 0.153846
0 0.847500 0.559099 0.300000 0.157598
0 0.833750 0.694184 0.297500 0.183865
0 0.840000 0.823640 0.285000 0.225141
