0 0.066221 0.234117 0.132441 0.171938
0 0.069586 0.394701 0.135442 0.173020
0 0.067032 0.550014 0.134063 0.159232
0 0.069181 0.706677 0.136253 0.180589
0 0.070397 0.853744 0.137064 0.197891
0 0.072019 0.948310 0.140308 0.088564
0 0.277210 0.148148 0.296026 0.285483
0 0.589051 0.125439 0.334144 0.244390
0 0.280860 0.384428 0.298459 0.260611
0 0.541200 0.382265 0.228710 0.295215
0 0.821411 0.366586 0.331711 0.350365
0 0.283698 0.630441 0.297648 0.270343
0 0.542822 0.669911 0.231955 0.319005
0 0.822222 0.699649 0.328467 0.384969
0 0.285726 0.847797 0.301703 0.285483
0 0.548094 0.879157 0.229521 0.222763
0 0.825466 0.914247 0.320357 0.156691
0 0.241667 0.949392 0.205556 0.086402
