0 0.500000 0.199776 0.320000 0.148148
0 0.783000 0.199776 0.274000 0.145903
0 0.947000 0.200898 0.106000 0.148148
0 0.930000 0.340067 0.136000 0.127946
0 0.753000 0.341751 0.250000 0.131313
0 0.510000 0.341190 0.256000 0.136925
0 0.270000 0.337262 0.232000 0.153760
0 0.088000 0.342312 0.176000 0.159371
0 0.102000 0.489338 0.204000 0.136925
0 0.294000 0.476431 0.220000 0.129068
0 0.493000 0.469697 0.182000 0.120090
0 0.682000 0.466330 0.188000 0.117845
0 0.960000 0.460718 0.072000 0.108866
0 0.857000 0.462963 0.190000 0.111111
0 0.951000 0.570146 0.094000 0.105499
0 0.835000 0.571829 0.174000 0.099888
0 0.673000 0.577441 0.174000 0.104377
0 0.501000 0.583053 0.170000 0.108866
0 0.316000 0.592593 0.196000 0.118967
0 0.117000 0.611111 0.222000 0.117845
0 0.332000 0.694725 0.176000 0.103255
0 0.530000 0.679012 0.208000 0.096521
0 0.735000 0.671717 0.206000 0.097643
0 0.910000 0.666105 0.176000 0.090909
0 0.151000 0.710438 0.198000 0.098765
0 0.177000 0.794052 0.186000 0.088664
0 0.344000 0.783389 0.164000 0.092031
0 0.531000 0.762626 0.190000 0.084175
0 0.721000 0.753086 0.198000 0.083053
0 0.902000 0.750281 0.192000 0.079686
