0 0.226173 0.154599 0.419753 0.196493
0 0.383247 0.034850 0.354494 0.069699
0 0.564198 0.153116 0.258272 0.203166
0 0.180247 0.348867 0.276543 0.192785
0 0.444444 0.346087 0.267654 0.198346
0 0.253333 0.535350 0.392099 0.180180
0 0.224198 0.714047 0.253827 0.176473
0 0.270370 0.872910 0.375802 0.188707
0 0.220988 0.980425 0.237531 0.035220
0 0.462963 0.977830 0.237531 0.041152
0 0.599012 0.880325 0.245926 0.180551
0 0.477284 0.712379 0.242469 0.174619
0 0.577037 0.536462 0.248395 0.178697
0 0.845185 0.159789 0.301728 0.195751
0 0.809136 0.035220 0.262222 0.068958
0 0.712099 0.350165 0.262716 0.195381
0 0.913321 0.352556 0.169358 0.189782
0 0.850123 0.536833 0.291852 0.179439
0 0.734074 0.711823 0.243457 0.170541
0 0.925679 0.712194 0.140741 0.172765
0 0.861222 0.874208 0.273556 0.169799
0 0.701877 0.978618 0.235753 0.039762
0 0.910000 0.978988 0.172000 0.039021
