0 0.412500 0.083594 0.200000 0.142187
0 0.613542 0.085156 0.202083 0.145313
0 0.162500 0.287500 0.325000 0.321875
0 0.515625 0.296875 0.418750 0.300000
0 0.847917 0.290625 0.304167 0.325000
0 0.169792 0.560937 0.335417 0.231250
0 0.511458 0.561719 0.372917 0.232813
0 0.833333 0.567187 0.333333 0.240625
0 0.173958 0.767969 0.347917 0.185938
0 0.491667 0.769531 0.329167 0.179688
0 0.816667 0.773438 0.350000 0.187500
0 0.213542 0.924219 0.302083 0.145313
0 0.501042 0.930469 0.297917 0.139063
0 0.789583 0.931250 0.312500 0.137500
0 0.057292 0.021094 0.085417 0.035937
0 0.154167 0.028125 0.120833 0.056250
