0 0.647766 0.309091 0.415808 0.281818
0 0.603093 0.093182 0.333333 0.186364
0 0.812715 0.090909 0.092784 0.172727
0 0.927835 0.093182 0.144330 0.186364
0 0.922680 0.315909 0.147766 0.259091
0 0.809278 0.565909 0.079038 0.250000
0 0.924399 0.577273 0.151203 0.272727
0 0.604811 0.579545 0.329897 0.295455
0 0.809278 0.820455 0.079038 0.268182
0 0.920962 0.836364 0.151203 0.290909
0 0.606529 0.838636 0.333333 0.313636
0 0.362543 0.311364 0.154639 0.250000
0 0.359107 0.102273 0.154639 0.204545
0 0.159794 0.318182 0.257732 0.227273
0 0.158076 0.113636 0.247423 0.218182
0 0.164948 0.540909 0.254296 0.236364
0 0.365979 0.550000 0.147766 0.254545
0 0.364261 0.779545 0.151203 0.277273
0 0.168385 0.756818 0.254296 0.250000
0 0.297251 0.920455 0.292096 0.159091
0 0.099656 0.913636 0.109966 0.163636
0 0.529210 0.961364 0.178694 0.077273
