0 0.206520 0.180488 0.143089 0.168022
0 0.348390 0.166938 0.143902 0.160434
0 0.487821 0.165854 0.139837 0.160434
0 0.616683 0.157724 0.142276 0.168022
0 0.739854 0.144173 0.154472 0.151762
0 0.208959 0.347425 0.154472 0.196206
0 0.355707 0.342005 0.148780 0.196206
0 0.499203 0.339295 0.144715 0.190786
0 0.639854 0.338211 0.154472 0.190786
0 0.777659 0.320867 0.176423 0.201626
0 0.195951 0.568564 0.173984 0.239566
0 0.354894 0.553388 0.165041 0.228726
0 0.509366 0.548509 0.158537 0.225474
0 0.663024 0.541463 0.176423 0.215718
0 0.809366 0.533333 0.179675 0.225474
0 0.167496 0.839566 0.206504 0.306775
0 0.346358 0.806504 0.175610 0.292683
0 0.521154 0.802710 0.175610 0.295935
0 0.685382 0.778862 0.188618 0.267751
0 0.846764 0.768022 0.189431 0.265583
0 0.773805 0.706775 0.448390 0.574526
0 0.334976 0.968564 0.437398 0.053117
