0 0.525000 0.311844 0.310000 0.179910
0 0.767000 0.607196 0.302000 0.197901
0 0.927000 0.757871 0.146000 0.193403
0 0.912000 0.889805 0.176000 0.160420
0 0.503000 0.470015 0.254000 0.157421
0 0.505000 0.609445 0.250000 0.145427
0 0.735000 0.755622 0.258000 0.134933
0 0.493000 0.738381 0.238000 0.136432
0 0.718000 0.870315 0.248000 0.124438
0 0.488000 0.856072 0.232000 0.125937
0 0.717000 0.955772 0.238000 0.088456
0 0.494000 0.952024 0.224000 0.095952
0 0.186000 0.109445 0.372000 0.218891
0 0.186000 0.311094 0.372000 0.211394
0 0.187000 0.492504 0.374000 0.202399
0 0.181000 0.654423 0.362000 0.205397
0 0.184000 0.786357 0.352000 0.229385
0 0.195000 0.901799 0.334000 0.196402
