0 0.692000 0.517333 0.196000 0.181333
0 0.487000 0.522667 0.222000 0.197333
0 0.475000 0.718667 0.218000 0.189333
0 0.685000 0.701333 0.198000 0.186667
0 0.874000 0.694667 0.180000 0.173333
0 0.877000 0.521333 0.182000 0.178667
0 0.689000 0.885333 0.202000 0.197333
0 0.877000 0.870667 0.182000 0.189333
0 0.477000 0.905333 0.222000 0.189333
0 0.242000 0.910667 0.260000 0.173333
0 0.246000 0.726667 0.264000 0.210667
0 0.250000 0.520000 0.264000 0.202667
0 0.481000 0.330667 0.218000 0.192000
0 0.251000 0.320000 0.254000 0.208000
0 0.475000 0.137333 0.222000 0.205333
0 0.232000 0.129333 0.272000 0.226667
0 0.681000 0.152000 0.198000 0.202667
0 0.869000 0.177333 0.178000 0.194667
0 0.686000 0.340000 0.200000 0.184000
0 0.870000 0.346667 0.176000 0.181333
