0 0.197344 0.170949 0.268545 0.278935
0 0.432402 0.225926 0.204172 0.231481
0 0.126144 0.397801 0.191167 0.246528
0 0.308208 0.416319 0.162557 0.221065
0 0.458736 0.426736 0.137198 0.211806
0 0.598861 0.433102 0.146952 0.203704
0 0.126795 0.649537 0.192468 0.252315
0 0.307883 0.640278 0.163207 0.226852
0 0.459062 0.632176 0.137849 0.201389
0 0.596910 0.629282 0.139149 0.202546
0 0.131021 0.875764 0.190517 0.241806
0 0.306258 0.856713 0.159956 0.245370
0 0.457761 0.844560 0.143050 0.223380
0 0.596260 0.832986 0.136548 0.209491
0 0.192468 0.990926 0.062422 0.011481
0 0.302916 0.978194 0.160138 0.036944
0 0.456929 0.966042 0.146067 0.061250
0 0.596585 0.960301 0.133297 0.068287
0 0.688267 0.362500 0.042265 0.087963
0 0.799131 0.341667 0.175562 0.115741
0 0.756216 0.466088 0.171660 0.165509
0 0.919112 0.473611 0.158032 0.152778
0 0.754266 0.622338 0.175562 0.160880
0 0.919112 0.621759 0.158032 0.157407
0 0.753615 0.766435 0.182064 0.189815
0 0.921062 0.771065 0.154130 0.168981
0 0.753615 0.900694 0.185965 0.189815
0 0.921374 0.923264 0.150853 0.142361
0 0.683391 0.961412 0.037713 0.070509
