0 0.205000 0.030781 0.262000 0.061562
0 0.596000 0.021021 0.524000 0.042042
0 0.121000 0.148649 0.242000 0.183183
0 0.371000 0.131381 0.294000 0.211712
0 0.744000 0.122372 0.456000 0.226727
0 0.164000 0.328078 0.328000 0.175676
0 0.466000 0.330330 0.292000 0.180180
0 0.769000 0.335586 0.334000 0.196697
0 0.131000 0.488739 0.262000 0.169670
0 0.388000 0.493994 0.268000 0.174174
0 0.714000 0.514264 0.388000 0.187688
0 0.185000 0.638138 0.330000 0.162162
0 0.471000 0.654655 0.246000 0.162162
0 0.742000 0.675676 0.292000 0.177177
0 0.165000 0.761261 0.218000 0.126126
0 0.391000 0.777778 0.238000 0.153153
0 0.682000 0.815315 0.352000 0.171171
0 0.206000 0.881381 0.272000 0.147147
0 0.455000 0.909159 0.222000 0.142643
0 0.690000 0.935435 0.256000 0.129129
0 0.185000 0.962462 0.198000 0.075075
0 0.388000 0.973724 0.212000 0.052553
