0 0.222885 0.194365 0.367308 0.202486
0 0.033077 0.215458 0.066154 0.207944
0 0.704192 0.194365 0.587615 0.193824
0 0.049808 0.394686 0.098077 0.174333
0 0.369038 0.392520 0.586538 0.191658
0 0.825346 0.378985 0.345308 0.188410
0 0.061923 0.557454 0.123846 0.159867
0 0.269038 0.567394 0.336538 0.175416
0 0.696923 0.551694 0.530769 0.172167
0 0.974385 0.553209 0.047231 0.177365
0 0.068654 0.707575 0.137308 0.156921
0 0.397885 0.718447 0.544231 0.174333
0 0.814231 0.702746 0.292308 0.160256
0 0.983038 0.707056 0.029923 0.160213
0 0.084038 0.870799 0.168077 0.195340
0 0.300769 0.878162 0.307692 0.162422
0 0.700769 0.852716 0.492308 0.157008
0 0.091731 0.971825 0.183462 0.046561
0 0.422885 0.953417 0.486538 0.085542
0 0.814231 0.939341 0.288462 0.111530
0 0.970538 0.852694 0.054923 0.150468
0 0.967654 0.941203 0.060692 0.113089
