0 0.281085 0.351515 0.326113 0.300606
0 0.286543 0.584242 0.300188 0.208485
0 0.291318 0.760606 0.286543 0.195152
0 0.301893 0.904394 0.269487 0.184545
0 0.328842 0.980758 0.218318 0.031818
0 0.581955 0.154545 0.308375 0.263030
0 0.577520 0.379394 0.269487 0.191515
0 0.567969 0.563030 0.255842 0.190303
0 0.562170 0.716970 0.246973 0.180606
0 0.557735 0.864848 0.235374 0.192727
0 0.551936 0.952879 0.226505 0.087576
0 0.836091 0.156970 0.296776 0.248485
0 0.831315 0.371515 0.254477 0.178182
0 0.810848 0.535758 0.247655 0.174545
0 0.792427 0.693939 0.231281 0.163636
0 0.775030 0.828485 0.216954 0.153939
0 0.767525 0.937727 0.210131 0.117879
