0 0.107942 0.143515 0.215884 0.285683
0 0.371681 0.156574 0.311594 0.259653
0 0.680377 0.156574 0.331884 0.259653
0 0.089797 0.424375 0.176812 0.280295
0 0.344145 0.422202 0.355072 0.286813
0 0.691246 0.428720 0.353623 0.286813
0 0.111536 0.695978 0.211594 0.271603
0 0.384725 0.704669 0.331884 0.280295
0 0.718783 0.695978 0.342029 0.293332
0 0.041246 0.845360 0.071014 0.263998
0 0.046000 0.951535 0.084000 0.093931
0 0.147826 0.914597 0.136348 0.167807
0 0.374580 0.914347 0.323188 0.165135
0 0.698493 0.920572 0.330435 0.155857
0 0.865884 0.344523 0.027536 0.090172
0 0.933275 0.364622 0.110145 0.063012
0 0.884000 0.423288 0.060870 0.080395
0 0.954043 0.426004 0.087913 0.066271
0 0.879652 0.491732 0.063768 0.056493
0 0.886899 0.560720 0.089855 0.090172
0 0.956217 0.519979 0.083565 0.130370
0 0.959116 0.640452 0.077768 0.158377
0 0.948493 0.794299 0.097101 0.268344
0 0.898493 0.696521 0.049275 0.183604
