0 0.599000 0.317333 0.426000 0.357333
0 0.571000 0.530667 0.374000 0.160000
0 0.561000 0.613333 0.358000 0.106667
0 0.540000 0.736000 0.384000 0.229333
0 0.533000 0.850667 0.362000 0.101333
0 0.201000 0.689333 0.350000 0.232000
0 0.203000 0.816000 0.306000 0.080000
0 0.204000 0.484000 0.376000 0.152000
0 0.206000 0.568000 0.352000 0.106667
0 0.202000 0.274667 0.404000 0.352000
0 0.874000 0.344000 0.252000 0.352000
0 0.886000 0.092000 0.228000 0.173333
0 0.603000 0.090667 0.414000 0.181333
0 0.209000 0.066667 0.418000 0.133333
0 0.874000 0.568000 0.252000 0.138667
0 0.868000 0.649333 0.264000 0.093333
0 0.858000 0.780000 0.284000 0.221333
0 0.850000 0.897333 0.300000 0.093333
