0 0.104333 0.199475 0.208667 0.100487
0 0.108115 0.299605 0.213365 0.099331
0 0.111933 0.394640 0.222912 0.098794
0 0.118138 0.483502 0.234368 0.089130
0 0.162291 0.605921 0.323628 0.187387
0 0.134129 0.747535 0.268258 0.096378
0 0.140573 0.839349 0.267780 0.088324
0 0.103000 0.920276 0.154000 0.080146
0 0.330827 0.201432 0.254637 0.104592
0 0.331830 0.303909 0.243609 0.103183
0 0.332080 0.398493 0.221053 0.092188
0 0.338596 0.481237 0.212030 0.074427
0 0.398747 0.610497 0.284211 0.182966
0 0.402757 0.750047 0.279198 0.105720
0 0.407268 0.849706 0.271178 0.098108
0 0.671930 0.792053 0.256140 0.088805
0 0.676692 0.701698 0.267669 0.099800
0 0.683459 0.602603 0.282206 0.107975
0 0.498997 0.482083 0.098747 0.076118
0 0.580204 0.202207 0.246259 0.104451
0 0.572494 0.302716 0.239627 0.098851
0 0.557110 0.396454 0.227506 0.094918
0 0.689277 0.478786 0.295105 0.142640
0 0.896186 0.479943 0.203627 0.149225
0 0.904661 0.605289 0.186678 0.103258
0 0.900593 0.705516 0.194814 0.096280
0 0.895508 0.796105 0.204983 0.088330
