0 0.133000 0.233909 0.234000 0.169545
0 0.243000 0.194662 0.026000 0.091052
0 0.316000 0.217425 0.128000 0.136578
0 0.439000 0.220565 0.130000 0.142857
0 0.705000 0.220565 0.410000 0.142857
0 0.938000 0.231554 0.088000 0.161695
0 0.129000 0.405808 0.230000 0.233909
0 0.285000 0.406593 0.210000 0.260597
0 0.440000 0.379121 0.128000 0.174254
0 0.577000 0.379906 0.142000 0.172684
0 0.707000 0.390110 0.130000 0.186813
0 0.843000 0.392465 0.150000 0.200942
0 0.946000 0.405024 0.076000 0.182104
0 0.410000 0.623234 0.448000 0.235479
0 0.500000 0.595761 0.296000 0.221350
0 0.511000 0.557300 0.282000 0.182104
0 0.041000 0.624019 0.054000 0.196232
0 0.123000 0.623234 0.150000 0.197802
0 0.114000 0.818681 0.200000 0.196232
0 0.280000 0.823391 0.140000 0.186813
0 0.419000 0.828885 0.142000 0.191523
0 0.578000 0.789639 0.168000 0.279435
0 0.055000 0.928571 0.082000 0.039246
0 0.169000 0.923862 0.138000 0.045526
0 0.764000 0.566719 0.216000 0.175824
0 0.925000 0.581633 0.114000 0.177394
0 0.701000 0.733124 0.086000 0.172684
0 0.813000 0.737049 0.138000 0.171115
0 0.925000 0.752747 0.114000 0.171115
0 0.760000 0.884615 0.188000 0.130298
0 0.912000 0.885400 0.128000 0.128728
0 0.450000 0.886185 0.428000 0.127159
