0 0.081279 0.126098 0.162558 0.241860
0 0.227674 0.126615 0.204651 0.247028
0 0.392403 0.131783 0.193023 0.259432
0 0.567209 0.137468 0.165891 0.274935
0 0.726899 0.144703 0.176744 0.281137
0 0.892682 0.143152 0.210636 0.286305
0 0.808682 0.450646 0.286047 0.355556
0 0.564884 0.436176 0.248062 0.339018
0 0.558295 0.694574 0.208527 0.235659
0 0.782713 0.729199 0.252713 0.247028
0 0.759457 0.903359 0.217054 0.186047
0 0.562171 0.898667 0.237984 0.197333
0 0.555969 0.823256 0.193023 0.077519
0 0.407132 0.707494 0.107752 0.164341
0 0.290853 0.690439 0.146512 0.165375
0 0.394729 0.542636 0.110853 0.179845
0 0.408295 0.360724 0.161240 0.204651
0 0.250930 0.351421 0.181395 0.202584
0 0.094070 0.343855 0.188140 0.197044
0 0.129612 0.521447 0.168217 0.176744
0 0.268760 0.531266 0.167442 0.181912
0 0.160233 0.675452 0.150388 0.154005
