0 0.267000 0.045333 0.142000 0.090667
0 0.416000 0.052000 0.160000 0.104000
0 0.560000 0.056000 0.172000 0.112000
0 0.691000 0.066667 0.178000 0.133333
0 0.806000 0.074667 0.188000 0.149333
0 0.105000 0.236000 0.210000 0.376000
0 0.286000 0.198667 0.168000 0.237333
0 0.449000 0.269333 0.166000 0.346667
0 0.098000 0.681333 0.196000 0.520000
0 0.148000 0.924000 0.140000 0.072000
0 0.284000 0.436000 0.184000 0.264000
0 0.279000 0.734667 0.198000 0.333333
0 0.282000 0.913333 0.140000 0.040000
0 0.470000 0.668000 0.192000 0.456000
0 0.587000 0.212000 0.154000 0.221333
0 0.722000 0.278667 0.164000 0.317333
0 0.833000 0.237333 0.146000 0.197333
0 0.607000 0.445333 0.166000 0.250667
0 0.868000 0.445333 0.160000 0.224000
0 0.632000 0.710667 0.176000 0.290667
0 0.773000 0.642667 0.186000 0.416000
0 0.911000 0.693333 0.170000 0.277333
