0 0.946000 0.156000 0.108000 0.146667
0 0.949000 0.293333 0.102000 0.138667
0 0.952000 0.428000 0.096000 0.130667
0 0.952000 0.558667 0.096000 0.130667
0 0.959000 0.688000 0.082000 0.122667
0 0.958000 0.816000 0.084000 0.122667
0 0.480000 0.058667 0.148000 0.117333
0 0.633000 0.053333 0.154000 0.106667
0 0.294000 0.066667 0.224000 0.133333
0 0.042000 0.081333 0.084000 0.120000
0 0.809000 0.162667 0.158000 0.144000
0 0.812000 0.297333 0.160000 0.136000
0 0.819000 0.429333 0.158000 0.133333
0 0.825000 0.557333 0.162000 0.133333
0 0.838000 0.686667 0.156000 0.125333
0 0.839000 0.817333 0.154000 0.130667
0 0.673000 0.810667 0.150000 0.128000
0 0.529000 0.806667 0.146000 0.125333
0 0.676000 0.685333 0.148000 0.122667
0 0.526000 0.682667 0.144000 0.117333
0 0.664000 0.560000 0.152000 0.128000
0 0.516000 0.558667 0.144000 0.125333
0 0.664000 0.433333 0.152000 0.125333
0 0.512000 0.436000 0.144000 0.125333
0 0.658000 0.304000 0.148000 0.133333
0 0.508000 0.308000 0.148000 0.136000
0 0.653000 0.172000 0.150000 0.136000
0 0.497000 0.180000 0.158000 0.136000
0 0.008000 0.204000 0.016000 0.114667
0 0.012000 0.328000 0.024000 0.117333
0 0.016000 0.449333 0.032000 0.120000
0 0.017000 0.564000 0.034000 0.120000
0 0.021000 0.681333 0.042000 0.120000
0 0.025000 0.793333 0.050000 0.120000
0 0.110000 0.200000 0.192000 0.128000
0 0.116000 0.321333 0.188000 0.125333
0 0.124000 0.441333 0.184000 0.120000
0 0.131000 0.560000 0.190000 0.117333
0 0.135000 0.674667 0.186000 0.112000
0 0.137000 0.790667 0.186000 0.114667
0 0.313000 0.184000 0.214000 0.117333
0 0.319000 0.293333 0.218000 0.112000
0 0.328000 0.398667 0.224000 0.098667
0 0.332000 0.493333 0.224000 0.096000
0 0.332000 0.592000 0.216000 0.101333
0 0.334000 0.700000 0.208000 0.104000
0 0.337000 0.801333 0.210000 0.104000
