0 0.030844 0.076840 0.057359 0.151515
0 0.080628 0.077381 0.072511 0.150433
0 0.311688 0.103355 0.406926 0.202381
0 0.732143 0.111472 0.438312 0.222944
0 0.066558 0.221861 0.133117 0.149351
0 0.036797 0.367965 0.073593 0.134199
0 0.102273 0.365260 0.085498 0.141775
0 0.016775 0.494199 0.033550 0.118268
0 0.079004 0.496212 0.158009 0.130952
0 0.052489 0.612013 0.104978 0.120130
0 0.133117 0.615801 0.080087 0.112554
0 0.252706 0.316017 0.271645 0.229437
0 0.510823 0.322511 0.248918 0.246753
0 0.758117 0.334416 0.282468 0.242424
0 0.320346 0.536255 0.357143 0.208874
0 0.677489 0.557900 0.376623 0.241342
0 0.275974 0.711039 0.225108 0.175325
0 0.496212 0.722944 0.224026 0.177489
0 0.707251 0.743506 0.232684 0.175325
0 0.326299 0.857684 0.299784 0.206710
0 0.637446 0.891234 0.329004 0.167749
