0 0.076605 0.091811 0.151912 0.176471
0 0.218779 0.075029 0.145420 0.150058
0 0.362575 0.087197 0.151262 0.162630
0 0.077579 0.287889 0.116206 0.234141
0 0.182424 0.271165 0.109065 0.235294
0 0.283049 0.259631 0.109065 0.221453
0 0.381402 0.255017 0.108416 0.232987
0 0.503450 0.239446 0.140875 0.234141
0 0.577459 0.248674 0.009738 0.104960
0 0.641080 0.230796 0.104520 0.209919
0 0.686199 0.248097 0.150613 0.186851
0 0.829995 0.235986 0.159053 0.174164
0 0.111661 0.509343 0.162299 0.247982
0 0.255134 0.491465 0.142823 0.237601
0 0.395360 0.475317 0.142823 0.237601
0 0.530392 0.458593 0.136331 0.227220
0 0.664451 0.441869 0.140875 0.230681
0 0.800132 0.428604 0.136980 0.234141
0 0.890046 0.415917 0.038952 0.185698
0 0.953667 0.406690 0.085694 0.178777
0 0.877062 0.603922 0.029863 0.190311
0 0.032460 0.722722 0.064919 0.139562
0 0.032460 0.854787 0.064919 0.145329
0 0.112960 0.731373 0.102573 0.221453
0 0.216831 0.717532 0.105170 0.226067
0 0.319079 0.702537 0.109714 0.232987
0 0.417108 0.685236 0.107117 0.228374
0 0.518707 0.677163 0.106468 0.216840
0 0.619007 0.668512 0.099327 0.231834
0 0.717685 0.654671 0.107117 0.213379
0 0.813116 0.644867 0.100625 0.200692
0 0.906600 0.718108 0.081149 0.072664
0 0.905627 0.597578 0.033758 0.177624
0 0.947175 0.557209 0.098678 0.147636
0 0.959510 0.657555 0.075307 0.062284
0 0.963080 0.707728 0.068165 0.051903
0 0.147043 0.875548 0.112311 0.103806
0 0.078553 0.850750 0.028565 0.054210
0 0.154833 0.818454 0.033109 0.024221
0 0.275259 0.902076 0.144121 0.189158
0 0.410940 0.892849 0.132436 0.205306
0 0.523576 0.801153 0.099327 0.031142
