0 0.966934 0.178808 0.066132 0.211921
0 0.965932 0.384106 0.068136 0.211921
0 0.964930 0.589404 0.070140 0.205298
0 0.965932 0.791391 0.068136 0.198675
0 0.952906 0.945364 0.094188 0.102649
0 0.863727 0.155629 0.140281 0.238411
0 0.858717 0.370861 0.150301 0.225166
0 0.858717 0.579470 0.150301 0.218543
0 0.845691 0.796358 0.176353 0.215232
0 0.831663 0.937086 0.148297 0.112583
0 0.672345 0.951987 0.174349 0.082781
0 0.672345 0.807947 0.178357 0.238411
0 0.691383 0.584437 0.188377 0.228477
0 0.699399 0.357616 0.176353 0.245033
0 0.682365 0.135762 0.222445 0.245033
0 0.505010 0.346026 0.224449 0.248344
0 0.488978 0.587748 0.220441 0.254967
0 0.473948 0.809603 0.222445 0.294702
0 0.472946 0.928808 0.220441 0.129139
0 0.314629 0.296358 0.208417 0.168874
0 0.325651 0.465232 0.134269 0.168874
0 0.283567 0.624172 0.186373 0.188742
0 0.298597 0.807947 0.140281 0.172185
0 0.264529 0.942053 0.200401 0.102649
0 0.116232 0.461921 0.232465 0.201987
0 0.148297 0.316225 0.124248 0.109272
0 0.094188 0.645695 0.188377 0.211921
0 0.114228 0.814570 0.228457 0.185430
0 0.081162 0.947020 0.162325 0.092715
0 0.492257 0.156833 0.175624 0.163757
0 0.477318 0.099037 0.190927 0.168573
0 0.604846 0.041842 0.059756 0.059001
0 0.302423 0.168272 0.154491 0.099940
