0 0.028000 0.145646 0.056000 0.129129
0 0.158000 0.150150 0.208000 0.138138
0 0.342000 0.157658 0.184000 0.135135
0 0.032000 0.252252 0.064000 0.120120
0 0.153000 0.252252 0.186000 0.072072
0 0.338000 0.253754 0.172000 0.069069
0 0.116000 0.357357 0.216000 0.144144
0 0.326000 0.357357 0.204000 0.144144
0 0.117000 0.522523 0.202000 0.186186
0 0.313000 0.521021 0.190000 0.189189
0 0.123000 0.705706 0.198000 0.198198
0 0.316000 0.696697 0.184000 0.186186
0 0.016000 0.710210 0.032000 0.195195
0 0.528000 0.174174 0.156000 0.126126
0 0.441000 0.178679 0.022000 0.087087
0 0.538000 0.261261 0.172000 0.072072
0 0.553000 0.360360 0.202000 0.138138
0 0.439000 0.262763 0.026000 0.063063
0 0.440000 0.340841 0.024000 0.093093
0 0.535000 0.506006 0.186000 0.201201
0 0.534000 0.678679 0.184000 0.180180
0 0.657000 0.450450 0.066000 0.168168
0 0.726000 0.448949 0.096000 0.171171
0 0.842000 0.439940 0.172000 0.177177
0 0.956000 0.444444 0.088000 0.168168
0 0.861000 0.614114 0.174000 0.183183
0 0.706000 0.588589 0.164000 0.114114
0 0.965000 0.611111 0.070000 0.165165
0 0.698000 0.693694 0.168000 0.060060
