0 0.064086 0.283243 0.126525 0.220541
0 0.072696 0.486486 0.140750 0.190270
0 0.073445 0.667027 0.146740 0.181622
0 0.076439 0.847027 0.152729 0.187027
0 0.076439 0.961081 0.149734 0.069189
0 0.252377 0.108108 0.278506 0.211892
0 0.257618 0.303784 0.266527 0.185946
0 0.263981 0.474595 0.270270 0.168649
0 0.262858 0.648108 0.265030 0.180541
0 0.280827 0.808649 0.263532 0.181622
0 0.270719 0.937297 0.246313 0.116757
0 0.525268 0.086486 0.267276 0.166486
0 0.524145 0.252432 0.260538 0.210811
0 0.531631 0.431351 0.257543 0.196757
0 0.595643 0.684324 0.363105 0.350270
0 0.600135 0.850973 0.366100 0.290054
0 0.795538 0.063243 0.271768 0.120000
0 0.841918 0.289189 0.310624 0.327568
0 0.840046 0.535135 0.314367 0.371892
0 0.794415 0.205946 0.274014 0.210811
0 0.672382 0.414054 0.031444 0.216216
0 0.890245 0.858541 0.209628 0.274919
0 0.963951 0.066000 0.066557 0.132000
