0 0.058000 0.082667 0.116000 0.138667
0 0.017000 0.210667 0.034000 0.112000
0 0.051000 0.188000 0.054000 0.146667
0 0.163000 0.169333 0.178000 0.189333
0 0.171000 0.040000 0.114000 0.080000
0 0.307000 0.045333 0.154000 0.090667
0 0.338000 0.180000 0.168000 0.173333
0 0.456000 0.050667 0.144000 0.101333
0 0.062000 0.353333 0.120000 0.178667
0 0.175000 0.352000 0.126000 0.176000
0 0.287000 0.353333 0.118000 0.168000
0 0.593000 0.052000 0.130000 0.104000
0 0.719000 0.053333 0.130000 0.106667
0 0.848000 0.057333 0.128000 0.104000
0 0.946000 0.025333 0.108000 0.050667
0 0.497000 0.182667 0.158000 0.178667
0 0.654000 0.188000 0.156000 0.168000
0 0.806000 0.190667 0.152000 0.162667
0 0.937000 0.194667 0.126000 0.165333
0 0.968000 0.354667 0.064000 0.154667
0 0.896000 0.352000 0.100000 0.160000
0 0.803000 0.352000 0.098000 0.160000
0 0.705000 0.350667 0.098000 0.157333
0 0.603000 0.352000 0.102000 0.160000
0 0.501000 0.353333 0.102000 0.162667
0 0.396000 0.354667 0.116000 0.170667
0 0.056000 0.521333 0.112000 0.173333
0 0.164000 0.525333 0.116000 0.165333
0 0.274000 0.520000 0.116000 0.165333
0 0.381000 0.516000 0.110000 0.162667
0 0.485000 0.514667 0.106000 0.160000
0 0.590000 0.510667 0.104000 0.157333
0 0.690000 0.505333 0.104000 0.157333
0 0.788000 0.506667 0.096000 0.149333
0 0.884000 0.505333 0.104000 0.146667
0 0.961000 0.505333 0.078000 0.146667
0 0.059000 0.689333 0.118000 0.173333
0 0.167000 0.685333 0.114000 0.160000
0 0.276000 0.682667 0.116000 0.170667
0 0.385000 0.676000 0.110000 0.162667
0 0.490000 0.672000 0.104000 0.154667
0 0.590000 0.665333 0.100000 0.152000
0 0.689000 0.661333 0.098000 0.149333
0 0.780000 0.656000 0.096000 0.149333
0 0.876000 0.656000 0.104000 0.149333
0 0.958000 0.646667 0.084000 0.141333
0 0.058000 0.849333 0.112000 0.157333
0 0.062000 0.958667 0.112000 0.077333
0 0.170000 0.958667 0.104000 0.082667
0 0.165000 0.845333 0.118000 0.165333
0 0.273000 0.838667 0.110000 0.157333
0 0.279000 0.954667 0.102000 0.090667
0 0.378000 0.828000 0.104000 0.157333
0 0.486000 0.820000 0.100000 0.152000
0 0.382000 0.949333 0.100000 0.101333
0 0.484000 0.944000 0.096000 0.112000
0 0.585000 0.813333 0.094000 0.154667
0 0.580000 0.941333 0.096000 0.117333
0 0.681000 0.805333 0.094000 0.149333
0 0.675000 0.936000 0.094000 0.128000
0 0.774000 0.800000 0.096000 0.144000
0 0.768000 0.932000 0.096000 0.136000
0 0.868000 0.792000 0.100000 0.138667
0 0.856000 0.928000 0.096000 0.144000
0 0.954000 0.786667 0.092000 0.138667
0 0.946000 0.922667 0.088000 0.133333
