0 0.700000 0.300587 0.076000 0.343109
0 0.863000 0.344575 0.266000 0.348974
0 0.869000 0.683284 0.258000 0.357771
0 0.706000 0.633431 0.076000 0.351906
0 0.877000 0.907625 0.246000 0.184751
0 0.713000 0.878299 0.086000 0.243402
0 0.631000 0.727273 0.082000 0.381232
0 0.540000 0.778592 0.108000 0.442815
0 0.627000 0.366569 0.082000 0.381232
0 0.532000 0.368035 0.120000 0.442815
0 0.423000 0.793255 0.146000 0.407625
0 0.412000 0.376833 0.144000 0.513196
0 0.267000 0.813783 0.202000 0.366569
0 0.096000 0.840176 0.192000 0.313783
0 0.246000 0.381232 0.216000 0.604106
0 0.088000 0.388563 0.176000 0.689150
0 0.078000 0.038123 0.156000 0.076246
0 0.253000 0.055718 0.190000 0.111437
0 0.414000 0.071848 0.140000 0.137830
0 0.535000 0.087977 0.110000 0.170088
0 0.647000 0.092375 0.118000 0.184751
0 0.829000 0.099707 0.250000 0.193548
0 0.597000 0.932551 0.202000 0.134897
