0 0.425000 0.075712 0.166000 0.151424
0 0.602000 0.073463 0.164000 0.146927
0 0.233000 0.236132 0.166000 0.175412
0 0.396000 0.237631 0.168000 0.175412
0 0.568000 0.235382 0.168000 0.179910
0 0.746000 0.236132 0.180000 0.178411
0 0.076000 0.403298 0.152000 0.176912
0 0.235000 0.409295 0.166000 0.173913
0 0.402000 0.410795 0.172000 0.173913
0 0.571000 0.410795 0.170000 0.173913
0 0.748000 0.413043 0.184000 0.181409
0 0.913000 0.419040 0.174000 0.181409
0 0.040000 0.573463 0.080000 0.172414
0 0.152000 0.576462 0.172000 0.166417
0 0.320000 0.577961 0.164000 0.157421
0 0.483000 0.578711 0.162000 0.155922
0 0.650000 0.573463 0.168000 0.154423
0 0.824000 0.582459 0.184000 0.160420
0 0.948000 0.593703 0.104000 0.173913
0 0.701000 0.712894 0.318000 0.151424
