0 0.076466 0.090000 0.152931 0.172000
0 0.296847 0.089947 0.328042 0.175661
0 0.615365 0.089418 0.328042 0.174603
0 0.890280 0.082540 0.215439 0.165079
0 0.885519 0.266540 0.224963 0.197079
0 0.619069 0.271958 0.312169 0.190476
0 0.620656 0.453968 0.296296 0.177778
0 0.311661 0.279365 0.317460 0.192593
0 0.090222 0.276720 0.180444 0.193651
0 0.089968 0.457672 0.176720 0.183069
0 0.321714 0.461905 0.297354 0.183069
0 0.884460 0.453074 0.227079 0.190148
0 0.882344 0.632275 0.231312 0.178836
0 0.624889 0.630159 0.285714 0.176720
0 0.621714 0.793122 0.287831 0.166138
0 0.879698 0.794709 0.236603 0.165079
0 0.342878 0.800529 0.280423 0.159788
0 0.335471 0.638095 0.293122 0.162963
0 0.102392 0.635905 0.204783 0.175810
0 0.105566 0.794000 0.211132 0.164000
