0 0.881868 0.952610 0.236264 0.094780
0 0.874542 0.857143 0.250916 0.131868
0 0.806777 0.734890 0.386447 0.151099
0 0.876374 0.611951 0.247253 0.133242
0 0.875458 0.483516 0.249084 0.129121
0 0.811355 0.358516 0.377289 0.129121
0 0.877289 0.231456 0.245421 0.127747
0 0.814103 0.108516 0.371795 0.131868
0 0.878205 0.024038 0.243590 0.048077
0 0.626374 0.946429 0.274725 0.107143
0 0.617216 0.839973 0.267399 0.133242
0 0.618132 0.480769 0.265568 0.126374
0 0.496337 0.357830 0.260073 0.119505
0 0.623626 0.234890 0.272894 0.126374
0 0.500916 0.112637 0.258242 0.126374
0 0.367216 0.236264 0.250916 0.123626
0 0.362637 0.474588 0.245421 0.122253
0 0.556777 0.598901 0.391941 0.131868
0 0.426740 0.710852 0.366300 0.135989
0 0.362637 0.826923 0.249084 0.134615
0 0.365385 0.937500 0.250916 0.122253
0 0.190476 0.588599 0.355311 0.122253
0 0.126374 0.470467 0.234432 0.114011
0 0.125458 0.698489 0.236264 0.119505
0 0.120879 0.811126 0.238095 0.125000
0 0.121795 0.926511 0.243590 0.130495
0 0.187729 0.358516 0.357143 0.120879
0 0.125458 0.241071 0.232601 0.119505
0 0.188645 0.122940 0.358974 0.135989
0 0.127289 0.036401 0.232601 0.072802
0 0.366300 0.029533 0.245421 0.059066
0 0.625458 0.025412 0.265568 0.050824
