0 0.063000 0.042000 0.126000 0.084000
0 0.244000 0.050000 0.220000 0.100000
0 0.175000 0.178000 0.346000 0.188000
0 0.515000 0.196000 0.322000 0.184000
0 0.463000 0.056000 0.210000 0.112000
0 0.676000 0.058000 0.204000 0.116000
0 0.887000 0.060000 0.198000 0.120000
0 0.992000 0.060000 0.016000 0.120000
0 0.834000 0.203000 0.312000 0.170000
0 0.994000 0.205000 0.012000 0.158000
0 0.991000 0.377000 0.018000 0.162000
0 0.884000 0.378000 0.200000 0.172000
0 0.678000 0.374000 0.212000 0.176000
0 0.465000 0.370000 0.210000 0.172000
0 0.240000 0.357000 0.216000 0.174000
0 0.065000 0.354000 0.130000 0.180000
0 0.183000 0.529000 0.342000 0.174000
0 0.512000 0.542000 0.320000 0.176000
0 0.833000 0.545000 0.318000 0.170000
0 0.063000 0.702000 0.126000 0.172000
0 0.236000 0.702000 0.220000 0.176000
0 0.457000 0.716000 0.218000 0.176000
0 0.679000 0.714000 0.210000 0.172000
0 0.889000 0.711000 0.210000 0.174000
0 0.836000 0.883000 0.328000 0.170000
0 0.506000 0.881000 0.328000 0.170000
0 0.174000 0.879000 0.344000 0.174000
