0 0.034091 0.206452 0.068182 0.058065
0 0.116883 0.198387 0.090909 0.067742
0 0.173701 0.191935 0.035714 0.054839
0 0.243506 0.179032 0.097403 0.080645
0 0.357143 0.167742 0.129870 0.083871
0 0.451299 0.172581 0.058442 0.054839
0 0.017857 0.269355 0.035714 0.067742
0 0.066558 0.269355 0.074675 0.067742
0 0.131494 0.266129 0.061688 0.074194
0 0.191558 0.264516 0.064935 0.077419
0 0.258117 0.258065 0.074675 0.090323
0 0.353896 0.253226 0.123377 0.093548
0 0.459416 0.240323 0.087662 0.100000
0 0.496753 0.174194 0.012987 0.038710
0 0.561688 0.145161 0.110390 0.090323
0 0.543831 0.243548 0.087662 0.106452
0 0.357143 0.340323 0.123377 0.093548
0 0.363636 0.424194 0.123377 0.087097
0 0.363636 0.504839 0.129870 0.087097
0 0.021104 0.338710 0.042208 0.070968
0 0.079545 0.338710 0.068182 0.070968
0 0.024351 0.406452 0.048701 0.070968
0 0.079545 0.408065 0.061688 0.067742
0 0.024351 0.475806 0.048701 0.061290
0 0.081169 0.482258 0.077922 0.074194
0 0.027597 0.540323 0.055195 0.067742
0 0.086039 0.543548 0.074675 0.067742
0 0.027597 0.596774 0.055195 0.070968
0 0.092532 0.608065 0.081169 0.067742
0 0.137987 0.343548 0.055195 0.074194
0 0.194805 0.341935 0.064935 0.077419
0 0.261364 0.340323 0.074675 0.080645
0 0.142857 0.416129 0.064935 0.077419
0 0.199675 0.417742 0.068182 0.074194
0 0.266234 0.420968 0.064935 0.074194
0 0.457792 0.340323 0.084416 0.093548
0 0.545455 0.340323 0.084416 0.093548
0 0.465909 0.433871 0.087662 0.093548
0 0.537338 0.435484 0.068182 0.090323
0 0.465909 0.517742 0.081169 0.093548
0 0.545455 0.527419 0.071429 0.093548
0 0.144481 0.490323 0.061688 0.070968
0 0.202922 0.495161 0.068182 0.080645
0 0.267857 0.500000 0.074675 0.083871
0 0.150974 0.561290 0.061688 0.077419
0 0.206169 0.569355 0.068182 0.080645
0 0.272727 0.580645 0.071429 0.077419
0 0.365260 0.582258 0.126623 0.100000
0 0.159091 0.629032 0.051948 0.064516
0 0.212662 0.635484 0.055195 0.070968
0 0.272727 0.648387 0.071429 0.070968
0 0.363636 0.656452 0.123377 0.093548
0 0.474026 0.604839 0.084416 0.093548
0 0.547078 0.616129 0.068182 0.096774
0 0.475649 0.687097 0.081169 0.096774
0 0.547078 0.701613 0.081169 0.093548
0 0.701299 0.077419 0.188312 0.154839
0 0.897727 0.069355 0.204545 0.138710
0 0.681818 0.238710 0.188312 0.187097
0 0.883117 0.232258 0.214286 0.200000
0 0.993506 0.235484 0.012987 0.206452
0 0.667208 0.429032 0.211039 0.193548
0 0.865260 0.440323 0.230519 0.216129
0 0.983766 0.445161 0.032468 0.212903
0 0.665584 0.614516 0.181818 0.183871
0 0.858766 0.637097 0.211039 0.209677
0 0.982143 0.651613 0.035714 0.200000
0 0.675325 0.782258 0.175325 0.190323
0 0.860390 0.816129 0.201299 0.200000
0 0.978896 0.840323 0.042208 0.183871
0 0.663961 0.917742 0.178571 0.164516
0 0.849026 0.938710 0.204545 0.122581
0 0.974026 0.961290 0.045455 0.077419
