0 0.112211 0.021138 0.190244 0.042276
0 0.113837 0.154472 0.226016 0.224390
0 0.317089 0.119783 0.224390 0.220054
0 0.539041 0.121409 0.217886 0.225474
0 0.767089 0.121951 0.231707 0.228726
0 0.934780 0.120000 0.126439 0.218667
0 0.134163 0.361518 0.230894 0.196206
0 0.337008 0.328997 0.212195 0.196206
0 0.541480 0.329539 0.208130 0.188618
0 0.761805 0.327371 0.216260 0.192954
0 0.926650 0.325745 0.142699 0.194038
0 0.163431 0.543631 0.209756 0.178862
0 0.350016 0.514363 0.199187 0.174526
0 0.553675 0.511111 0.186992 0.168022
0 0.750016 0.512737 0.199187 0.175610
0 0.916081 0.516000 0.163837 0.178667
0 0.187008 0.693767 0.190244 0.112737
0 0.366683 0.669377 0.185366 0.146341
0 0.551642 0.671545 0.179675 0.150678
0 0.739854 0.668293 0.186992 0.150678
0 0.907740 0.678049 0.179675 0.152846
0 0.198797 0.811382 0.189431 0.126829
0 0.373187 0.807588 0.180488 0.132249
0 0.549203 0.812466 0.173171 0.137669
0 0.729285 0.812466 0.177236 0.135501
0 0.895545 0.814634 0.179675 0.139837
0 0.040252 0.502981 0.080504 0.160434
0 0.053260 0.674797 0.106520 0.228726
