0 0.447000 0.535982 0.198000 0.205397
0 0.225000 0.564468 0.314000 0.253373
0 0.319000 0.349325 0.410000 0.206897
0 0.051000 0.683658 0.102000 0.236882
0 0.055000 0.890555 0.110000 0.218891
0 0.610000 0.465517 0.172000 0.163418
0 0.626000 0.595952 0.168000 0.166417
0 0.785000 0.563718 0.170000 0.152924
0 0.642000 0.713643 0.140000 0.152924
0 0.794000 0.678411 0.168000 0.142429
0 0.791000 0.782609 0.178000 0.164918
0 0.663000 0.842579 0.174000 0.197901
0 0.497000 0.704648 0.170000 0.209895
0 0.259000 0.757871 0.358000 0.250375
0 0.245000 0.903298 0.322000 0.193403
0 0.486000 0.869565 0.200000 0.218891
0 0.501000 0.955772 0.194000 0.085457
0 0.667000 0.937031 0.150000 0.125937
0 0.805000 0.903298 0.126000 0.166417
0 0.923000 0.845577 0.114000 0.161919
0 0.913000 0.717391 0.086000 0.145427
0 0.975000 0.720390 0.046000 0.112444
0 0.912000 0.607196 0.088000 0.119940
0 0.975000 0.619940 0.050000 0.100450
0 0.889000 0.500000 0.106000 0.127436
0 0.044000 0.452024 0.080000 0.238381
0 0.277000 0.173913 0.450000 0.242879
0 0.238000 0.079460 0.472000 0.158921
0 0.592000 0.323838 0.172000 0.152924
0 0.734000 0.323088 0.136000 0.127436
0 0.759000 0.441529 0.162000 0.142429
0 0.854000 0.396552 0.112000 0.112444
0 0.952000 0.425787 0.096000 0.107946
0 0.968000 0.520240 0.064000 0.107946
0 0.944000 0.323088 0.108000 0.106447
0 0.832000 0.284858 0.128000 0.110945
0 0.821000 0.166417 0.114000 0.131934
0 0.695000 0.193403 0.146000 0.131934
0 0.555000 0.170165 0.158000 0.151424
0 0.545000 0.052474 0.150000 0.104948
0 0.690000 0.068216 0.148000 0.130435
0 0.810000 0.056222 0.104000 0.112444
0 0.935000 0.213643 0.118000 0.112444
0 0.925000 0.105697 0.138000 0.124438
