0 0.039000 0.019000 0.078000 0.038000
0 0.132000 0.028000 0.108000 0.056000
0 0.227000 0.061000 0.070000 0.102000
0 0.347000 0.055000 0.202000 0.110000
0 0.565000 0.035000 0.166000 0.070000
0 0.543000 0.079000 0.166000 0.046000
0 0.114000 0.110000 0.228000 0.096000
0 0.043000 0.057000 0.086000 0.058000
0 0.701000 0.040000 0.134000 0.068000
0 0.754000 0.109000 0.124000 0.142000
0 0.903000 0.095000 0.194000 0.186000
0 0.901000 0.226000 0.194000 0.148000
0 0.753000 0.213000 0.106000 0.118000
0 0.849000 0.441000 0.302000 0.370000
0 0.524000 0.248000 0.356000 0.316000
0 0.186000 0.267000 0.372000 0.318000
0 0.232000 0.492000 0.344000 0.292000
0 0.538000 0.509000 0.316000 0.246000
0 0.851000 0.721000 0.298000 0.218000
0 0.545000 0.712000 0.310000 0.220000
0 0.830000 0.878000 0.280000 0.140000
0 0.555000 0.890000 0.274000 0.164000
0 0.296000 0.902000 0.280000 0.160000
0 0.255000 0.725000 0.338000 0.238000
