0 0.055931 0.151000 0.111862 0.190000
0 0.174941 0.147281 0.157920 0.196217
0 0.049075 0.341844 0.096648 0.194799
0 0.195989 0.344917 0.219048 0.199054
0 0.043499 0.541135 0.085106 0.202837
0 0.189598 0.542879 0.223168 0.205380
0 0.472709 0.540745 0.354064 0.268478
0 0.474945 0.276923 0.349890 0.265201
0 0.825044 0.071795 0.345912 0.143590
0 0.824641 0.276494 0.346718 0.263943
0 0.823579 0.550924 0.348842 0.288662
0 0.816253 0.838000 0.364506 0.296000
0 0.136354 0.921261 0.272709 0.153477
0 0.038132 0.758536 0.076264 0.229543
0 0.176081 0.747839 0.240346 0.213833
0 0.447700 0.981130 0.371400 0.033739
0 0.813000 0.983900 0.370000 0.028200
0 0.585577 0.075065 0.133067 0.150130
0 0.460231 0.818584 0.380269 0.300833
