0 0.139546 0.144845 0.274227 0.279381
0 0.147278 0.409278 0.287629 0.251546
0 0.163773 0.650515 0.287629 0.224742
0 0.188000 0.862371 0.265979 0.215464
0 0.193670 0.983021 0.236082 0.029959
0 0.418412 0.153093 0.291753 0.281443
0 0.420990 0.412371 0.268041 0.243299
0 0.423567 0.645876 0.258763 0.219588
0 0.434907 0.855670 0.246392 0.200000
0 0.430784 0.975773 0.231959 0.044330
0 0.715835 0.154639 0.292784 0.280412
0 0.698825 0.416495 0.273196 0.243299
0 0.686969 0.643299 0.255670 0.218557
0 0.681299 0.850515 0.244330 0.197938
0 0.668928 0.974258 0.225773 0.047485
0 0.918258 0.160371 0.159485 0.271258
0 0.907948 0.420485 0.180103 0.243031
0 0.901763 0.644041 0.192474 0.215918
0 0.896093 0.849227 0.203814 0.201546
0 0.890000 0.972711 0.216000 0.050577
