0 0.235000 0.206412 0.470000 0.286839
0 0.724000 0.197413 0.552000 0.307087
0 0.103000 0.379078 0.202000 0.083240
0 0.399000 0.382452 0.422000 0.087739
0 0.801000 0.375141 0.398000 0.088864
0 0.102000 0.456130 0.204000 0.070866
0 0.408000 0.460630 0.428000 0.077615
0 0.808000 0.462317 0.384000 0.094488
0 0.118000 0.520247 0.236000 0.068616
0 0.410000 0.533183 0.388000 0.076490
0 0.801000 0.546119 0.398000 0.086614
0 0.805000 0.625984 0.390000 0.106862
0 0.435000 0.597300 0.370000 0.074241
0 0.132000 0.579865 0.264000 0.068616
0 0.134000 0.634421 0.268000 0.067492
0 0.454000 0.661980 0.372000 0.086614
0 0.818000 0.690664 0.364000 0.062992
0 0.142000 0.687852 0.284000 0.068616
0 0.455000 0.722722 0.358000 0.084364
0 0.816000 0.751406 0.368000 0.096738
0 0.151000 0.741845 0.302000 0.086614
0 0.495000 0.782902 0.358000 0.087739
0 0.836000 0.816648 0.328000 0.085489
0 0.843000 0.876265 0.314000 0.092238
0 0.181000 0.798650 0.302000 0.069741
0 0.203000 0.838583 0.278000 0.061867
0 0.220000 0.877390 0.264000 0.067492
0 0.237000 0.920697 0.274000 0.086614
0 0.234000 0.959505 0.284000 0.080990
0 0.504000 0.842520 0.356000 0.087739
0 0.511000 0.882452 0.346000 0.095613
0 0.516000 0.934196 0.324000 0.091114
0 0.526000 0.967379 0.320000 0.065242
0 0.839000 0.926322 0.318000 0.079865
0 0.838000 0.965692 0.324000 0.068616
