0 0.788000 0.805333 0.216000 0.138667
0 0.943000 0.712000 0.114000 0.384000
0 0.938000 0.936000 0.124000 0.117333
0 0.436000 0.738667 0.148000 0.133333
0 0.595000 0.773333 0.174000 0.149333
0 0.481000 0.646667 0.238000 0.141333
0 0.597000 0.538667 0.190000 0.149333
0 0.743000 0.402667 0.322000 0.160000
0 0.803000 0.540000 0.226000 0.168000
0 0.452000 0.398667 0.260000 0.130667
0 0.427000 0.521333 0.150000 0.136000
0 0.412000 0.265333 0.168000 0.136000
0 0.591000 0.257333 0.194000 0.146667
0 0.807000 0.245333 0.234000 0.170667
0 0.294000 0.532000 0.120000 0.130667
0 0.295000 0.684000 0.138000 0.173333
0 0.285000 0.804000 0.186000 0.136000
0 0.484000 0.861333 0.224000 0.160000
0 0.738000 0.914667 0.284000 0.165333
0 0.750000 0.982667 0.156000 0.034667
0 0.590000 0.956000 0.168000 0.088000
0 0.433000 0.934667 0.142000 0.130667
0 0.302000 0.904000 0.128000 0.128000
0 0.190000 0.870667 0.120000 0.114667
0 0.292000 0.956000 0.176000 0.082667
0 0.137000 0.932000 0.146000 0.125333
0 0.097000 0.964000 0.090000 0.072000
0 0.169000 0.986667 0.082000 0.021333
0 0.205000 0.654667 0.182000 0.173333
0 0.119000 0.746667 0.154000 0.170667
0 0.185000 0.570667 0.106000 0.106667
0 0.947000 0.433333 0.102000 0.184000
0 0.950000 0.237333 0.100000 0.218667
0 0.748000 0.096000 0.336000 0.186667
0 0.952000 0.069333 0.092000 0.138667
0 0.792000 0.014667 0.240000 0.029333
0 0.574000 0.028000 0.192000 0.056000
0 0.449000 0.124000 0.258000 0.162667
0 0.331000 0.433333 0.042000 0.072000
0 0.319000 0.290667 0.026000 0.069333
0 0.274000 0.364000 0.100000 0.066667
0 0.268000 0.429333 0.084000 0.064000
0 0.273000 0.489333 0.090000 0.061333
0 0.191000 0.533333 0.062000 0.032000
0 0.079000 0.650667 0.062000 0.053333
0 0.086000 0.598667 0.092000 0.066667
0 0.131000 0.544000 0.070000 0.058667
0 0.070000 0.538667 0.068000 0.053333
0 0.078000 0.484000 0.100000 0.061333
0 0.175000 0.486667 0.106000 0.066667
0 0.193000 0.425333 0.074000 0.061333
0 0.121000 0.425333 0.070000 0.061333
0 0.171000 0.364000 0.110000 0.066667
0 0.266000 0.296000 0.084000 0.074667
0 0.187000 0.298667 0.082000 0.069333
0 0.117000 0.302667 0.074000 0.066667
0 0.045000 0.304000 0.074000 0.064000
0 0.058000 0.426667 0.068000 0.058667
0 0.069000 0.366667 0.102000 0.066667
0 0.115000 0.173333 0.078000 0.069333
0 0.187000 0.158667 0.078000 0.077333
0 0.269000 0.148000 0.082000 0.077333
0 0.277000 0.081333 0.094000 0.082667
0 0.175000 0.092000 0.122000 0.093333
0 0.062000 0.106667 0.112000 0.074667
0 0.038000 0.052000 0.076000 0.082667
0 0.105000 0.038667 0.078000 0.072000
0 0.177000 0.029333 0.086000 0.058667
0 0.260000 0.021333 0.092000 0.042667
0 0.394000 0.044000 0.172000 0.088000
0 0.049000 0.178667 0.078000 0.064000
0 0.169000 0.230667 0.122000 0.077333
0 0.279000 0.222667 0.102000 0.072000
0 0.061000 0.242667 0.114000 0.064000
0 0.086000 0.838667 0.100000 0.104000
0 0.750000 0.680000 0.304000 0.149333
