0 0.065882 0.243636 0.131765 0.174545
0 0.232941 0.260000 0.230588 0.138182
0 0.216471 0.146364 0.221176 0.092727
0 0.052941 0.092727 0.105882 0.130909
0 0.327059 0.380909 0.216471 0.129091
0 0.142353 0.385455 0.185882 0.116364
0 0.024706 0.383636 0.049412 0.120000
0 0.445882 0.242727 0.237647 0.150909
0 0.510588 0.375455 0.192941 0.132727
0 0.369412 0.160000 0.117647 0.083636
0 0.495294 0.180000 0.124706 0.040000
0 0.627059 0.247273 0.143529 0.094545
0 0.667059 0.298182 0.058824 0.007273
0 0.604706 0.307273 0.070588 0.025455
0 0.705882 0.331818 0.211765 0.085455
0 0.711765 0.418182 0.214118 0.116364
0 0.030588 0.503636 0.061176 0.112727
0 0.034118 0.627273 0.068235 0.130909
0 0.138824 0.503636 0.169412 0.123636
0 0.151765 0.624545 0.176471 0.132727
0 0.294118 0.498182 0.150588 0.109091
0 0.307059 0.609091 0.148235 0.120000
0 0.303529 0.720909 0.150588 0.125455
0 0.151765 0.744545 0.162353 0.136364
0 0.036471 0.757273 0.072941 0.140000
0 0.045882 0.884545 0.091765 0.150909
0 0.175294 0.860909 0.176471 0.154545
0 0.332941 0.830909 0.148235 0.149091
0 0.461176 0.783636 0.164706 0.149091
0 0.618824 0.775455 0.155294 0.100000
0 0.452941 0.662727 0.152941 0.136364
0 0.784706 0.743636 0.195294 0.130909
0 0.609412 0.698182 0.155294 0.094545
0 0.598824 0.607273 0.152941 0.120000
0 0.765882 0.632727 0.195294 0.116364
0 0.755294 0.522727 0.197647 0.110909
0 0.588235 0.500000 0.145882 0.109091
0 0.449412 0.560909 0.160000 0.085455
0 0.440000 0.482727 0.164706 0.081818
