0 0.805147 0.202273 0.389706 0.386364
0 0.488971 0.193182 0.272059 0.359091
0 0.200368 0.206818 0.319853 0.331818
0 0.172794 0.511364 0.198529 0.277273
0 0.371324 0.518182 0.227941 0.309091
0 0.606618 0.540909 0.250000 0.336364
0 0.858456 0.565909 0.283088 0.359091
0 0.856618 0.856818 0.286765 0.286364
0 0.602941 0.829545 0.227941 0.304545
0 0.384191 0.793182 0.209559 0.268182
0 0.196691 0.759091 0.187500 0.254545
0 0.257353 0.927273 0.250000 0.145455
0 0.483456 0.954545 0.209559 0.090909
0 0.678309 0.977273 0.172794 0.045455
0 0.034926 0.647727 0.069853 0.195455
0 0.075368 0.847727 0.106618 0.304545
0 0.020221 0.872727 0.040441 0.254545
