0 0.063333 0.056667 0.126667 0.113333
0 0.286667 0.056667 0.346667 0.113333
0 0.586667 0.056667 0.253333 0.113333
0 0.856667 0.053333 0.286667 0.106667
0 0.073333 0.230000 0.146667 0.220000
0 0.303333 0.233333 0.353333 0.253333
0 0.656667 0.240000 0.380000 0.266667
0 0.920000 0.246667 0.160000 0.280000
0 0.110000 0.440000 0.220000 0.213333
0 0.330000 0.460000 0.246667 0.240000
0 0.613333 0.476667 0.333333 0.273333
0 0.893333 0.503333 0.213333 0.260000
0 0.133333 0.623333 0.266667 0.206667
0 0.356667 0.653333 0.233333 0.186667
0 0.576667 0.680000 0.233333 0.200000
0 0.840000 0.716667 0.320000 0.260000
0 0.036667 0.750000 0.073333 0.126667
0 0.146667 0.776667 0.186667 0.153333
0 0.050000 0.866667 0.100000 0.133333
0 0.163333 0.890000 0.180000 0.153333
0 0.346667 0.813333 0.226667 0.186667
0 0.570000 0.853333 0.233333 0.226667
0 0.843333 0.893333 0.313333 0.213333
0 0.360000 0.930000 0.240000 0.140000
0 0.623333 0.960000 0.273333 0.080000
