0 0.099000 0.060720 0.198000 0.121439
0 0.340000 0.062219 0.296000 0.124438
0 0.748000 0.059970 0.504000 0.119940
0 0.902000 0.296102 0.196000 0.367316
0 0.532000 0.295352 0.584000 0.356822
0 0.130000 0.295352 0.260000 0.350825
0 0.132000 0.602699 0.264000 0.287856
0 0.370000 0.615442 0.256000 0.301349
0 0.754000 0.627436 0.492000 0.310345
0 0.864000 0.881559 0.268000 0.236882
0 0.528000 0.866567 0.448000 0.242879
0 0.197000 0.847826 0.222000 0.229385
0 0.056000 0.840330 0.112000 0.229385
0 0.061000 0.967766 0.122000 0.064468
0 0.211000 0.970765 0.186000 0.058471
0 0.405000 0.977511 0.198000 0.044978
0 0.616000 0.986507 0.200000 0.026987
0 0.844000 0.993253 0.212000 0.013493
