0 0.149466 0.187660 0.242151 0.214468
0 0.380483 0.186629 0.244007 0.218593
0 0.612892 0.194362 0.243079 0.209313
0 0.841127 0.214468 0.230090 0.197971
0 0.843446 0.419657 0.245862 0.224779
0 0.604079 0.411924 0.247718 0.223748
0 0.367030 0.403675 0.252357 0.217562
0 0.136477 0.399035 0.236584 0.214468
0 0.129054 0.586179 0.240295 0.159820
0 0.358216 0.616081 0.244007 0.209313
0 0.594801 0.607317 0.244007 0.183535
0 0.830921 0.620721 0.239368 0.193846
0 0.836952 0.832096 0.266273 0.253650
0 0.579956 0.815598 0.255140 0.247463
0 0.328527 0.832612 0.262562 0.244370
0 0.115323 0.797554 0.230646 0.258806
0 0.570678 0.948095 0.247718 0.036088
0 0.826282 0.952219 0.263490 0.027840
0 0.102334 0.926441 0.204669 0.052586
