0 0.137232 0.061493 0.274463 0.122987
0 0.633652 0.052709 0.732697 0.105417
0 0.126492 0.223280 0.252983 0.215227
0 0.621718 0.216691 0.751790 0.243045
0 0.114558 0.424597 0.229117 0.199122
0 0.428401 0.441435 0.403341 0.221083
0 0.124105 0.612738 0.248210 0.194729
0 0.417661 0.642020 0.353222 0.212299
0 0.122912 0.784773 0.241050 0.184480
0 0.385442 0.824305 0.360382 0.228404
0 0.103819 0.931918 0.202864 0.136164
0 0.368735 0.957540 0.331742 0.081991
0 0.682578 0.632504 0.305489 0.705710
0 0.596659 0.980966 0.305489 0.035139
0 0.899761 0.451684 0.195704 0.226940
0 0.887828 0.666911 0.224344 0.218155
0 0.867542 0.879209 0.245823 0.238653
0 0.979714 0.930454 0.035800 0.139092
