0 0.094000 0.193820 0.184000 0.126966
0 0.097000 0.304494 0.194000 0.119101
0 0.102000 0.417416 0.204000 0.113483
0 0.052000 0.524719 0.100000 0.107865
0 0.054000 0.629213 0.108000 0.114607
0 0.056000 0.735393 0.112000 0.113483
0 0.097000 0.831461 0.194000 0.121348
0 0.092000 0.929775 0.184000 0.126966
0 0.097000 0.978652 0.194000 0.040449
0 0.303000 0.957865 0.226000 0.082022
0 0.295000 0.896067 0.226000 0.126966
0 0.302000 0.802247 0.224000 0.121348
0 0.206000 0.720225 0.196000 0.116854
0 0.201000 0.623034 0.198000 0.111236
0 0.197000 0.521910 0.198000 0.102247
0 0.380000 0.516854 0.172000 0.098876
0 0.304000 0.209551 0.244000 0.126966
0 0.308000 0.314045 0.244000 0.113483
0 0.316000 0.419101 0.244000 0.110112
0 0.523000 0.420787 0.178000 0.095506
0 0.521000 0.324157 0.190000 0.102247
0 0.520000 0.227528 0.196000 0.111236
0 0.538000 0.512360 0.148000 0.094382
0 0.381000 0.610674 0.170000 0.104494
0 0.537000 0.600562 0.146000 0.095506
0 0.383000 0.700562 0.166000 0.108989
0 0.537000 0.687640 0.150000 0.096629
0 0.506000 0.778090 0.188000 0.113483
0 0.500000 0.865730 0.192000 0.108989
0 0.504000 0.946067 0.176000 0.107865
0 0.763000 0.225843 0.294000 0.116854
0 0.756000 0.322472 0.296000 0.107865
0 0.753000 0.422472 0.290000 0.098876
0 0.686000 0.520225 0.156000 0.112360
0 0.681000 0.613483 0.142000 0.119101
0 0.683000 0.704494 0.142000 0.128090
0 0.658000 0.784270 0.120000 0.128090
0 0.653000 0.876966 0.126000 0.133708
0 0.647000 0.945506 0.122000 0.108989
0 0.875000 0.533146 0.250000 0.129213
0 0.873000 0.644382 0.250000 0.135955
0 0.874000 0.749438 0.252000 0.143820
0 0.855000 0.843258 0.290000 0.169663
0 0.851000 0.929775 0.294000 0.140449
0 0.756000 0.973596 0.108000 0.052809
0 0.969000 0.992697 0.058000 0.014607
0 0.953000 0.238764 0.094000 0.102247
0 0.952000 0.330899 0.096000 0.097753
0 0.944000 0.423034 0.112000 0.093258
