0 0.213542 0.402344 0.160417 0.126562
0 0.352083 0.334375 0.120833 0.081250
0 0.333333 0.423438 0.158333 0.100000
0 0.477083 0.281250 0.166667 0.106250
0 0.488542 0.369531 0.156250 0.107813
0 0.655208 0.360938 0.168750 0.106250
0 0.791667 0.257812 0.183333 0.103125
0 0.840625 0.348438 0.197917 0.121875
0 0.834375 0.455469 0.164583 0.107813
0 0.669792 0.463281 0.172917 0.110937
0 0.509375 0.465625 0.160417 0.103125
0 0.267708 0.554688 0.331250 0.184375
0 0.159375 0.732031 0.177083 0.185938
0 0.325000 0.734375 0.183333 0.187500
0 0.515625 0.720313 0.177083 0.215625
0 0.687500 0.720313 0.179167 0.225000
0 0.675000 0.565625 0.166667 0.103125
0 0.511458 0.566406 0.160417 0.104688
0 0.847917 0.718750 0.170833 0.221875
0 0.851042 0.554688 0.172917 0.106250
