0 0.157000 0.051148 0.314000 0.102296
0 0.455000 0.073069 0.266000 0.146138
0 0.208000 0.146138 0.384000 0.192067
0 0.157000 0.276618 0.302000 0.144050
0 0.211000 0.398747 0.358000 0.129436
0 0.151000 0.501044 0.286000 0.141962
0 0.161000 0.620042 0.322000 0.100209
0 0.125000 0.724426 0.250000 0.116910
0 0.190000 0.820459 0.328000 0.125261
0 0.127000 0.920668 0.254000 0.129436
0 0.171000 0.966597 0.314000 0.066806
0 0.365000 0.878914 0.226000 0.133612
0 0.572000 0.853862 0.188000 0.112735
0 0.536000 0.936326 0.252000 0.127349
0 0.373000 0.983299 0.086000 0.029228
0 0.574000 0.977035 0.180000 0.045929
0 0.450000 0.992693 0.072000 0.010438
0 0.537000 0.775574 0.278000 0.114823
0 0.369000 0.673278 0.238000 0.177453
0 0.555000 0.604384 0.310000 0.106472
0 0.411000 0.495825 0.250000 0.152401
0 0.428000 0.303758 0.248000 0.123173
0 0.629000 0.509395 0.218000 0.104384
0 0.594000 0.415449 0.312000 0.096033
0 0.657000 0.313152 0.218000 0.108559
0 0.650000 0.203549 0.292000 0.114823
0 0.701000 0.087683 0.238000 0.150313
0 0.898000 0.130480 0.204000 0.148225
0 0.876000 0.228601 0.204000 0.131524
0 0.878000 0.325678 0.244000 0.112735
0 0.978000 0.251566 0.044000 0.098121
0 0.836000 0.417537 0.184000 0.100209
0 0.841000 0.503132 0.242000 0.091858
0 0.956000 0.423800 0.088000 0.096033
0 0.796000 0.591858 0.188000 0.089770
0 0.588000 0.689979 0.204000 0.106472
0 0.796000 0.674322 0.232000 0.087683
0 0.763000 0.758873 0.190000 0.098121
0 0.776000 0.837161 0.228000 0.104384
0 0.746000 0.909186 0.172000 0.093946
0 0.791000 0.959290 0.214000 0.081420
0 0.940000 0.582463 0.120000 0.100209
0 0.952000 0.664927 0.096000 0.073069
0 0.924000 0.734864 0.152000 0.108559
0 0.944000 0.804802 0.112000 0.068894
0 0.902000 0.862213 0.152000 0.137787
0 0.987000 0.868476 0.026000 0.070981
0 0.946000 0.935282 0.108000 0.075157
0 0.899000 0.977035 0.202000 0.045929
