0 0.887000 0.138667 0.226000 0.250667
0 0.886000 0.382667 0.228000 0.242667
0 0.882000 0.621333 0.236000 0.229333
0 0.883000 0.841333 0.234000 0.221333
0 0.650000 0.837333 0.228000 0.229333
0 0.647000 0.616000 0.226000 0.229333
0 0.650000 0.384000 0.232000 0.234667
0 0.652000 0.142667 0.244000 0.258667
0 0.414000 0.152000 0.236000 0.256000
0 0.418000 0.389333 0.232000 0.234667
0 0.414000 0.613333 0.224000 0.218667
0 0.419000 0.830667 0.222000 0.216000
0 0.182000 0.158667 0.228000 0.237333
0 0.191000 0.394667 0.226000 0.229333
0 0.196000 0.616000 0.220000 0.213333
0 0.201000 0.829333 0.218000 0.213333
0 0.036000 0.165333 0.072000 0.224000
0 0.041000 0.388000 0.082000 0.221333
0 0.046000 0.605333 0.092000 0.213333
0 0.049000 0.821333 0.098000 0.213333
0 0.234000 0.025333 0.324000 0.050667
