0 0.162143 0.156190 0.324286 0.312381
0 0.486429 0.168571 0.330000 0.337143
0 0.765714 0.169524 0.228571 0.335238
0 0.936429 0.212381 0.127143 0.268571
0 0.165000 0.549524 0.330000 0.497143
0 0.497143 0.526667 0.317143 0.401905
0 0.766429 0.495238 0.198571 0.320000
0 0.926429 0.474286 0.135714 0.259048
0 0.177857 0.856190 0.355714 0.287619
0 0.507143 0.826667 0.305714 0.346667
0 0.754286 0.780952 0.211429 0.354286
0 0.920000 0.710476 0.140000 0.281905
0 0.749286 0.931429 0.187143 0.137143
0 0.925000 0.877143 0.150000 0.245714
