0 0.089000 0.052395 0.066000 0.104790
0 0.158000 0.029940 0.084000 0.059880
0 0.098000 0.169162 0.096000 0.242515
0 0.179000 0.124251 0.066000 0.248503
0 0.251000 0.115269 0.090000 0.230539
0 0.500000 0.095808 0.416000 0.191617
0 0.775000 0.121257 0.142000 0.242515
0 0.898000 0.140719 0.104000 0.275449
0 0.499000 0.278443 0.414000 0.371257
0 0.248000 0.318862 0.096000 0.302395
0 0.170000 0.348802 0.080000 0.242515
0 0.097000 0.360778 0.090000 0.212575
0 0.073000 0.561377 0.062000 0.194611
0 0.131000 0.573353 0.070000 0.218563
0 0.201000 0.586826 0.078000 0.245509
0 0.427000 0.612275 0.374000 0.332335
0 0.692000 0.600299 0.156000 0.290419
0 0.851000 0.601796 0.178000 0.257485
0 0.859000 0.848802 0.170000 0.266467
0 0.854000 0.961078 0.184000 0.077844
0 0.698000 0.860778 0.160000 0.278443
0 0.426000 0.854790 0.384000 0.290419
0 0.194000 0.821856 0.088000 0.290419
0 0.129000 0.778443 0.070000 0.245509
0 0.070000 0.751497 0.056000 0.215569
0 0.081000 0.907186 0.086000 0.185629
0 0.195000 0.938623 0.150000 0.122754
0 0.974000 0.088323 0.052000 0.062874
0 0.975000 0.133234 0.050000 0.056886
0 0.974000 0.181138 0.048000 0.062874
0 0.972000 0.226048 0.052000 0.056886
0 0.974000 0.276946 0.048000 0.068862
0 0.975000 0.309880 0.050000 0.056886
0 0.974000 0.447605 0.052000 0.056886
0 0.975000 0.404192 0.046000 0.053892
0 0.974000 0.363772 0.048000 0.062874
0 0.776000 0.338323 0.136727 0.279804
0 0.895636 0.370441 0.106909 0.246053
