0 0.273000 0.228218 0.294000 0.079324
0 0.780000 0.227568 0.324000 0.075423
0 0.078000 0.315345 0.156000 0.092328
0 0.357000 0.310793 0.438000 0.109233
0 0.077000 0.401170 0.154000 0.089727
0 0.348000 0.417425 0.392000 0.111834
0 0.171000 0.510403 0.342000 0.131339
0 0.148000 0.634590 0.296000 0.117035
0 0.137000 0.745774 0.274000 0.113134
0 0.437000 0.743823 0.342000 0.109233
0 0.138000 0.842653 0.276000 0.088427
0 0.435000 0.840052 0.326000 0.088427
0 0.706000 0.308843 0.268000 0.092328
0 0.917000 0.300390 0.166000 0.080624
0 0.687000 0.397269 0.294000 0.089727
0 0.912000 0.388166 0.172000 0.105332
0 0.539000 0.508453 0.402000 0.135241
0 0.761000 0.485696 0.058000 0.087126
0 0.458000 0.626138 0.340000 0.133940
0 0.908000 0.479844 0.180000 0.104031
0 0.803000 0.609883 0.358000 0.163849
0 0.953000 0.572822 0.090000 0.081925
0 0.990000 0.651495 0.020000 0.075423
0 0.813000 0.740572 0.362000 0.110533
0 0.763000 0.806892 0.334000 0.157347
