0 0.254000 0.092954 0.332000 0.158921
0 0.150000 0.204648 0.300000 0.205397
0 0.374000 0.231634 0.172000 0.157421
0 0.148000 0.366567 0.296000 0.163418
0 0.377000 0.373313 0.174000 0.143928
0 0.023000 0.512744 0.046000 0.140930
0 0.169000 0.528486 0.274000 0.169415
0 0.407000 0.514993 0.222000 0.154423
0 0.026000 0.631184 0.052000 0.134933
0 0.178000 0.675412 0.264000 0.184408
0 0.078000 0.826837 0.156000 0.283358
0 0.230000 0.816342 0.164000 0.172414
0 0.405000 0.647676 0.198000 0.161919
0 0.406000 0.771364 0.196000 0.166417
0 0.536000 0.115442 0.244000 0.164918
0 0.557000 0.245127 0.206000 0.148426
0 0.557000 0.375562 0.190000 0.127436
0 0.551000 0.500000 0.078000 0.127436
0 0.548000 0.618441 0.088000 0.124438
0 0.548000 0.731634 0.088000 0.137931
0 0.681000 0.167166 0.046000 0.073463
0 0.725000 0.179160 0.050000 0.067466
0 0.701000 0.260870 0.098000 0.122939
0 0.701000 0.330585 0.098000 0.022489
0 0.710000 0.399550 0.248000 0.121439
0 0.709000 0.514243 0.250000 0.128936
0 0.631000 0.631184 0.082000 0.125937
0 0.795000 0.634183 0.250000 0.164918
0 0.883000 0.652174 0.230000 0.185907
0 0.631000 0.738381 0.086000 0.127436
0 0.721000 0.766117 0.098000 0.143928
0 0.826000 0.796102 0.116000 0.158921
0 0.940000 0.832834 0.116000 0.172414
0 0.947000 0.683658 0.102000 0.194903
0 0.795000 0.185157 0.090000 0.124438
0 0.887000 0.166417 0.106000 0.134933
0 0.968000 0.152924 0.060000 0.137931
0 0.793000 0.290105 0.094000 0.109445
0 0.885000 0.284108 0.106000 0.124438
0 0.964000 0.276612 0.068000 0.124438
0 0.881000 0.395802 0.098000 0.113943
0 0.964000 0.393553 0.072000 0.118441
0 0.881000 0.504498 0.094000 0.109445
0 0.959000 0.510495 0.078000 0.115442
