0 0.551000 0.033733 0.274000 0.067466
0 0.315000 0.022489 0.198000 0.044978
0 0.113000 0.023988 0.206000 0.047976
0 0.581000 0.102699 0.186000 0.112444
0 0.394000 0.102699 0.192000 0.118441
0 0.158000 0.101949 0.296000 0.119940
0 0.103000 0.212144 0.198000 0.112444
0 0.296000 0.214393 0.192000 0.110945
0 0.528000 0.214393 0.288000 0.110945
0 0.164000 0.322339 0.296000 0.110945
0 0.402000 0.319340 0.188000 0.110945
0 0.584000 0.317841 0.176000 0.107946
0 0.541000 0.423538 0.262000 0.106447
0 0.314000 0.428036 0.192000 0.109445
0 0.125000 0.430285 0.194000 0.110945
0 0.180000 0.535232 0.280000 0.107946
0 0.419000 0.528486 0.174000 0.103448
0 0.592000 0.526237 0.172000 0.104948
0 0.140000 0.634183 0.180000 0.095952
0 0.318000 0.631184 0.176000 0.101949
0 0.541000 0.625187 0.254000 0.101949
0 0.573000 0.718891 0.166000 0.097451
0 0.402000 0.727136 0.168000 0.101949
0 0.179000 0.730885 0.270000 0.100450
0 0.178000 0.827586 0.268000 0.098951
0 0.397000 0.823088 0.174000 0.095952
0 0.570000 0.813343 0.168000 0.097451
0 0.535000 0.906297 0.242000 0.097451
0 0.140000 0.934783 0.180000 0.127436
0 0.240000 0.934783 0.308000 0.130435
0 0.801000 0.407796 0.258000 0.119940
0 0.964000 0.416792 0.072000 0.104948
0 0.759000 0.517241 0.174000 0.098951
0 0.922000 0.516492 0.156000 0.100450
0 0.959000 0.611694 0.082000 0.095952
0 0.795000 0.614693 0.258000 0.095952
0 0.743000 0.709895 0.170000 0.097451
0 0.911000 0.707646 0.174000 0.101949
0 0.780000 0.807346 0.252000 0.103448
0 0.952000 0.801349 0.096000 0.097451
0 0.741000 0.898801 0.166000 0.094453
0 0.901000 0.892804 0.158000 0.094453
0 0.745000 0.971514 0.162000 0.056972
0 0.908000 0.967016 0.160000 0.065967
0 0.623000 0.973763 0.082000 0.052474
0 0.501000 0.976012 0.210000 0.047976
