0 0.083907 0.925645 0.167815 0.142044
0 0.301180 0.090024 0.150761 0.173966
0 0.685640 0.083942 0.624981 0.161800
0 0.214885 0.307178 0.120063 0.260341
0 0.324715 0.309002 0.125520 0.285888
0 0.455011 0.311436 0.158265 0.307786
0 0.611911 0.313869 0.173272 0.332117
0 0.848339 0.311363 0.299584 0.376058
0 0.852432 0.621071 0.291398 0.435474
0 0.622484 0.631995 0.171226 0.328467
0 0.465925 0.607664 0.158265 0.304136
0 0.338018 0.577859 0.120745 0.273723
0 0.240126 0.555961 0.102326 0.242092
0 0.238761 0.788929 0.102326 0.277372
0 0.339041 0.838200 0.124156 0.300487
0 0.458994 0.860560 0.136217 0.272214
0 0.620779 0.876521 0.182823 0.238443
0 0.853401 0.838662 0.289242 0.316010
0 0.241490 0.941460 0.094140 0.110414
0 0.344839 0.974307 0.111194 0.044720
