0 0.142682 0.030392 0.282346 0.052100
0 0.476954 0.030392 0.386197 0.054271
0 0.836377 0.027135 0.321290 0.054271
0 0.143088 0.177465 0.281535 0.246388
0 0.472897 0.186691 0.387820 0.260499
0 0.827858 0.190490 0.339951 0.272438
0 0.139088 0.420597 0.278176 0.263755
0 0.467624 0.438506 0.387009 0.269182
0 0.822179 0.454244 0.348065 0.272438
0 0.141116 0.646492 0.282232 0.263494
0 0.465595 0.680553 0.378084 0.264840
0 0.822179 0.712572 0.349687 0.268097
0 0.142333 0.826540 0.284666 0.183434
0 0.463161 0.847163 0.368348 0.137847
0 0.821854 0.864676 0.352284 0.099065
