0 0.122048 0.111640 0.242063 0.214815
0 0.404984 0.040212 0.325397 0.076190
0 0.400222 0.147090 0.334921 0.243386
0 0.393873 0.368254 0.339683 0.237037
0 0.781254 0.151450 0.433492 0.294434
0 0.116889 0.278307 0.219048 0.217989
0 0.125222 0.500000 0.197619 0.233862
0 0.392683 0.635979 0.350000 0.300529
0 0.779270 0.420635 0.437460 0.267725
0 0.782444 0.692381 0.431111 0.291429
0 0.775698 0.870243 0.444603 0.195513
0 0.269270 0.822222 0.484127 0.289947
0 0.533556 0.871958 0.038095 0.192593
0 0.107762 0.709524 0.215079 0.225397
0 0.016778 0.889333 0.033556 0.162667
