0 0.022495 0.110059 0.042509 0.218031
0 0.043129 0.329654 0.086258 0.231593
0 0.051840 0.541947 0.103679 0.222204
0 0.079366 0.732333 0.158732 0.206556
0 0.072049 0.826222 0.144098 0.083457
0 0.316223 0.840305 0.366551 0.311920
0 0.272321 0.551336 0.372125 0.291056
0 0.250718 0.194559 0.447387 0.378685
0 0.727024 0.191429 0.494077 0.378685
0 0.698105 0.565420 0.426481 0.342173
0 0.696014 0.861691 0.397213 0.269148
0 0.942129 0.566155 0.111742 0.322780
0 0.939690 0.862062 0.116620 0.269889
0 0.969655 0.195466 0.056690 0.378956
