0 0.153000 0.119190 0.126000 0.151424
0 0.307000 0.119190 0.186000 0.169415
0 0.501000 0.122189 0.234000 0.184408
0 0.733000 0.122939 0.310000 0.200900
0 0.152000 0.267616 0.124000 0.148426
0 0.296000 0.277361 0.172000 0.164918
0 0.469000 0.291604 0.214000 0.175412
0 0.675000 0.306597 0.266000 0.196402
0 0.880000 0.327586 0.240000 0.220390
0 0.136000 0.398801 0.132000 0.143928
0 0.283000 0.419040 0.170000 0.157421
0 0.447000 0.444528 0.198000 0.172414
0 0.128000 0.520240 0.124000 0.140930
0 0.261000 0.547976 0.154000 0.157421
0 0.418000 0.581709 0.188000 0.170915
0 0.127000 0.634933 0.130000 0.145427
0 0.101000 0.732384 0.130000 0.145427
0 0.263000 0.668666 0.150000 0.149925
0 0.398000 0.725637 0.196000 0.185907
0 0.231000 0.787856 0.142000 0.166417
0 0.364000 0.853073 0.172000 0.179910
0 0.633000 0.476762 0.230000 0.191904
0 0.590000 0.627436 0.224000 0.196402
0 0.565000 0.780360 0.222000 0.211394
0 0.535000 0.909295 0.214000 0.181409
0 0.854000 0.512744 0.288000 0.221889
0 0.810000 0.683658 0.308000 0.230885
0 0.786000 0.844078 0.292000 0.227886
0 0.734000 0.943028 0.252000 0.113943
