0 0.908146 0.730000 0.131716 0.166667
0 0.802426 0.731667 0.128250 0.176667
0 0.693241 0.733333 0.124783 0.173333
0 0.583189 0.735000 0.116118 0.176667
0 0.471404 0.738333 0.110919 0.176667
0 0.357886 0.743333 0.119584 0.173333
0 0.246967 0.746667 0.119584 0.180000
0 0.136915 0.756667 0.128250 0.186667
0 0.044194 0.755000 0.088388 0.170000
0 0.034662 0.916667 0.069324 0.166667
0 0.114385 0.918333 0.138648 0.163333
0 0.232236 0.916667 0.131716 0.166667
0 0.351820 0.915000 0.128250 0.170000
0 0.474870 0.910000 0.121317 0.173333
0 0.595321 0.910000 0.129983 0.173333
0 0.711438 0.910000 0.133449 0.180000
0 0.827556 0.905000 0.147314 0.190000
0 0.933276 0.905000 0.133449 0.190000
0 0.909879 0.498333 0.145581 0.296667
0 0.800693 0.496667 0.131716 0.293333
0 0.689775 0.496667 0.121317 0.300000
0 0.578856 0.500000 0.117851 0.313333
0 0.468804 0.501667 0.112652 0.310000
0 0.353553 0.501667 0.121317 0.316667
0 0.240035 0.505000 0.129983 0.323333
0 0.123917 0.511667 0.143847 0.316667
0 0.045927 0.516667 0.091854 0.313333
0 0.359619 0.270000 0.109185 0.133333
0 0.467071 0.275000 0.112652 0.143333
0 0.574523 0.275000 0.109185 0.143333
0 0.675910 0.273333 0.110919 0.146667
0 0.779896 0.278333 0.114385 0.136667
0 0.882149 0.283333 0.124783 0.146667
0 0.959272 0.283333 0.077990 0.146667
0 0.968804 0.500000 0.062392 0.286667
0 0.968804 0.725000 0.058925 0.170000
0 0.987002 0.855000 0.025997 0.090000
0 0.253033 0.280000 0.121317 0.140000
0 0.145581 0.286667 0.121317 0.140000
0 0.051127 0.296667 0.098787 0.153333
0 0.061525 0.158333 0.123050 0.130000
0 0.162045 0.153333 0.112652 0.133333
0 0.262565 0.148333 0.112652 0.136667
0 0.363085 0.145000 0.109185 0.130000
0 0.463605 0.143333 0.098787 0.133333
0 0.562392 0.143333 0.102253 0.126667
0 0.660312 0.148333 0.103986 0.136667
0 0.756499 0.151667 0.112652 0.130000
0 0.861352 0.155000 0.121317 0.123333
0 0.945407 0.153333 0.109185 0.126667
0 0.928943 0.053333 0.107452 0.100000
0 0.837955 0.046667 0.109185 0.086667
0 0.742634 0.046667 0.105719 0.086667
0 0.650780 0.041667 0.098787 0.083333
0 0.557192 0.043333 0.098787 0.080000
0 0.462738 0.040000 0.097054 0.080000
0 0.368284 0.043333 0.095321 0.086667
0 0.271231 0.046667 0.098787 0.093333
0 0.176776 0.048333 0.107452 0.090000
0 0.080589 0.051667 0.109185 0.103333
