0 0.438809 0.022130 0.185619 0.044259
0 0.444024 0.179049 0.191528 0.275212
0 0.442209 0.429314 0.179425 0.249461
0 0.257035 0.181664 0.192738 0.267567
0 0.260817 0.024745 0.170045 0.048685
0 0.269894 0.424888 0.179728 0.238195
0 0.278215 0.643569 0.176399 0.227331
0 0.445991 0.649001 0.170045 0.230952
0 0.448714 0.851185 0.163389 0.221698
0 0.292587 0.837102 0.153101 0.200776
0 0.296974 0.947499 0.152799 0.099684
0 0.446747 0.961179 0.184266 0.072324
0 0.647878 0.102048 0.232258 0.203193
0 0.640238 0.338430 0.200679 0.268667
0 0.624448 0.589938 0.185399 0.281310
0 0.620204 0.831964 0.178947 0.262345
0 0.623311 0.962177 0.166621 0.070327
0 0.809677 0.891511 0.207470 0.211660
0 0.840238 0.687019 0.246859 0.285825
0 0.861800 0.415869 0.265535 0.307951
0 0.869270 0.134559 0.256706 0.268215
0 0.079079 0.031993 0.157322 0.062873
0 0.097704 0.184873 0.157532 0.243826
0 0.118364 0.412100 0.144907 0.225129
0 0.130273 0.611282 0.134290 0.202235
0 0.151937 0.803787 0.145481 0.205669
0 0.154472 0.932711 0.135056 0.129258
0 0.049354 0.912106 0.095839 0.170468
0 0.047346 0.750557 0.094118 0.173235
0 0.041033 0.584191 0.081492 0.176287
0 0.030416 0.399318 0.060258 0.217116
0 0.020373 0.176287 0.040172 0.226655
0 0.946795 0.904549 0.101590 0.185583
0 0.979723 0.418883 0.036554 0.295213
0 0.967068 0.691863 0.061847 0.252606
