0 0.236000 0.080960 0.472000 0.161919
0 0.232000 0.275112 0.464000 0.238381
0 0.235000 0.491754 0.470000 0.221889
0 0.240000 0.697901 0.480000 0.226387
0 0.228000 0.866567 0.456000 0.203898
0 0.248000 0.960270 0.412000 0.076462
0 0.634000 0.944528 0.356000 0.107946
0 0.658000 0.817091 0.392000 0.200900
0 0.669000 0.649175 0.390000 0.197901
0 0.682000 0.475262 0.432000 0.191904
0 0.673000 0.278111 0.422000 0.199400
0 0.680000 0.096702 0.444000 0.193403
0 0.939000 0.079460 0.122000 0.158921
0 0.935000 0.269115 0.130000 0.259370
0 0.924000 0.497001 0.152000 0.244378
0 0.918000 0.714393 0.164000 0.211394
0 0.906000 0.903298 0.184000 0.190405
