0 0.205637 0.128447 0.226920 0.124812
0 0.486135 0.119762 0.335841 0.128100
0 0.206422 0.249947 0.223585 0.131511
0 0.440906 0.245142 0.247242 0.123173
0 0.734073 0.241420 0.344655 0.130374
0 0.779764 0.114456 0.256056 0.131890
0 0.206496 0.371861 0.223422 0.122525
0 0.438212 0.367850 0.242718 0.128886
0 0.730184 0.369510 0.350028 0.129992
0 0.772515 0.497064 0.256326 0.133942
0 0.520121 0.493049 0.250035 0.125912
0 0.766618 0.622334 0.259471 0.133942
0 0.519924 0.614304 0.245711 0.126233
0 0.516779 0.735237 0.241779 0.128482
0 0.760917 0.745195 0.249642 0.136833
0 0.701947 0.868056 0.350285 0.143578
0 0.705682 0.957029 0.341243 0.081907
0 0.410435 0.850871 0.233524 0.126555
0 0.416726 0.951832 0.242173 0.092713
0 0.240993 0.490319 0.311365 0.122379
0 0.238064 0.609961 0.324276 0.123574
0 0.233678 0.727974 0.326998 0.123821
0 0.181498 0.845493 0.229897 0.118631
0 0.179416 0.947791 0.234664 0.100794
