0 0.088000 0.104634 0.176000 0.209268
0 0.098000 0.302691 0.196000 0.201794
0 0.055000 0.494021 0.110000 0.189836
0 0.063000 0.664425 0.126000 0.189836
0 0.070000 0.797459 0.136000 0.216741
0 0.010000 0.763827 0.020000 0.146487
0 0.090000 0.919283 0.140000 0.158445
0 0.320000 0.946936 0.328000 0.106129
0 0.301000 0.863976 0.354000 0.245142
0 0.292000 0.697309 0.372000 0.237668
0 0.280000 0.508221 0.388000 0.242152
0 0.282000 0.301943 0.212000 0.185351
0 0.268000 0.119581 0.224000 0.206278
0 0.464000 0.305680 0.164000 0.165919
0 0.457000 0.136771 0.174000 0.195815
0 0.266000 0.020179 0.216000 0.037369
0 0.461000 0.034380 0.178000 0.068759
0 0.646000 0.043348 0.196000 0.086697
0 0.639000 0.153214 0.194000 0.171898
0 0.639000 0.309417 0.190000 0.149477
0 0.816000 0.308670 0.176000 0.136024
0 0.824000 0.171151 0.176000 0.147982
0 0.831000 0.050822 0.186000 0.101644
0 0.956000 0.049327 0.088000 0.098655
0 0.951000 0.159940 0.098000 0.143498
0 0.946000 0.289238 0.104000 0.127055
0 0.925000 0.360987 0.062000 0.016442
0 0.544000 0.482063 0.316000 0.198804
0 0.586000 0.644245 0.224000 0.197309
0 0.579000 0.790732 0.226000 0.203288
0 0.586000 0.911061 0.216000 0.174888
0 0.623000 0.973094 0.130000 0.053812
0 0.764000 0.946188 0.152000 0.104634
0 0.773000 0.859492 0.166000 0.176383
0 0.776000 0.732436 0.176000 0.179372
0 0.785000 0.603886 0.182000 0.167414
0 0.727000 0.460389 0.322000 0.173393
0 0.888000 0.443199 0.224000 0.153961
0 0.931000 0.571749 0.134000 0.142003
0 0.927000 0.695067 0.142000 0.155456
0 0.924000 0.805680 0.148000 0.158445
0 0.907000 0.910314 0.154000 0.155456
