0 0.536102 0.307696 0.483729 0.368053
0 0.541864 0.570802 0.490508 0.323709
0 0.547928 0.859592 0.495857 0.275002
0 0.883229 0.344101 0.229542 0.293217
0 0.887735 0.599810 0.220530 0.271502
0 0.893818 0.864826 0.208000 0.264535
0 0.253199 0.058217 0.279997 0.113798
0 0.485420 0.082430 0.191701 0.160905
0 0.252214 0.146117 0.282274 0.217216
0 0.487097 0.139488 0.190323 0.075800
0 0.184108 0.304540 0.152215 0.204292
0 0.130059 0.467879 0.086118 0.184009
0 0.135576 0.618314 0.050353 0.171512
0 0.098910 0.079059 0.047540 0.158118
0 0.091778 0.208196 0.046443 0.191974
0 0.093557 0.336775 0.038660 0.167076
0 0.063514 0.490698 0.051771 0.151744
0 0.092909 0.625872 0.044581 0.148837
0 0.112371 0.779515 0.075258 0.162482
0 0.054897 0.772829 0.050000 0.149110
0 0.043440 0.903488 0.041520 0.130814
0 0.098000 0.921221 0.074800 0.151744
0 0.072000 0.975436 0.108000 0.043314
0 0.056068 0.632031 0.043064 0.138480
