0 0.048000 0.108989 0.096000 0.123596
0 0.154000 0.108989 0.132000 0.125843
0 0.278000 0.107865 0.128000 0.123596
0 0.406000 0.107865 0.132000 0.121348
0 0.528000 0.108989 0.120000 0.123596
0 0.651000 0.109551 0.130000 0.122472
0 0.772000 0.108989 0.124000 0.121348
0 0.891000 0.110674 0.126000 0.120225
0 0.036000 0.247753 0.072000 0.153933
0 0.132000 0.247753 0.144000 0.153933
0 0.263000 0.247191 0.138000 0.155056
0 0.400000 0.243820 0.136000 0.157303
0 0.535000 0.244382 0.130000 0.153933
0 0.666000 0.245506 0.132000 0.151685
0 0.797000 0.244944 0.138000 0.152809
0 0.922000 0.244382 0.136000 0.151685
0 0.972000 0.130899 0.044000 0.084270
0 0.071000 0.398876 0.138000 0.150562
0 0.236000 0.396629 0.204000 0.148315
0 0.432000 0.396067 0.196000 0.149438
0 0.627000 0.393820 0.198000 0.147191
0 0.823000 0.393258 0.198000 0.143820
0 0.956000 0.393820 0.088000 0.147191
0 0.988000 0.259551 0.020000 0.121348
0 0.044000 0.544944 0.088000 0.141573
0 0.147000 0.543258 0.142000 0.142697
0 0.278000 0.542135 0.136000 0.142697
0 0.404000 0.539888 0.132000 0.142697
0 0.531000 0.539326 0.130000 0.143820
0 0.661000 0.538202 0.130000 0.146067
0 0.787000 0.535955 0.130000 0.143820
0 0.913000 0.534831 0.130000 0.139326
0 0.986000 0.535393 0.024000 0.138202
0 0.082000 0.683708 0.164000 0.142697
0 0.249000 0.680899 0.190000 0.141573
0 0.438000 0.680337 0.188000 0.138202
0 0.620000 0.675281 0.184000 0.134831
0 0.806000 0.673034 0.196000 0.137079
0 0.945000 0.670225 0.106000 0.133708
0 0.063000 0.816292 0.122000 0.129213
0 0.178000 0.815169 0.136000 0.126966
0 0.299000 0.814607 0.134000 0.128090
0 0.420000 0.811236 0.128000 0.130337
0 0.543000 0.808427 0.126000 0.131461
0 0.663000 0.806742 0.130000 0.130337
0 0.786000 0.802247 0.124000 0.125843
0 0.908000 0.799438 0.128000 0.126966
0 0.980000 0.798315 0.036000 0.122472
0 0.097000 0.938764 0.194000 0.120225
0 0.275000 0.937640 0.186000 0.120225
0 0.451000 0.934831 0.178000 0.121348
0 0.627000 0.930337 0.182000 0.128090
0 0.803000 0.925843 0.178000 0.128090
0 0.949000 0.920787 0.098000 0.124719
