0 0.939000 0.498667 0.122000 0.144000
0 0.938000 0.640000 0.124000 0.138667
0 0.936000 0.762667 0.128000 0.128000
0 0.934000 0.884000 0.132000 0.130667
0 0.817000 0.501333 0.130000 0.149333
0 0.814000 0.638667 0.128000 0.141333
0 0.811000 0.769333 0.126000 0.130667
0 0.811000 0.896000 0.122000 0.138667
0 0.680000 0.905333 0.136000 0.146667
0 0.679000 0.776000 0.138000 0.138667
0 0.679000 0.641333 0.142000 0.146667
0 0.674000 0.497333 0.160000 0.157333
0 0.527000 0.505333 0.158000 0.146667
0 0.532000 0.650667 0.156000 0.149333
0 0.535000 0.789333 0.154000 0.149333
0 0.380000 0.538667 0.148000 0.160000
0 0.387000 0.680000 0.142000 0.144000
0 0.393000 0.809333 0.138000 0.141333
0 0.538000 0.924000 0.148000 0.146667
0 0.398000 0.934667 0.132000 0.130667
0 0.270000 0.941333 0.128000 0.117333
0 0.261000 0.820000 0.130000 0.136000
0 0.253000 0.677333 0.138000 0.160000
0 0.123000 0.666667 0.174000 0.181333
0 0.151000 0.816000 0.102000 0.149333
0 0.133000 0.942667 0.146000 0.114667
0 0.057000 0.826667 0.102000 0.149333
0 0.142000 0.517333 0.136000 0.165333
0 0.034000 0.949333 0.068000 0.101333
0 0.895000 0.142667 0.122000 0.130667
0 0.890000 0.273333 0.124000 0.130667
0 0.961000 0.120000 0.078000 0.128000
0 0.974000 0.244000 0.052000 0.125333
0 0.749000 0.360000 0.078000 0.112000
0 0.771000 0.237333 0.122000 0.133333
0 0.774000 0.105333 0.124000 0.136000
0 0.665000 0.224000 0.094000 0.138667
0 0.665000 0.085333 0.094000 0.138667
0 0.572000 0.092000 0.088000 0.141333
0 0.574000 0.230667 0.088000 0.136000
0 0.481000 0.096000 0.094000 0.149333
0 0.483000 0.232000 0.094000 0.138667
0 0.489000 0.364000 0.086000 0.130667
0 0.372000 0.168000 0.124000 0.138667
0 0.380000 0.298667 0.132000 0.133333
0 0.240000 0.134667 0.128000 0.136000
0 0.250000 0.268000 0.128000 0.141333
0 0.259000 0.400000 0.126000 0.133333
0 0.099000 0.096000 0.166000 0.154667
0 0.113000 0.240000 0.158000 0.149333
0 0.021000 0.246667 0.042000 0.141333
0 0.025000 0.385333 0.050000 0.136000
0 0.134000 0.380000 0.068000 0.130667
0 0.044000 0.532000 0.088000 0.152000
0 0.024000 0.694667 0.048000 0.130667
0 0.406000 0.406667 0.052000 0.125333
0 0.818000 0.364000 0.064000 0.125333
0 0.944000 0.373333 0.052000 0.117333
0 0.973500 0.368533 0.050200 0.123200
