0 0.251000 0.181333 0.230000 0.160000
0 0.250000 0.336000 0.208000 0.149333
0 0.253000 0.478667 0.202000 0.146667
0 0.258000 0.617333 0.192000 0.130667
0 0.230000 0.790667 0.232000 0.232000
0 0.454000 0.688000 0.216000 0.154667
0 0.462000 0.529333 0.220000 0.162667
0 0.469000 0.357333 0.226000 0.197333
0 0.443000 0.825333 0.206000 0.136000
0 0.670000 0.842667 0.220000 0.144000
0 0.686000 0.700000 0.228000 0.162667
0 0.697000 0.544000 0.234000 0.170667
0 0.698000 0.377333 0.236000 0.173333
0 0.694000 0.201333 0.272000 0.189333
0 0.877000 0.842667 0.206000 0.117333
0 0.895000 0.702667 0.210000 0.184000
0 0.909000 0.200000 0.182000 0.133333
0 0.901000 0.325333 0.182000 0.122667
0 0.882000 0.444000 0.160000 0.109333
0 0.877000 0.553333 0.150000 0.114667
0 0.969000 0.588000 0.062000 0.168000
0 0.977000 0.460000 0.046000 0.141333
