0 0.180602 0.143874 0.266667 0.194717
0 0.232753 0.265031 0.323656 0.395924
0 0.349419 0.059497 0.079570 0.019472
0 0.475763 0.076805 0.162366 0.049761
0 0.685441 0.156855 0.278495 0.212025
0 0.842430 0.171459 0.087097 0.195798
0 0.546731 0.298566 0.306452 0.395924
0 0.811247 0.372125 0.272043 0.253132
0 0.196731 0.500855 0.230108 0.248805
0 0.401032 0.544125 0.206452 0.166591
0 0.600495 0.546288 0.192473 0.177409
0 0.803720 0.566301 0.237634 0.169836
0 0.248344 0.672854 0.251613 0.168754
0 0.497806 0.634993 0.238710 0.270440
0 0.735978 0.680427 0.231183 0.147119
