0 0.422747 0.046512 0.755365 0.093023
0 0.896996 0.045681 0.206009 0.091362
0 0.887339 0.159468 0.225322 0.142857
0 0.423820 0.164452 0.731760 0.139535
0 0.430258 0.296512 0.684549 0.127907
0 0.442060 0.495017 0.884120 0.285714
0 0.883047 0.294020 0.233906 0.126246
0 0.877682 0.401993 0.244635 0.083056
0 0.920601 0.626246 0.158798 0.308970
0 0.431330 0.710133 0.862661 0.157807
0 0.416309 0.848837 0.832618 0.139535
0 0.405579 0.953488 0.811159 0.093023
0 0.903433 0.847176 0.193133 0.139535
0 0.900215 0.955150 0.199571 0.089701
0 0.028970 0.191860 0.057940 0.383721
0 0.057940 0.176080 0.085837 0.348837
