0 0.073171 0.052273 0.146341 0.104545
0 0.067073 0.109091 0.134146 0.090909
0 0.067073 0.163636 0.134146 0.072727
0 0.057927 0.215909 0.115854 0.077273
0 0.057927 0.272727 0.115854 0.072727
0 0.054878 0.320455 0.109756 0.068182
0 0.182927 0.054545 0.097561 0.054545
0 0.167683 0.111364 0.079268 0.050000
0 0.173780 0.159091 0.091463 0.054545
0 0.149390 0.213636 0.079268 0.054545
0 0.167683 0.270455 0.103659 0.059091
0 0.167683 0.329545 0.103659 0.059091
0 0.262195 0.254545 0.097561 0.027273
0 0.344512 0.256818 0.067073 0.022727
0 0.411585 0.259091 0.079268 0.027273
0 0.402439 0.218182 0.097561 0.054545
0 0.310976 0.215909 0.097561 0.059091
0 0.225610 0.213636 0.073171 0.054545
0 0.268293 0.161364 0.097561 0.050000
0 0.347561 0.161364 0.073171 0.059091
0 0.414634 0.163636 0.073171 0.054545
0 0.240854 0.109091 0.067073 0.054545
0 0.323171 0.109091 0.097561 0.054545
0 0.411585 0.109091 0.103659 0.054545
0 0.274390 0.052273 0.097561 0.059091
0 0.359756 0.054545 0.073171 0.054545
0 0.426829 0.054545 0.073171 0.054545
0 0.301829 0.347727 0.176829 0.150000
0 0.487805 0.345455 0.182927 0.154545
0 0.707317 0.347727 0.280488 0.159091
0 0.923780 0.347727 0.152439 0.159091
0 0.923780 0.245455 0.042683 0.045455
0 0.972561 0.247727 0.054878 0.040909
0 0.984756 0.197727 0.030488 0.050000
0 0.942073 0.197727 0.054878 0.050000
0 0.862805 0.247727 0.091463 0.031818
0 0.780488 0.252273 0.073171 0.031818
0 0.701220 0.247727 0.085366 0.040909
0 0.612805 0.247727 0.079268 0.031818
0 0.530488 0.247727 0.085366 0.040909
0 0.542683 0.197727 0.109756 0.068182
0 0.646341 0.197727 0.097561 0.068182
0 0.753049 0.202273 0.103659 0.068182
0 0.862805 0.206818 0.115854 0.068182
0 0.868902 0.143182 0.079268 0.068182
0 0.792683 0.138636 0.085366 0.059091
0 0.707317 0.136364 0.085366 0.063636
0 0.621951 0.134091 0.085366 0.068182
0 0.536585 0.134091 0.097561 0.068182
0 0.551829 0.072727 0.103659 0.063636
0 0.652439 0.075000 0.097561 0.059091
0 0.756098 0.079545 0.109756 0.059091
0 0.862805 0.081818 0.103659 0.063636
0 0.875000 0.027273 0.079268 0.054545
0 0.795732 0.025000 0.079268 0.050000
0 0.716463 0.025000 0.091463 0.050000
0 0.625000 0.027273 0.091463 0.054545
0 0.542683 0.020455 0.085366 0.040909
0 0.320122 0.493182 0.262195 0.159091
0 0.585366 0.509091 0.280488 0.163636
0 0.820122 0.515909 0.201220 0.168182
0 0.957317 0.513636 0.085366 0.172727
0 0.923780 0.684091 0.152439 0.177273
0 0.710366 0.677273 0.274390 0.181818
0 0.475610 0.665909 0.207317 0.186364
0 0.283537 0.656818 0.201220 0.177273
0 0.314024 0.827273 0.274390 0.172727
0 0.570122 0.845455 0.286585 0.181818
0 0.814024 0.856818 0.225610 0.186364
0 0.960366 0.859091 0.079268 0.181818
0 0.920732 0.972727 0.158537 0.054545
0 0.698171 0.965909 0.274390 0.068182
0 0.469512 0.954545 0.195122 0.090909
0 0.274390 0.947727 0.207317 0.104545
0 0.106707 0.381818 0.213415 0.054545
0 0.106707 0.429545 0.213415 0.040909
0 0.042683 0.470455 0.085366 0.040909
0 0.131098 0.470455 0.103659 0.040909
0 0.036585 0.518182 0.073171 0.054545
0 0.128049 0.518182 0.109756 0.054545
0 0.125000 0.559091 0.152439 0.045455
0 0.118902 0.602273 0.140244 0.050000
0 0.143293 0.747727 0.091463 0.240909
0 0.042683 0.731818 0.085366 0.090909
0 0.051829 0.781818 0.103659 0.136364
0 0.018293 0.886364 0.036585 0.072727
0 0.106707 0.872727 0.140244 0.109091
