0 0.328479 0.054374 0.476056 0.100302
0 0.767211 0.041704 0.421127 0.077074
0 0.767465 0.183183 0.461070 0.210106
0 0.369324 0.190046 0.340845 0.198492
0 0.109310 0.195483 0.218620 0.196064
0 0.212127 0.372902 0.424254 0.179087
0 0.578479 0.380620 0.319718 0.184767
0 0.865352 0.384558 0.265296 0.196402
0 0.762535 0.560920 0.470930 0.188504
0 0.855493 0.717877 0.285014 0.162447
0 0.573549 0.702642 0.290141 0.163651
0 0.376366 0.542686 0.304225 0.154148
0 0.117761 0.527768 0.235521 0.164981
0 0.215648 0.678580 0.431296 0.154761
0 0.387634 0.820892 0.281690 0.144646
0 0.760169 0.849927 0.471831 0.160483
0 0.824958 0.954980 0.288732 0.083409
0 0.555239 0.941783 0.256338 0.107693
0 0.224254 0.929641 0.411268 0.136200
0 0.129183 0.805055 0.257746 0.136200
0 0.204380 0.973837 0.391239 0.049327
