0 0.301921 0.063748 0.441732 0.127495
0 0.220915 0.205779 0.441830 0.241056
0 0.257190 0.416458 0.514379 0.207739
0 0.059150 0.678092 0.118301 0.330227
0 0.240196 0.687891 0.267320 0.345905
0 0.504248 0.687401 0.249020 0.346885
0 0.134314 0.907634 0.268627 0.180792
0 0.396405 0.924538 0.221569 0.146985
0 0.629412 0.927722 0.236601 0.140616
0 0.864732 0.931877 0.257464 0.133247
0 0.803268 0.670008 0.385621 0.411069
0 0.753922 0.426747 0.481699 0.206759
0 0.722876 0.213619 0.549020 0.246935
0 0.757170 0.054630 0.481660 0.109259
