0 0.142732 0.391765 0.228169 0.447278
0 0.373718 0.500990 0.200000 0.342165
0 0.562099 0.391380 0.230282 0.273096
0 0.243789 0.034365 0.200704 0.068731
0 0.259282 0.217295 0.211972 0.358457
0 0.448718 0.115256 0.190845 0.230512
0 0.454352 0.270693 0.179577 0.126887
0 0.635338 0.150679 0.217606 0.297128
0 0.148670 0.606945 0.278873 0.429303
0 0.170197 0.793288 0.261972 0.244834
0 0.186394 0.936637 0.253521 0.120721
0 0.384732 0.675096 0.193465 0.184943
0 0.387118 0.803925 0.187363 0.142300
0 0.390276 0.897729 0.178152 0.126887
0 0.571251 0.562517 0.199301 0.137428
0 0.570217 0.677262 0.178834 0.119486
0 0.568106 0.773351 0.174692 0.119753
0 0.563846 0.862993 0.169292 0.104644
0 0.745549 0.437762 0.174648 0.243201
0 0.742034 0.588886 0.167594 0.111917
0 0.735476 0.671835 0.159583 0.085369
0 0.730811 0.736671 0.160462 0.081810
0 0.725870 0.798478 0.159861 0.080823
0 0.718669 0.858692 0.161733 0.065384
0 0.885507 0.387007 0.224986 0.418729
0 0.900479 0.632322 0.183099 0.126887
0 0.891995 0.733680 0.176566 0.112177
0 0.877958 0.822168 0.164733 0.098939
