0 0.225000 0.354749 0.298000 0.396648
0 0.170000 0.273743 0.252000 0.329609
0 0.128000 0.203911 0.204000 0.245810
0 0.412000 0.314246 0.224000 0.365922
0 0.324000 0.131285 0.192000 0.050279
0 0.269000 0.093575 0.142000 0.030726
0 0.543000 0.294693 0.246000 0.343575
0 0.443000 0.110335 0.198000 0.041899
0 0.378000 0.087989 0.132000 0.036313
0 0.664000 0.268156 0.240000 0.324022
0 0.544000 0.103352 0.196000 0.039106
0 0.053000 0.425978 0.042000 0.259777
0 0.073000 0.400838 0.042000 0.086592
0 0.180000 0.636872 0.228000 0.402235
0 0.201000 0.851955 0.242000 0.296089
0 0.390000 0.849162 0.156000 0.279330
0 0.359000 0.628492 0.158000 0.284916
0 0.506000 0.583799 0.144000 0.262570
0 0.528000 0.790503 0.128000 0.251397
0 0.646000 0.738827 0.116000 0.259777
0 0.763000 0.480447 0.162000 0.301676
0 0.628000 0.546089 0.128000 0.248603
0 0.748000 0.701117 0.116000 0.229050
0 0.871000 0.618715 0.134000 0.209497
0 0.853000 0.425978 0.178000 0.254190
0 0.960000 0.416201 0.080000 0.212291
0 0.959000 0.587989 0.082000 0.181564
0 0.843000 0.203911 0.298000 0.268156
0 0.637000 0.079609 0.122000 0.075419
0 0.983000 0.210894 0.034000 0.215084
0 0.872000 0.057263 0.256000 0.114525
0 0.700000 0.039106 0.108000 0.078212
0 0.612000 0.029330 0.076000 0.058659
