0 0.940000 0.540000 0.120000 0.173333
0 0.926667 0.660000 0.146667 0.160000
0 0.920000 0.756667 0.160000 0.126667
0 0.796667 0.190000 0.260000 0.153333
0 0.790000 0.323333 0.246667 0.113333
0 0.776667 0.430000 0.233333 0.100000
0 0.763333 0.530000 0.233333 0.100000
0 0.746667 0.620000 0.226667 0.093333
0 0.733333 0.703333 0.213333 0.086667
0 0.720000 0.776667 0.200000 0.073333
0 0.710000 0.843333 0.206667 0.073333
0 0.526667 0.056667 0.320000 0.113333
0 0.530000 0.186667 0.286667 0.133333
0 0.530000 0.316667 0.273333 0.113333
0 0.530000 0.436667 0.260000 0.113333
0 0.523333 0.543333 0.246667 0.100000
0 0.520000 0.630000 0.226667 0.100000
0 0.516667 0.716667 0.220000 0.100000
0 0.510000 0.796667 0.220000 0.086667
0 0.503333 0.866667 0.206667 0.093333
0 0.213333 0.173333 0.333333 0.160000
0 0.226667 0.326667 0.320000 0.133333
0 0.246667 0.446667 0.293333 0.133333
0 0.256667 0.550000 0.273333 0.113333
0 0.263333 0.656667 0.260000 0.126667
0 0.273333 0.746667 0.240000 0.120000
0 0.276667 0.830000 0.233333 0.113333
0 0.276667 0.893333 0.233333 0.106667
0 0.070000 0.633333 0.140000 0.280000
0 0.076667 0.820000 0.153333 0.173333
0 0.080000 0.920000 0.160000 0.160000
