0 0.902000 0.954667 0.196000 0.090667
0 0.930000 0.782667 0.140000 0.258667
0 0.890000 0.533333 0.220000 0.234667
0 0.916000 0.297333 0.168000 0.226667
0 0.878000 0.094667 0.236000 0.189333
0 0.643000 0.097333 0.234000 0.194667
0 0.715000 0.302667 0.234000 0.221333
0 0.667000 0.530667 0.246000 0.229333
0 0.742000 0.781333 0.244000 0.261333
0 0.676000 0.950667 0.252000 0.098667
0 0.500000 0.776000 0.244000 0.245333
0 0.426000 0.949333 0.252000 0.101333
0 0.181000 0.944000 0.250000 0.112000
0 0.034000 0.942667 0.068000 0.114667
0 0.074000 0.770667 0.148000 0.240000
0 0.258000 0.773333 0.236000 0.240000
0 0.430000 0.532000 0.228000 0.232000
0 0.199000 0.534336 0.226000 0.227328
0 0.045000 0.536000 0.090000 0.229333
0 0.076000 0.309333 0.152000 0.218667
0 0.260000 0.310667 0.228000 0.221333
0 0.195000 0.101333 0.226000 0.202667
0 0.044000 0.101333 0.088000 0.202667
0 0.419000 0.101333 0.222000 0.202667
0 0.488000 0.302667 0.228000 0.221333
