0 0.092835 0.038849 0.183703 0.071023
0 0.090103 0.216406 0.176874 0.301847
0 0.087030 0.537784 0.169362 0.330256
0 0.084681 0.855398 0.165865 0.280114
0 0.283053 0.833203 0.244427 0.324503
0 0.278245 0.514702 0.226726 0.333807
0 0.285757 0.195987 0.213068 0.285866
0 0.292586 0.027308 0.204873 0.040838
0 0.494523 0.024751 0.196269 0.049503
0 0.503264 0.193324 0.211019 0.280540
0 0.508728 0.496058 0.216483 0.332031
0 0.521361 0.828089 0.230824 0.328480
0 0.723503 0.487180 0.225361 0.321378
0 0.749454 0.820099 0.241750 0.340909
0 0.710528 0.184446 0.215800 0.280540
0 0.901511 0.194070 0.193482 0.279048
0 0.894231 0.027308 0.195312 0.044389
0 0.698918 0.022869 0.203507 0.039062
0 0.923254 0.821662 0.146826 0.347585
0 0.910279 0.491619 0.175508 0.319602
