0 0.144032 0.102484 0.285942 0.203549
0 0.061008 0.335466 0.118833 0.278018
0 0.316976 0.323763 0.401592 0.288657
0 0.401061 0.092555 0.206897 0.185109
0 0.164191 0.598945 0.328382 0.270217
0 0.079576 0.846466 0.159151 0.234755
0 0.246684 0.841856 0.192042 0.241138
0 0.169496 0.963918 0.338992 0.066817
0 0.532626 0.854267 0.391512 0.254614
0 0.426260 0.602136 0.193634 0.273763
0 0.749925 0.092276 0.459248 0.184552
0 0.636992 0.320655 0.205113 0.300350
0 0.869023 0.308994 0.218045 0.306783
0 0.755789 0.600499 0.428271 0.284267
0 0.826617 0.857022 0.199398 0.230389
0 0.741203 0.969694 0.391278 0.055265
0 0.433437 0.982215 0.185126 0.030223
