0 0.217000 0.126667 0.106000 0.200000
0 0.324000 0.133333 0.112000 0.208000
0 0.433000 0.144000 0.106000 0.197333
0 0.537000 0.148000 0.106000 0.200000
0 0.642000 0.148000 0.108000 0.194667
0 0.744000 0.153333 0.112000 0.205333
0 0.849000 0.148000 0.110000 0.216000
0 0.212000 0.341333 0.120000 0.224000
0 0.325000 0.346667 0.110000 0.213333
0 0.436000 0.352000 0.112000 0.218667
0 0.547000 0.352000 0.122000 0.213333
0 0.659000 0.352000 0.122000 0.218667
0 0.766000 0.352000 0.124000 0.218667
0 0.875000 0.354667 0.122000 0.213333
0 0.207000 0.570667 0.122000 0.240000
0 0.320000 0.573333 0.120000 0.234667
0 0.437000 0.580000 0.122000 0.242667
0 0.551000 0.578667 0.114000 0.234667
0 0.663000 0.577333 0.118000 0.237333
0 0.771000 0.581333 0.126000 0.229333
0 0.882000 0.581333 0.128000 0.229333
0 0.180000 0.825333 0.136000 0.258667
0 0.300000 0.822667 0.124000 0.253333
0 0.424000 0.840000 0.124000 0.256000
0 0.548000 0.826667 0.120000 0.261333
0 0.662000 0.824000 0.128000 0.261333
0 0.777000 0.824000 0.130000 0.261333
0 0.890000 0.824000 0.124000 0.250667
